0.46674260020916	
0.4584233365103032	
0.4579308488533134	
0.45776342266744074	
0.457688692423614	
0.4576504826037113	
0.45762902363178537	
0.457616102953227	
0.45760790055679734	
0.4576024762020319	
0.4575987725794768	
0.45759617955157617	
0.4575943278680753	
0.45759298489521416	
0.457591998959368	
0.4575912682359942	
0.45759072264744977	
0.457590312947638	
0.45759000392431565	
0.4575897700391603	
0.45758959255525333	
0.4575894575980031	
0.4575893548175616	
0.4575892764485119	
0.45758921663799484	
0.4575891709590107	
0.45758913605383617	
0.45758910937033154	
0.45758908896547223	
0.45758907335810045	
0.45758906141803407	
0.4575890522822564	
0.45758904529137895	
0.45758903994137534	
0.45758903584684363	
0.45758903271301193	
0.4575890303143817	
0.4575890284784209	
0.45758902707310717	
0.4575890259974097	
0.45758902517400674	
0.4575890245437174	
0.4575890240612477	
0.4575890236919283	
0.4575890234092215	
0.45758902319281375	
0.45758902302715665	
0.4575890229003478	
0.45758902280327785	
0.4575890227289713	
0.4575890226720904	
0.4575890226285484	
0.4575890225952181	
0.45758902256970335	
0.4575890225501723	
0.4575890225352216	
0.45758902252377714	
0.4575890225150158	
0.4575890225083096	
0.4575890225031761	
0.4575890224992465	
0.4575890224962372	
0.457589022493935	
0.4575890224921715	
0.4575890224908228	
0.45758902248979005	
0.45758902248899935	
0.45758902248839384	
0.4575890224879304	
0.4575890224875761	
0.45758902248730415	
0.45758902248709576	
0.45758902248693745	
0.4575890224868161	
0.457589022486722	
0.45758902248665084	
0.4575890224865967	
0.4575890224865549	
0.457589022486523	
0.45758902248649796	
0.4575890224864794	
0.4575890224864651	
0.45758902248645394	
0.4575890224864453	
0.4575890224864389	
0.45758902248643385	
0.45758902248643013	
0.45758902248642713	
0.45758902248642486	
0.4575890224864233	
0.45758902248642214	
0.45758902248642097	
0.4575890224864204	
0.4575890224864197	
0.4575890224864191	
0.45758902248641886	
0.4575890224864184	
0.45758902248641836	
0.4575890224864185	
0.4575890224864182	
0.4575890224864182	
0.457589022486418	
0.45758902248641814	
0.457589022486418	
0.457589022486418	
0.457589022486418	
0.45758902248641786	
0.45758902248641786	
0.45758902248641764	
0.4575890224864176	
0.45758902248641764	
0.45758902248641764	
0.4575890224864176	
0.45758902248641753	
0.4575890224864174	
0.45758902248641753	
0.4575890224864174	
0.4575890224864173	
0.45758902248641736	
0.4575890224864174	
0.45758902248641736	
0.4575890224864174	
0.45758902248641736	
0.45758902248641736	
0.4575890224864173	
0.45758902248641725	
0.4575890224864172	
0.4575890224864172	
0.4575890224864172	
0.4575890224864172	
0.4575890224864172	
0.45758902248641703	
0.457589022486417	
0.457589022486417	
0.457589022486417	
0.4575890224864169	
0.4575890224864168	
0.4575890224864168	
0.4575890224864168	
0.4575890224864168	
0.45758902248641675	
0.45758902248641675	
0.45758902248641664	
0.45758902248641664	
0.4575890224864166	
0.4575890224864166	
0.4575890224864166	
0.4575890224864166	
0.45758902248641653	
0.4575890224864165	
0.45758902248641636	
0.45758902248641636	
0.4575890224864165	
0.4575890224864165	
0.4575890224864165	
0.4575890224864165	
0.4575890224864163	
0.45758902248641636	
0.4575890224864163	
0.4575890224864163	
0.4575890224864162	
0.4575890224864162	
0.45758902248641614	
0.45758902248641614	
0.45758902248641614	
0.4575890224864161	
0.45758902248641603	
0.45758902248641603	
0.457589022486416	
0.45758902248641603	
0.45758902248641603	
0.4575890224864159	
0.4575890224864159	
0.4575890224864159	
0.4575890224864159	
0.4575890224864159	
0.45758902248641586	
0.4575890224864159	
0.45758902248641586	
0.45758902248641586	
0.45758902248641575	
0.45758902248641575	
0.4575890224864157	
0.45758902248641564	
0.45758902248641564	
0.45758902248641564	
0.4575890224864157	
0.4575890224864157	
0.4575890224864157	
0.4575890224864156	
0.4575890224864156	
0.45758902248641564	
0.45758902248641553	
0.45758902248641564	
0.45758902248641553	
0.4575890224864156	
0.45758902248641553	
0.45758902248641553	
0.45758902248641536	
0.4575890224864154	
0.4575890224864155	
0.4575890224864155	
0.4575890224864155	
0.4575890224864154	
0.4575890224864154	
0.4575890224864154	
0.45758902248641536	
0.45758902248641536	
0.45758902248641536	
0.45758902248641536	
0.45758902248641536	
0.45758902248641525	
0.45758902248641514	
0.45758902248641525	
0.45758902248641525	
0.45758902248641525	
0.45758902248641503	
0.45758902248641503	
0.45758902248641503	
0.45758902248641503	
0.45758902248641503	
0.45758902248641503	
0.45758902248641503	
0.4575890224864149	
0.4575890224864149	
0.4575890224864149	
0.457589022486415	
0.457589022486415	
0.4575890224864149	
0.4575890224864149	
0.45758902248641486	
0.45758902248641486	
0.45758902248641486	
0.45758902248641486	
0.45758902248641486	
0.45758902248641486	
0.4575890224864147	
0.4575890224864147	
0.4575890224864147	
0.45758902248641464	
0.45758902248641475	
0.45758902248641475	
0.45758902248641475	
0.45758902248641475	
0.45758902248641486	
0.45758902248641475	
0.45758902248641475	
0.45758902248641475	
0.45758902248641464	
0.45758902248641464	
0.45758902248641464	
0.4575890224864145	
0.45758902248641464	
0.45758902248641464	
0.45758902248641464	
0.4575890224864147	
0.4575890224864147	
0.4575890224864147	
0.4575890224864147	
0.4575890224864144	
0.45758902248641464	
0.45758902248641464	
0.45758902248641464	
0.45758902248641464	
0.45758902248641453	
0.4575890224864145	
0.45758902248641453	
0.45758902248641453	
0.4575890224864144	
0.4575890224864145	
0.4575890224864145	
0.45758902248641437	
0.45758902248641437	
0.45758902248641437	
0.45758902248641425	
0.45758902248641437	
0.4575890224864142	
0.45758902248641414	
0.45758902248641414	
0.4575890224864142	
0.45758902248641403	
0.45758902248641414	
0.45758902248641414	
0.45758902248641414	
0.45758902248641414	
0.45758902248641414	
0.45758902248641403	
0.4575890224864139	
0.4575890224864138	
0.4575890224864138	
0.4575890224864138	
0.4575890224864138	
0.4575890224864138	
0.4575890224864138	
0.4575890224864138	
0.4575890224864138	
0.4575890224864137	
0.45758902248641387	
0.4575890224864137	
0.45758902248641375	
0.4575890224864137	
0.45758902248641375	
0.4575890224864137	
0.45758902248641375	
0.4575890224864137	
0.45758902248641375	
0.4575890224864137	
0.4575890224864136	
0.4575890224864137	
0.45758902248641375	
0.45758902248641364	
0.4575890224864137	
0.45758902248641364	
0.4575890224864137	
0.45758902248641364	
0.4575890224864137	
0.4575890224864136	
0.4575890224864136	
0.4575890224864135	
0.4575890224864135	
0.45758902248641353	
0.45758902248641353	
0.45758902248641353	
0.45758902248641353	
0.4575890224864135	
0.4575890224864135	
0.4575890224864133	
0.45758902248641353	
0.4575890224864134	
0.4575890224864133	
0.4575890224864133	
0.4575890224864134	
0.4575890224864135	
0.4575890224864135	
0.4575890224864135	
0.4575890224864133	
0.4575890224864133	
0.4575890224864133	
0.4575890224864133	
0.4575890224864133	
0.4575890224864133	
0.4575890224864134	
0.4575890224864135	
0.4575890224864133	
0.4575890224864133	
0.4575890224864135	
0.4575890224864133	
0.4575890224864134	
0.4575890224864134	
0.4575890224864135	
0.4575890224864134	
0.4575890224864134	
0.4575890224864134	
0.4575890224864134	
0.4575890224864134	
0.4575890224864134	
0.4575890224864133	
0.4575890224864132	
0.4575890224864132	
0.4575890224864132	
0.45758902248641314	
0.4575890224864132	
0.45758902248641314	
0.4575890224864131	
0.45758902248641314	
0.45758902248641303	
0.45758902248641303	
0.4575890224864131	
0.4575890224864131	
0.457589022486413	
0.4575890224864129	
0.45758902248641303	
0.457589022486413	
0.45758902248641303	
0.457589022486413	
0.4575890224864129	
0.4575890224864129	
0.4575890224864129	
0.4575890224864129	
0.45758902248641287	
0.45758902248641287	
0.45758902248641287	
0.45758902248641287	
0.45758902248641287	
0.45758902248641287	
0.4575890224864128	
0.4575890224864127	
0.45758902248641287	
0.4575890224864128	
0.4575890224864128	
0.4575890224864127	
0.4575890224864127	
0.4575890224864127	
0.45758902248641264	
0.4575890224864126	
0.4575890224864126	
0.45758902248641264	
0.4575890224864126	
0.4575890224864126	
0.45758902248641253	
0.45758902248641253	
0.4575890224864125	
0.4575890224864126	
0.4575890224864126	
0.4575890224864125	
0.4575890224864124	
0.4575890224864123	
0.45758902248641237	
0.4575890224864123	
0.45758902248641226	
0.4575890224864123	
0.45758902248641226	
0.45758902248641226	
0.4575890224864121	
0.45758902248641203	
0.45758902248641203	
0.45758902248641203	
0.457589022486412	
0.457589022486412	
0.4575890224864119	
0.457589022486412	
0.457589022486412	
0.457589022486412	
0.457589022486412	
0.457589022486412	
0.45758902248641203	
0.45758902248641203	
0.457589022486412	
0.45758902248641187	
0.4575890224864119	
0.457589022486412	
0.45758902248641187	
0.4575890224864119	
0.45758902248641187	
0.45758902248641187	
0.4575890224864119	
0.45758902248641187	
0.45758902248641187	
0.45758902248641187	
0.45758902248641187	
0.45758902248641187	
0.45758902248641187	
0.45758902248641176	
0.45758902248641187	
0.45758902248641187	
0.4575890224864118	
0.4575890224864118	
0.4575890224864117	
0.4575890224864117	
0.4575890224864117	
0.4575890224864117	
0.45758902248641165	
0.45758902248641165	
0.4575890224864117	
0.45758902248641176	
0.4575890224864118	
0.45758902248641165	
0.45758902248641165	
0.45758902248641165	
0.45758902248641165	
0.4575890224864116	
0.4575890224864116	
0.45758902248641153	
0.45758902248641153	
0.4575890224864114	
0.4575890224864114	
0.4575890224864114	
0.45758902248641137	
0.45758902248641137	
0.45758902248641126	
0.4575890224864112	
0.45758902248641126	
0.4575890224864112	
0.45758902248641115	
0.4575890224864112	
0.45758902248641115	
0.4575890224864111	
0.45758902248641115	
0.457589022486411	
0.4575890224864109	
0.4575890224864109	
0.4575890224864108	
0.45758902248641065	
0.4575890224864108	
0.4575890224864107	
0.45758902248641065	
0.4575890224864106	
0.4575890224864106	
0.45758902248641053	
0.4575890224864106	
0.4575890224864106	
0.4575890224864105	
0.45758902248641053	
0.45758902248641053	
0.4575890224864105	
0.4575890224864105	
0.45758902248641037	
0.45758902248641037	
0.45758902248641037	
0.45758902248641037	
0.45758902248641037	
0.45758902248641037	
0.45758902248641037	
0.4575890224864102	
0.4575890224864102	
0.4575890224864101	
0.4575890224864101	
0.4575890224864101	
0.45758902248641015	
0.45758902248641015	
0.45758902248641015	
0.4575890224864102	
0.4575890224864101	
0.45758902248641004	
0.45758902248641004	
0.45758902248641004	
0.45758902248641004	
0.45758902248641004	
0.45758902248641015	
0.4575890224864101	
0.45758902248641	
0.45758902248641	
0.45758902248640987	
0.45758902248641	
0.4575890224864098	
0.4575890224864098	
0.45758902248640976	
0.45758902248640976	
0.4575890224864098	
0.45758902248640987	
0.45758902248640976	
0.45758902248640976	
0.45758902248640987	
0.4575890224864098	
0.4575890224864097	
0.4575890224864097	
0.4575890224864096	
0.4575890224864096	
0.4575890224864096	
0.4575890224864096	
0.45758902248640954	
0.4575890224864096	
0.4575890224864096	
0.4575890224864095	
0.4575890224864097	
0.4575890224864096	
0.45758902248640954	
0.45758902248640954	
0.45758902248640954	
0.45758902248640954	
0.45758902248640954	
0.4575890224864095	
0.4575890224864095	
0.4575890224864095	
0.45758902248640937	
0.4575890224864094	
0.45758902248640937	
0.4575890224864094	
0.4575890224864094	
0.4575890224864094	
0.45758902248640954	
0.45758902248640954	
0.4575890224864095	
0.4575890224864095	
0.4575890224864095	
0.4575890224864095	
0.4575890224864095	
0.4575890224864094	
0.4575890224864095	
0.4575890224864095	
0.4575890224864095	
0.4575890224864095	
0.4575890224864093	
0.4575890224864094	
0.45758902248640937	
0.45758902248640926	
0.4575890224864093	
0.45758902248640926	
0.4575890224864093	
0.4575890224864093	
0.45758902248640926	
0.45758902248640926	
0.45758902248640926	
0.45758902248640915	
0.4575890224864091	
0.4575890224864091	
0.457589022486409	
0.4575890224864089	
0.457589022486409	
0.457589022486409	
0.457589022486409	
0.457589022486409	
0.457589022486409	
0.4575890224864091	
0.457589022486409	
0.4575890224864089	
0.457589022486409	
0.4575890224864089	
0.4575890224864089	
0.4575890224864087	
0.4575890224864088	
0.4575890224864087	
0.4575890224864087	
0.45758902248640865	
0.4575890224864086	
0.45758902248640865	
0.45758902248640854	
0.45758902248640854	
0.4575890224864086	
0.45758902248640854	
0.4575890224864086	
0.45758902248640854	
0.45758902248640854	
0.4575890224864085	
0.4575890224864085	
0.45758902248640854	
0.4575890224864085	
0.45758902248640854	
0.4575890224864085	
0.4575890224864085	
0.4575890224864083	
0.4575890224864082	
0.4575890224864082	
0.4575890224864082	
0.4575890224864083	
0.4575890224864083	
0.4575890224864082	
0.4575890224864082	
0.4575890224864082	
0.45758902248640826	
0.45758902248640826	
0.4575890224864082	
0.4575890224864082	
0.45758902248640815	
0.4575890224864081	
0.45758902248640815	
0.4575890224864081	
0.45758902248640804	
0.457589022486408	
0.457589022486408	
0.457589022486408	
0.457589022486408	
0.457589022486408	
0.457589022486408	
0.457589022486408	
0.457589022486408	
0.45758902248640787	
0.457589022486408	
0.45758902248640787	
0.45758902248640787	
0.45758902248640787	
0.4575890224864077	
0.45758902248640787	
0.457589022486408	
0.457589022486408	
0.45758902248640787	
0.457589022486408	
0.45758902248640787	
0.457589022486408	
0.457589022486408	
0.457589022486408	
0.457589022486408	
0.45758902248640787	
0.45758902248640787	
0.45758902248640787	
0.457589022486408	
0.45758902248640787	
0.457589022486408	
0.45758902248640787	
0.45758902248640787	
0.45758902248640787	
0.45758902248640787	
0.4575890224864077	
0.4575890224864077	
0.4575890224864077	
0.4575890224864077	
0.4575890224864077	
0.4575890224864077	
0.4575890224864077	
0.4575890224864076	
0.45758902248640765	
0.45758902248640765	
0.4575890224864076	
0.45758902248640754	
0.45758902248640754	
0.45758902248640754	
0.4575890224864075	
0.45758902248640754	
0.4575890224864074	
0.45758902248640754	
0.45758902248640754	
0.4575890224864076	
0.4575890224864075	
0.45758902248640754	
0.45758902248640754	
0.45758902248640754	
0.45758902248640754	
0.45758902248640754	
0.45758902248640754	
0.45758902248640754	
0.45758902248640754	
0.45758902248640754	
0.4575890224864074	
0.4575890224864074	
0.4575890224864073	
0.4575890224864073	
0.4575890224864073	
0.4575890224864073	
0.45758902248640726	
0.45758902248640726	
0.45758902248640726	
0.45758902248640726	
0.45758902248640726	
0.4575890224864072	
0.4575890224864071	
0.4575890224864071	
0.4575890224864071	
0.45758902248640704	
0.45758902248640704	
0.45758902248640704	
0.457589022486407	
0.457589022486407	
0.457589022486407	
0.4575890224864069	
0.457589022486407	
0.457589022486407	
0.4575890224864071	
0.457589022486407	
0.4575890224864069	
0.4575890224864069	
0.457589022486407	
0.4575890224864069	
0.4575890224864069	
0.4575890224864069	
0.4575890224864069	
0.4575890224864069	
0.4575890224864069	
0.4575890224864069	
0.457589022486407	
0.457589022486407	
0.4575890224864069	
0.45758902248640687	
0.4575890224864068	
0.4575890224864068	
0.4575890224864068	
0.45758902248640676	
0.45758902248640687	
0.45758902248640687	
0.4575890224864068	
0.4575890224864068	
0.45758902248640687	
0.45758902248640676	
0.4575890224864068	
0.4575890224864068	
0.4575890224864068	
0.45758902248640676	
0.4575890224864067	
0.4575890224864067	
0.4575890224864067	
0.45758902248640665	
0.4575890224864066	
0.4575890224864065	
0.4575890224864064	
0.4575890224864067	
0.45758902248640665	
0.4575890224864066	
0.4575890224864067	
0.45758902248640676	
0.45758902248640676	
0.4575890224864067	
0.4575890224864068	
0.45758902248640676	
0.4575890224864067	
0.4575890224864068	
0.4575890224864067	
0.4575890224864068	
0.4575890224864067	
0.45758902248640665	
0.4575890224864066	
0.4575890224864065	
0.4575890224864066	
0.4575890224864064	
0.4575890224864064	
0.4575890224864064	
0.4575890224864066	
0.4575890224864064	
0.4575890224864063	
0.4575890224864064	
0.4575890224864064	
0.45758902248640637	
0.4575890224864063	
0.4575890224864063	
0.4575890224864063	
0.4575890224864063	
0.4575890224864063	
0.4575890224864064	
0.4575890224864064	
0.4575890224864064	
0.4575890224864062	
0.4575890224864063	
0.4575890224864063	
0.4575890224864063	
0.4575890224864063	
0.4575890224864063	
0.4575890224864062	
0.4575890224864063	
0.4575890224864063	
0.4575890224864063	
0.4575890224864063	
0.4575890224864062	
0.4575890224864062	
0.4575890224864063	
0.4575890224864063	
0.4575890224864063	
0.4575890224864063	
0.4575890224864062	
0.4575890224864062	
0.4575890224864062	
0.4575890224864061	
0.4575890224864061	
0.4575890224864061	
0.457589022486406	
0.4575890224864061	
0.457589022486406	
0.4575890224864061	
0.457589022486406	
0.457589022486406	
0.457589022486406	
0.457589022486406	
0.457589022486406	
0.457589022486406	
0.457589022486406	
0.457589022486406	
0.457589022486406	
0.457589022486406	
0.457589022486406	
0.457589022486406	
0.457589022486406	
0.457589022486406	
0.457589022486406	
0.4575890224864058	
0.4575890224864058	
0.4575890224864058	
0.4575890224864058	
0.4575890224864057	
0.4575890224864057	
0.4575890224864057	
0.4575890224864058	
0.4575890224864058	
0.4575890224864057	
0.4575890224864057	
0.4575890224864056	
0.4575890224864056	
0.4575890224864055	
0.4575890224864055	
0.4575890224864054	
0.4575890224864055	
0.4575890224864054	
0.4575890224864055	
0.4575890224864054	
0.4575890224864051	
0.4575890224864052	
0.4575890224864051	
0.4575890224864054	
0.4575890224864052	
0.4575890224864052	
0.45758902248640515	
0.45758902248640504	
0.45758902248640504	
0.4575890224864049	
0.4575890224864049	
0.4575890224864049	
0.4575890224864049	
0.45758902248640476	
0.4575890224864049	
0.45758902248640476	
0.45758902248640465	
0.45758902248640465	
0.45758902248640465	
0.45758902248640454	
0.4575890224864045	
0.45758902248640465	
0.45758902248640454	
0.4575890224864045	
0.4575890224864045	
0.4575890224864045	
0.45758902248640454	
0.4575890224864045	
0.4575890224864046	
0.45758902248640465	
0.4575890224864045	
0.45758902248640454	
0.45758902248640454	
0.45758902248640454	
0.45758902248640454	
0.4575890224864045	
0.45758902248640454	
0.45758902248640443	
0.45758902248640443	
0.4575890224864043	
0.4575890224864043	
0.4575890224864043	
0.45758902248640443	
0.4575890224864043	
0.45758902248640426	
0.4575890224864042	
0.4575890224864042	
0.4575890224864042	
0.45758902248640404	
0.45758902248640404	
0.4575890224864042	
0.45758902248640415	
0.457589022486404	
0.45758902248640404	
0.457589022486404	
0.45758902248640393	
0.45758902248640404	
0.457589022486404	
0.457589022486404	
0.45758902248640404	
0.45758902248640404	
0.45758902248640393	
0.457589022486404	
0.45758902248640393	
0.45758902248640393	
0.457589022486404	
0.4575890224864038	
0.45758902248640376	
0.4575890224864039	
0.45758902248640376	
0.45758902248640376	
0.4575890224864038	
0.4575890224864038	
0.4575890224864039	
0.45758902248640376	
0.45758902248640376	
0.4575890224864037	
0.4575890224864037	
0.45758902248640365	
0.45758902248640365	
0.45758902248640365	
0.45758902248640365	
0.45758902248640365	
0.4575890224864036	
0.4575890224864036	
0.45758902248640354	
0.4575890224864036	
0.45758902248640365	
0.45758902248640365	
0.45758902248640365	
0.4575890224864036	
0.45758902248640365	
0.4575890224864036	
0.45758902248640343	
0.45758902248640354	
0.45758902248640354	
0.45758902248640354	
0.45758902248640365	
0.45758902248640354	
0.45758902248640365	
0.45758902248640354	
0.45758902248640354	
0.45758902248640354	
0.45758902248640354	
0.45758902248640354	
0.4575890224864034	
0.45758902248640343	
0.4575890224864034	
0.4575890224864033	
0.4575890224864034	
0.4575890224864033	
0.4575890224864032	
0.4575890224864032	
0.4575890224864032	
0.4575890224864032	
0.4575890224864031	
0.45758902248640315	
0.4575890224864031	
0.45758902248640315	
0.45758902248640304	
0.4575890224864028	
0.4575890224864028	
0.4575890224864028	
0.4575890224864028	
0.457589022486403	
0.45758902248640276	
0.45758902248640293	
0.45758902248640293	
0.4575890224864028	
0.4575890224864028	
0.4575890224864028	
0.45758902248640276	
0.45758902248640276	
0.45758902248640265	
0.4575890224864028	
0.4575890224864027	
0.4575890224864027	
0.45758902248640265	
0.45758902248640265	
0.45758902248640265	
