0.47585924978305205	
0.46021464191335637	
0.458843671405411	
0.45841043365948425	
0.45822257190785814	
0.4581270941869532	
0.4580731017728481	
0.45804013914566744	
0.45801882518015374	
0.4580044202444187	
0.45799434089545604	
0.4579870896223555	
0.45798175357890736	
0.45797775280846237	
0.4579747059687731	
0.4579723549434135	
0.4579705206249333	
0.45796907600530307	
0.4579679292784583	
0.45796701294120473	
0.45796627659674943	
0.4579656821032219	
0.4579652002409405	
0.4579648083830409	
0.4579644888409301	
0.4579642276712229	
0.4579640138031046	
0.4579638383915069	
0.45796369433166156	
0.45796357589048714	
0.45796347842371893	
0.4579633981567002	
0.4579633320130146	
0.4579632774794561	
0.45796323249889187	
0.45796319538473484	
0.4579631647523067	
0.45796313946349515	
0.45796311858196087	
0.4579631013367553	
0.45796308709269484	
0.4579630753261624	
0.4579630656053221	
0.4579630575738939	
0.4579630509378452	
0.45796304545445204	
0.45796304092330575	
0.45796303717890274	
0.45796303408454836	
0.4579630315273278	
0.4579630294139589	
0.45796302766737307	
0.45796302622389506	
0.45796302503090836	
0.4579630240449347	
0.4579630232300464	
0.4579630225565516	
0.4579630219999146	
0.4579630215398563	
0.4579630211596195	
0.4579630208453533	
0.45796302058561195	
0.45796302037093395	
0.4579630201935019	
0.4579630200468534	
0.45796301992564703	
0.45796301982546916	
0.45796301974267045	
0.45796301967423686	
0.45796301961767627	
0.4579630195709281	
0.45796301953228996	
0.45796301950035584	
0.45796301947396095	
0.4579630194521457	
0.45796301943411544	
0.4579630194192129	
0.4579630194068956	
0.4579630193967152	
0.4579630193883013	
0.45796301938134715	
0.4579630193755991	
0.45796301937084904	
0.45796301936692213	
0.45796301936367684	
0.4579630193609947	
0.4579630193587779	
0.4579630193569459	
0.4579630193554309	
0.4579630193541793	
0.4579630193531449	
0.45796301935228956	
0.4579630193515829	
0.4579630193509991	
0.45796301935051575	
0.45796301935011696	
0.4579630193497869	
0.4579630193495148	
0.4579630193492893	
0.4579630193491027	
0.4579630193489496	
0.4579630193488218	
0.45796301934871625	
0.45796301934863015	
0.4579630193485581	
0.45796301934849837	
0.4579630193484498	
0.45796301934840955	
0.4579630193483754	
0.45796301934834793	
0.4579630193483251	
0.4579630193483066	
0.45796301934829026	
0.45796301934827777	
0.45796301934826705	
0.45796301934825817	
0.4579630193482513	
0.4579630193482449	
0.4579630193482402	
0.45796301934823547	
0.4579630193482324	
0.4579630193482297	
0.4579630193482269	
0.45796301934822514	
0.45796301934822353	
0.4579630193482222	
0.4579630193482212	
0.45796301934822015	
0.45796301934821954	
0.4579630193482188	
0.45796301934821826	
0.45796301934821815	
0.457963019348218	
0.4579630193482175	
0.45796301934821737	
0.4579630193482171	
0.45796301934821687	
0.45796301934821665	
0.45796301934821676	
0.4579630193482166	
0.4579630193482164	
0.45796301934821637	
0.45796301934821626	
0.4579630193482162	
0.45796301934821615	
0.4579630193482162	
0.45796301934821615	
0.4579630193482161	
0.45796301934821587	
0.457963019348216	
0.45796301934821604	
0.45796301934821604	
0.4579630193482161	
0.45796301934821615	
0.4579630193482161	
0.45796301934821615	
0.45796301934821615	
0.45796301934821604	
0.45796301934821587	
0.45796301934821604	
0.45796301934821615	
0.45796301934821615	
0.45796301934821615	
0.45796301934821604	
0.45796301934821615	
0.45796301934821604	
0.45796301934821615	
0.45796301934821615	
0.45796301934821615	
0.45796301934821615	
0.45796301934821615	
0.45796301934821615	
0.45796301934821604	
0.45796301934821615	
0.45796301934821615	
0.45796301934821604	
0.45796301934821604	
0.45796301934821615	
0.45796301934821615	
0.45796301934821615	
0.45796301934821615	
0.45796301934821604	
0.45796301934821615	
0.45796301934821615	
0.45796301934821604	
0.45796301934821604	
0.45796301934821615	
0.45796301934821615	
0.45796301934821615	
0.45796301934821615	
0.45796301934821604	
0.45796301934821615	
0.45796301934821615	
0.45796301934821604	
0.45796301934821604	
0.45796301934821615	
0.45796301934821615	
0.45796301934821615	
0.45796301934821615	
0.45796301934821604	
0.45796301934821615	
0.45796301934821615	
0.45796301934821604	
0.45796301934821604	
0.45796301934821615	
0.45796301934821615	
0.45796301934821615	
0.45796301934821615	
0.45796301934821604	
0.45796301934821615	
0.45796301934821615	
0.45796301934821604	
0.45796301934821604	
0.45796301934821615	
0.45796301934821615	
0.45796301934821615	
0.45796301934821615	
0.45796301934821604	
0.45796301934821615	
0.45796301934821615	
0.45796301934821604	
0.45796301934821604	
0.45796301934821615	
0.45796301934821615	
0.45796301934821615	
0.45796301934821615	
0.45796301934821604	
0.45796301934821615	
0.45796301934821615	
0.45796301934821604	
0.45796301934821604	
0.45796301934821615	
0.45796301934821615	
0.45796301934821615	
0.45796301934821615	
0.45796301934821604	
0.45796301934821615	
0.45796301934821615	
0.45796301934821604	
0.45796301934821604	
0.45796301934821615	
0.45796301934821615	
0.45796301934821615	
0.45796301934821615	
0.45796301934821604	
0.45796301934821615	
0.45796301934821615	
0.45796301934821604	
0.45796301934821604	
0.45796301934821615	
0.45796301934821615	
0.45796301934821615	
0.45796301934821615	
0.45796301934821604	
0.45796301934821615	
0.45796301934821615	
0.45796301934821604	
0.45796301934821604	
0.45796301934821615	
0.45796301934821615	
0.45796301934821615	
0.45796301934821615	
0.45796301934821604	
0.45796301934821615	
0.45796301934821615	
0.45796301934821604	
0.45796301934821604	
0.45796301934821615	
0.45796301934821615	
0.45796301934821615	
0.45796301934821615	
0.45796301934821604	
0.45796301934821615	
0.45796301934821615	
0.45796301934821604	
0.45796301934821604	
0.45796301934821615	
0.45796301934821615	
0.45796301934821615	
0.45796301934821615	
0.45796301934821604	
0.45796301934821615	
0.45796301934821615	
0.45796301934821604	
0.45796301934821604	
0.45796301934821615	
0.45796301934821615	
0.45796301934821615	
0.45796301934821615	
0.45796301934821604	
0.45796301934821615	
0.45796301934821615	
0.45796301934821604	
0.45796301934821604	
0.45796301934821615	
0.45796301934821615	
0.45796301934821615	
0.45796301934821615	
0.45796301934821604	
0.45796301934821615	
0.45796301934821615	
0.45796301934821604	
0.45796301934821604	
0.45796301934821615	
0.45796301934821615	
0.45796301934821615	
0.45796301934821615	
0.45796301934821604	
0.45796301934821615	
0.45796301934821615	
0.45796301934821604	
0.45796301934821604	
0.45796301934821615	
0.45796301934821615	
0.45796301934821615	
0.45796301934821615	
0.45796301934821604	
0.45796301934821615	
0.45796301934821615	
0.45796301934821604	
0.45796301934821604	
0.45796301934821615	
0.45796301934821615	
0.45796301934821615	
0.45796301934821615	
0.45796301934821604	
0.45796301934821615	
0.45796301934821615	
0.45796301934821604	
0.45796301934821604	
0.45796301934821615	
0.45796301934821615	
0.45796301934821615	
0.45796301934821615	
0.45796301934821604	
0.45796301934821615	
0.45796301934821615	
0.45796301934821604	
0.45796301934821604	
0.45796301934821615	
0.45796301934821615	
0.45796301934821615	
0.45796301934821615	
0.45796301934821604	
0.45796301934821615	
0.45796301934821615	
0.45796301934821604	
0.45796301934821604	
0.45796301934821615	
0.45796301934821615	
0.45796301934821615	
0.45796301934821615	
0.45796301934821604	
0.45796301934821615	
0.45796301934821615	
0.45796301934821604	
0.45796301934821604	
0.45796301934821615	
0.45796301934821615	
0.45796301934821615	
0.45796301934821615	
0.45796301934821604	
0.45796301934821615	
0.45796301934821615	
0.45796301934821604	
0.45796301934821604	
0.45796301934821615	
0.45796301934821615	
0.45796301934821615	
0.45796301934821615	
0.45796301934821604	
0.45796301934821615	
0.45796301934821615	
0.45796301934821604	
0.45796301934821604	
0.45796301934821615	
0.45796301934821615	
0.45796301934821615	
0.45796301934821615	
0.45796301934821604	
0.45796301934821615	
0.45796301934821615	
0.45796301934821604	
0.45796301934821604	
0.45796301934821615	
0.45796301934821615	
0.45796301934821615	
0.45796301934821615	
0.45796301934821604	
0.45796301934821615	
0.45796301934821615	
0.45796301934821604	
0.45796301934821604	
0.45796301934821615	
0.45796301934821615	
0.45796301934821615	
0.45796301934821615	
0.45796301934821604	
0.45796301934821615	
0.45796301934821615	
0.45796301934821604	
0.45796301934821604	
0.45796301934821615	
0.45796301934821615	
0.45796301934821615	
0.45796301934821615	
0.45796301934821604	
0.45796301934821615	
0.45796301934821615	
0.45796301934821604	
0.45796301934821604	
0.45796301934821615	
0.45796301934821615	
0.45796301934821615	
0.45796301934821615	
0.45796301934821604	
0.45796301934821615	
0.45796301934821615	
0.45796301934821604	
0.45796301934821604	
0.45796301934821615	
0.45796301934821615	
0.45796301934821615	
0.45796301934821615	
0.45796301934821604	
0.45796301934821615	
0.45796301934821615	
0.45796301934821604	
0.45796301934821604	
0.45796301934821615	
0.45796301934821615	
0.45796301934821615	
0.45796301934821615	
0.45796301934821604	
0.45796301934821615	
0.45796301934821615	
0.45796301934821604	
0.45796301934821604	
0.45796301934821615	
0.45796301934821615	
0.45796301934821615	
0.45796301934821615	
0.45796301934821604	
0.45796301934821615	
0.45796301934821615	
0.45796301934821604	
0.45796301934821604	
0.45796301934821615	
0.45796301934821615	
0.45796301934821615	
0.45796301934821615	
0.45796301934821604	
0.45796301934821615	
0.45796301934821615	
0.45796301934821604	
0.45796301934821604	
0.45796301934821615	
0.45796301934821615	
0.45796301934821615	
0.45796301934821615	
0.45796301934821604	
0.45796301934821615	
0.45796301934821615	
0.45796301934821604	
0.45796301934821604	
0.45796301934821615	
0.45796301934821615	
0.45796301934821615	
0.45796301934821615	
0.45796301934821604	
0.45796301934821615	
0.45796301934821615	
0.45796301934821604	
0.45796301934821604	
0.45796301934821615	
0.45796301934821615	
0.45796301934821615	
0.45796301934821615	
0.45796301934821604	
0.45796301934821615	
0.45796301934821615	
0.45796301934821604	
0.45796301934821604	
0.45796301934821615	
0.45796301934821615	
0.45796301934821615	
0.45796301934821615	
0.45796301934821604	
0.45796301934821615	
0.45796301934821615	
0.45796301934821604	
0.45796301934821604	
0.45796301934821615	
0.45796301934821615	
0.45796301934821615	
0.45796301934821615	
0.45796301934821604	
0.45796301934821615	
0.45796301934821615	
0.45796301934821604	
0.45796301934821604	
0.45796301934821615	
0.45796301934821615	
0.45796301934821615	
0.45796301934821615	
0.45796301934821604	
0.45796301934821615	
0.45796301934821615	
0.45796301934821604	
0.45796301934821604	
0.45796301934821615	
0.45796301934821615	
0.45796301934821615	
0.45796301934821615	
0.45796301934821604	
0.45796301934821615	
0.45796301934821615	
0.45796301934821604	
0.45796301934821604	
0.45796301934821615	
0.45796301934821615	
0.45796301934821615	
0.45796301934821615	
0.45796301934821604	
0.45796301934821615	
0.45796301934821615	
0.45796301934821604	
0.45796301934821604	
0.45796301934821615	
0.45796301934821615	
0.45796301934821615	
0.45796301934821615	
0.45796301934821604	
0.45796301934821615	
0.45796301934821615	
0.45796301934821604	
0.45796301934821604	
0.45796301934821615	
0.45796301934821615	
0.45796301934821615	
0.45796301934821615	
0.45796301934821604	
0.45796301934821615	
0.45796301934821615	
0.45796301934821604	
0.45796301934821604	
0.45796301934821615	
0.45796301934821615	
0.45796301934821615	
0.45796301934821615	
0.45796301934821604	
0.45796301934821615	
0.45796301934821615	
0.45796301934821604	
0.45796301934821604	
0.45796301934821615	
0.45796301934821615	
0.45796301934821615	
0.45796301934821615	
0.45796301934821604	
0.45796301934821615	
0.45796301934821615	
0.45796301934821604	
0.45796301934821604	
0.45796301934821615	
0.45796301934821615	
0.45796301934821615	
0.45796301934821615	
0.45796301934821604	
0.45796301934821615	
0.45796301934821615	
0.45796301934821604	
0.45796301934821604	
0.45796301934821615	
0.45796301934821615	
0.45796301934821615	
0.45796301934821615	
0.45796301934821604	
0.45796301934821615	
0.45796301934821615	
0.45796301934821604	
0.45796301934821604	
0.45796301934821615	
0.45796301934821615	
0.45796301934821615	
0.45796301934821615	
0.45796301934821604	
0.45796301934821615	
0.45796301934821615	
0.45796301934821604	
0.45796301934821604	
0.45796301934821615	
0.45796301934821615	
0.45796301934821615	
0.45796301934821615	
0.45796301934821604	
0.45796301934821615	
0.45796301934821615	
0.45796301934821604	
0.45796301934821604	
0.45796301934821615	
0.45796301934821615	
0.45796301934821615	
0.45796301934821615	
0.45796301934821604	
0.45796301934821615	
0.45796301934821615	
0.45796301934821604	
0.45796301934821604	
0.45796301934821615	
0.45796301934821615	
0.45796301934821615	
0.45796301934821615	
0.45796301934821604	
0.45796301934821615	
0.45796301934821615	
0.45796301934821604	
0.45796301934821604	
0.45796301934821615	
0.45796301934821615	
0.45796301934821615	
0.45796301934821615	
0.45796301934821604	
0.45796301934821615	
0.45796301934821615	
0.45796301934821604	
0.45796301934821604	
0.45796301934821615	
0.45796301934821615	
0.45796301934821615	
0.45796301934821615	
0.45796301934821604	
0.45796301934821615	
0.45796301934821615	
0.45796301934821604	
0.45796301934821604	
0.45796301934821615	
0.45796301934821615	
0.45796301934821615	
0.45796301934821615	
0.45796301934821604	
0.45796301934821615	
0.45796301934821615	
0.45796301934821604	
0.45796301934821604	
0.45796301934821615	
0.45796301934821615	
0.45796301934821615	
0.45796301934821615	
0.45796301934821604	
0.45796301934821615	
0.45796301934821615	
0.45796301934821604	
0.45796301934821604	
0.45796301934821615	
0.45796301934821615	
0.45796301934821615	
0.45796301934821615	
0.45796301934821604	
0.45796301934821615	
0.45796301934821615	
0.45796301934821604	
0.45796301934821604	
0.45796301934821615	
0.45796301934821615	
0.45796301934821615	
0.45796301934821615	
0.45796301934821604	
0.45796301934821615	
0.45796301934821615	
0.45796301934821604	
0.45796301934821604	
0.45796301934821615	
0.45796301934821615	
0.45796301934821615	
0.45796301934821615	
0.45796301934821604	
0.45796301934821615	
0.45796301934821615	
0.45796301934821604	
0.45796301934821604	
0.45796301934821615	
0.45796301934821615	
0.45796301934821615	
0.45796301934821615	
0.45796301934821604	
0.45796301934821615	
0.45796301934821615	
0.45796301934821604	
0.45796301934821604	
0.45796301934821615	
0.45796301934821615	
0.45796301934821615	
0.45796301934821615	
0.45796301934821604	
0.45796301934821615	
0.45796301934821615	
0.45796301934821604	
0.45796301934821604	
0.45796301934821615	
0.45796301934821615	
0.45796301934821615	
0.45796301934821615	
0.45796301934821604	
0.45796301934821615	
0.45796301934821615	
0.45796301934821604	
0.45796301934821604	
0.45796301934821615	
0.45796301934821615	
0.45796301934821615	
0.45796301934821615	
0.45796301934821604	
0.45796301934821615	
0.45796301934821615	
0.45796301934821604	
0.45796301934821604	
0.45796301934821615	
0.45796301934821615	
0.45796301934821615	
0.45796301934821615	
0.45796301934821604	
0.45796301934821615	
0.45796301934821615	
0.45796301934821604	
0.45796301934821604	
0.45796301934821615	
0.45796301934821615	
0.45796301934821615	
0.45796301934821615	
0.45796301934821604	
0.45796301934821615	
0.45796301934821615	
0.45796301934821604	
0.45796301934821604	
0.45796301934821615	
0.45796301934821615	
0.45796301934821615	
0.45796301934821615	
0.45796301934821604	
0.45796301934821615	
0.45796301934821615	
0.45796301934821604	
0.45796301934821604	
0.45796301934821615	
0.45796301934821615	
0.45796301934821615	
0.45796301934821615	
0.45796301934821604	
0.45796301934821615	
0.45796301934821615	
0.45796301934821604	
0.45796301934821604	
0.45796301934821615	
0.45796301934821615	
0.45796301934821615	
0.45796301934821615	
0.45796301934821604	
0.45796301934821615	
0.45796301934821615	
0.45796301934821604	
0.45796301934821604	
0.45796301934821615	
0.45796301934821615	
0.45796301934821615	
0.45796301934821615	
0.45796301934821604	
0.45796301934821615	
0.45796301934821615	
0.45796301934821604	
0.45796301934821604	
0.45796301934821615	
0.45796301934821615	
0.45796301934821615	
0.45796301934821615	
0.45796301934821604	
0.45796301934821615	
0.45796301934821615	
0.45796301934821604	
0.45796301934821604	
0.45796301934821615	
0.45796301934821615	
0.45796301934821615	
0.45796301934821615	
0.45796301934821604	
0.45796301934821615	
0.45796301934821615	
0.45796301934821604	
0.45796301934821604	
0.45796301934821615	
0.45796301934821615	
0.45796301934821615	
0.45796301934821615	
0.45796301934821604	
0.45796301934821615	
0.45796301934821615	
0.45796301934821604	
0.45796301934821604	
0.45796301934821615	
0.45796301934821615	
0.45796301934821615	
0.45796301934821615	
0.45796301934821604	
0.45796301934821615	
0.45796301934821615	
0.45796301934821604	
0.45796301934821604	
0.45796301934821615	
0.45796301934821615	
0.45796301934821615	
0.45796301934821615	
0.45796301934821604	
0.45796301934821615	
0.45796301934821615	
0.45796301934821604	
0.45796301934821604	
0.45796301934821615	
0.45796301934821615	
0.45796301934821615	
0.45796301934821615	
0.45796301934821604	
0.45796301934821615	
0.45796301934821615	
0.45796301934821604	
0.45796301934821604	
0.45796301934821615	
0.45796301934821615	
0.45796301934821615	
0.45796301934821615	
0.45796301934821604	
0.45796301934821615	
0.45796301934821615	
0.45796301934821604	
0.45796301934821604	
0.45796301934821615	
0.45796301934821615	
0.45796301934821615	
0.45796301934821615	
0.45796301934821604	
0.45796301934821615	
0.45796301934821615	
0.45796301934821604	
0.45796301934821604	
0.45796301934821615	
0.45796301934821615	
0.45796301934821615	
0.45796301934821615	
0.45796301934821604	
0.45796301934821615	
0.45796301934821615	
0.45796301934821604	
0.45796301934821604	
0.45796301934821615	
0.45796301934821615	
0.45796301934821615	
0.45796301934821615	
0.45796301934821604	
0.45796301934821615	
0.45796301934821615	
0.45796301934821604	
0.45796301934821604	
0.45796301934821615	
0.45796301934821615	
0.45796301934821615	
0.45796301934821615	
0.45796301934821604	
0.45796301934821615	
0.45796301934821615	
0.45796301934821604	
0.45796301934821604	
0.45796301934821615	
0.45796301934821615	
0.45796301934821615	
0.45796301934821615	
0.45796301934821604	
0.45796301934821615	
0.45796301934821615	
0.45796301934821604	
0.45796301934821604	
0.45796301934821615	
0.45796301934821615	
0.45796301934821615	
0.45796301934821615	
0.45796301934821604	
0.45796301934821615	
0.45796301934821615	
0.45796301934821604	
0.45796301934821604	
0.45796301934821615	
0.45796301934821615	
0.45796301934821615	
0.45796301934821615	
0.45796301934821604	
0.45796301934821615	
0.45796301934821615	
0.45796301934821604	
0.45796301934821604	
0.45796301934821615	
0.45796301934821615	
0.45796301934821615	
0.45796301934821615	
0.45796301934821604	
0.45796301934821615	
0.45796301934821615	
0.45796301934821604	
0.45796301934821604	
0.45796301934821615	
0.45796301934821615	
0.45796301934821615	
0.45796301934821615	
0.45796301934821604	
0.45796301934821615	
0.45796301934821615	
0.45796301934821604	
0.45796301934821604	
0.45796301934821615	
0.45796301934821615	
0.45796301934821615	
0.45796301934821615	
0.45796301934821604	
0.45796301934821615	
0.45796301934821615	
0.45796301934821604	
0.45796301934821604	
0.45796301934821615	
0.45796301934821615	
0.45796301934821615	
0.45796301934821615	
0.45796301934821604	
0.45796301934821615	
0.45796301934821615	
0.45796301934821604	
0.45796301934821604	
0.45796301934821615	
0.45796301934821615	
0.45796301934821615	
0.45796301934821615	
0.45796301934821604	
0.45796301934821615	
0.45796301934821615	
0.45796301934821604	
0.45796301934821604	
0.45796301934821615	
0.45796301934821615	
0.45796301934821615	
0.45796301934821615	
0.45796301934821604	
0.45796301934821615	
0.45796301934821615	
0.45796301934821604	
0.45796301934821604	
0.45796301934821615	
0.45796301934821615	
0.45796301934821615	
0.45796301934821615	
0.45796301934821604	
0.45796301934821615	
0.45796301934821615	
0.45796301934821604	
0.45796301934821604	
0.45796301934821615	
0.45796301934821615	
0.45796301934821615	
0.45796301934821615	
0.45796301934821604	
0.45796301934821615	
0.45796301934821615	
0.45796301934821604	
0.45796301934821604	
0.45796301934821615	
0.45796301934821615	
0.45796301934821615	
0.45796301934821615	
0.45796301934821604	
0.45796301934821615	
0.45796301934821615	
0.45796301934821604	
0.45796301934821604	
0.45796301934821615	
0.45796301934821615	
0.45796301934821615	
0.45796301934821615	
0.45796301934821604	
0.45796301934821615	
0.45796301934821615	
0.45796301934821604	
0.45796301934821604	
0.45796301934821615	
0.45796301934821615	
0.45796301934821615	
0.45796301934821615	
0.45796301934821604	
0.45796301934821615	
0.45796301934821615	
0.45796301934821604	
0.45796301934821604	
0.45796301934821615	
0.45796301934821615	
0.45796301934821615	
0.45796301934821615	
