1.1216207276020012	
1.0100000093908186	
0.9174094706543715	
0.8416353730988778	
0.780181084751971	
0.7305924680397611	
0.690653401409695	
0.6584693728283753	
0.6324772228379805	
0.6114157865664158	
0.5942811648045848	
0.5802800551564714	
0.5687874839317936	
0.5593111648951813	
0.5514626304930251	
0.5449343895228522	
0.5394820939493955	
0.5349107150614371	
0.5310638596809384	
0.5278155153462495	
0.5250636621838976	
0.5227253154417851	
0.5207326642991672	
0.5190300520075706	
0.5175716034454136	
0.5163193525982448	
0.5152417576194854	
0.51431251767362	
0.5135096258191731	
0.5128146073630582	
0.5122119046278916	
0.5116883778324989	
0.5112328984753134	
0.510836016739949	
0.5104896883921571	
0.5101870496920702	
0.5099222312183114	
0.5096902033515613	
0.5094866476154736	
0.5093078492140873	
0.5091506070067264	
0.5090121578769959	
0.5088901130226382	
0.5087824041490685	
0.5086872379156014	
0.5086030572785244	
0.5085285086139255	
0.5084624136969823	
0.5084037457722943	
0.5083516090788567	
0.5083052212990569	
0.5082638984880837	
0.5082270421118994	
0.5081941278813136	
0.5081646961189646	
0.5081383434369879	
0.5081147155373573	
0.5080935009754612	
0.5080744257514475	
0.5080572486140109	
0.5080417569782582	
0.5080277633736008	
0.5080151023497378	
0.50800362777905	
0.5079932105024532	
0.5079837362731597	
0.5079751039591375	
0.5079672239704311	
0.5079600168821525	
0.5079534122278815	
0.507947347441617	
0.5079417669293486	
0.5079366212538016	
0.5079318664180957	
0.5079274632359052	
0.5079233767773327	
0.5079195758810875	
0.5079160327247827	
0.5079127224461968	
0.5079096228092607	
0.5079067139093201	
0.5079039779129001	
0.507901398827804	
0.5078989622998954	
0.5078966554333588	
0.5078944666316401	
0.5078923854566015	
0.5078904025037336	
0.5078885092915318	
0.5078866981633613	
0.5078849622003615	
0.5078832951440856	
0.507881691327756	
0.5078801456151277	
0.5078786533460898	
0.507877210288221	
0.5078758125936274	
0.5078744567604522	
0.5078731395985314	
0.5078718581987238	
0.5078706099055031	
0.5078693922924453	
0.5078682031402895	
0.5078670404172837	
0.5078659022615666	
0.507864786965358	
0.5078636929607608	
0.5078626188070012	
0.5078615631789483	
0.5078605248567755	
0.507859502716645	
0.5078584957223031	
0.5078575029174898	
0.5078565234190779	
0.50785555641087	
0.5078546011379744	
0.5078536569017119	
0.5078527230549921	
0.5078517989981131	
0.5078508841749433	
0.5078499780694475	
0.5078490802025186	
0.5078481901290923	
0.507847307435509	
0.5078464317371071	
0.5078455626760199	
0.5078446999191578	
0.5078438431563603	
0.5078429920987014	
0.5078421464769322	
0.5078413060400502	
0.5078404705539844	
0.5078396398003842	
0.5078388135755024	
0.5078379916891671	
0.5078371739638314	
0.5078363602336969	
0.5078355503439016	
0.5078347441497715	
0.5078339415161256	
0.5078331423166318	
0.5078323464332128	
0.5078315537554914	
0.5078307641802782	
0.5078299776110947	
0.5078291939577306	
0.507828413135831	
0.5078276350665155	
0.5078268596760189	
0.507826086895362	
0.50782531666004	
0.5078245489097362	
0.5078237835880508	
0.507823020642253	
0.5078222600230452	
0.5078215016843453	
0.5078207455830812	
0.5078199916790036	
0.5078192399345051	
0.5078184903144537	
0.5078177427860397	
0.5078169973186277	
0.5078162538836217	
0.5078155124543373	
0.507814773005883	
0.5078140355150472	
0.5078132999601961	
0.5078125663211733	
0.5078118345792098	
0.5078111047168381	
0.5078103767178097	
0.5078096505670231	
0.5078089262504506	
0.5078082037550714	
0.5078074830688127	
0.5078067641804892	
0.5078060470797472	
0.5078053317570171	
0.5078046182034625	
0.5078039064109354	
0.5078031963719347	
0.5078024880795665	
0.5078017815275068	
0.5078010767099655	
0.5078003736216555	
0.5077996722577603	
0.5077989726139062	
0.5077982746861345	
0.5077975784708764	
0.5077968839649292	
0.5077961911654335	
0.5077955000698531	
0.5077948106759533	
0.5077941229817846	
0.5077934369856637	
0.507792752686158	
0.5077920700820701	
0.5077913891724224	
0.5077907099564458	
0.5077900324335635	
0.5077893566033835	
0.5077886824656829	
0.5077880100204006	
0.5077873392676259	
0.5077866702075893	
0.5077860028406546	
0.5077853371673093	
0.5077846731881583	
0.5077840109039159	
0.5077833503153992	
0.5077826914235212	
0.507782034229286	
0.5077813787337818	
0.5077807249381765	
0.5077800728437122	
0.5077794224517009	
0.5077787737635202	
0.5077781267806089	
0.5077774815044627	
0.5077768379366308	
0.5077761960787143	
0.5077755559323591	
0.5077749174992571	
0.5077742807811401	
0.5077736457797791	
0.5077730124969807	
0.5077723809345854	
0.5077717510944653	
0.507771122978521	
0.5077704965886817	
0.5077698719269013	
0.5077692489951574	
0.5077686277954505	
0.5077680083298013	
0.5077673906002494	
0.5077667746088529	
0.5077661603576858	
0.5077655478488379	
0.5077649370844135	
0.5077643280665296	
0.5077637207973151	
0.5077631152789109	
0.5077625115134677	
0.5077619095031461	
0.5077613092501153	
0.5077607107565524	
0.5077601140246419	
0.5077595190565752	
0.5077589258545492	
0.5077583344207665	
0.5077577447574348	
0.5077571568667665	
0.507756570750977	
0.507755986412286	
0.5077554038529158	
0.5077548230750915	
0.5077542440810399	
0.507753666872991	
0.507753091453175	
0.5077525178238239	
0.5077519459871708	
0.5077513759454486	
0.5077508077008915	
0.5077502412557333	
0.5077496766122082	
0.5077491137725487	
0.5077485527389882	
0.5077479935137585	
0.5077474360990906	
0.5077468804972142	
0.5077463267103578	
0.5077457747407486	
0.5077452245906113	
0.5077446762621699	
0.507744129757645	
0.5077435850792565	
0.5077430422292215	
0.5077425012097543	
0.5077419620230675	
0.5077414246713703	
0.5077408891568694	
0.5077403554817694	
0.5077398236482712	
0.5077392936585733	
0.5077387655148703	
0.5077382392193546	
0.5077377147742141	
0.5077371921816349	
0.5077366714437981	
0.5077361525628826	
0.5077356355410633	
0.5077351203805109	
0.5077346070833932	
0.5077340956518742	
0.5077335860881131	
0.5077330783942664	
0.507732572572486	
0.5077320686249202	
0.5077315665537128	
0.5077310663610035	
0.5077305680489284	
0.5077300716196187	
0.5077295770752019	
0.5077290844178008	
0.5077285936495344	
0.5077281047725164	
0.5077276177888566	
0.5077271327006602	
0.507726649510028	
0.5077261682190561	
0.5077256888298362	
0.5077252113444547	
0.5077247357649939	
0.5077242620935313	
0.5077237903321389	
0.5077233204828849	
0.5077228525478321	
0.5077223865290386	
0.5077219224285567	
0.507721460248435	
0.5077209999907166	
0.5077205416574389	
0.5077200852506351	
0.5077196307723325	
0.5077191782245539	
0.5077187276093167	
0.5077182789286329	
0.5077178321845088	
0.5077173873789464	
0.5077169445139413	
0.5077165035914845	
0.5077160646135617	
0.5077156275821518	
0.5077151924992298	
0.5077147593667641	
0.507714328186718	
0.5077138989610495	
0.5077134716917098	
0.5077130463806457	
0.507712623029798	
0.5077122016411012	
0.5077117822164845	
0.507711364757871	
0.5077109492671785	
0.5077105357463182	
0.5077101241971959	
0.5077097146217109	
0.5077093070217573	
0.507708901399223	
0.5077084977559888	
0.5077080960939309	
0.5077076964149184	
0.5077072987208147	
0.5077069030134768	
0.5077065092947552	
0.507706117566495	
0.5077057278305342	
0.5077053400887047	
0.5077049543428318	
0.5077045705947352	
0.5077041888462273	
0.5077038090991143	
0.5077034313551961	
0.5077030556162658	
0.5077026818841102	
0.5077023101605087	
0.5077019404472356	
0.5077015727460565	
0.5077012070587321	
0.5077008433870155	
0.507700481732653	
0.5077001220973841	
0.5076997644829419	
0.5076994088910518	
0.5076990553234328	
0.5076987037817968	
0.5076983542678488	
0.5076980067832869	
0.5076976613298017	
0.5076973179090768	
0.5076969765227891	
0.5076966371726077	
0.5076962998601949	
0.5076959645872056	
0.5076956313552874	
0.5076953001660806	
0.5076949710212183	
0.5076946439223259	
0.5076943188710216	
0.5076939958689161	
0.5076936749176124	
0.5076933560187061	
0.5076930391737854	
0.5076927243844307	
0.5076924116522149	
0.5076921009787025	
0.5076917923654515	
0.5076914858140114	
0.5076911813259238	
0.5076908789027228	
0.5076905785459344	
0.5076902802570771	
0.5076899840376609	
0.5076896898891884	
0.5076893978131534	
0.5076891078110428	
0.5076888198843339	
0.5076885340344975	
0.5076882502629952	
0.5076879685712802	
0.5076876889607987	
0.5076874114329877	
0.5076871359892754	
0.507686862631083	
0.5076865913598225	
0.5076863221768975	
0.5076860550837029	
0.5076857900816264	
0.5076855271720453	
0.5076852663563296	
0.5076850076358407	
0.5076847510119306	
0.5076844964859429	
0.5076842440592133	
0.5076839937330674	
0.5076837455088232	
0.507683499387789	
0.5076832553712648	
0.5076830134605415	
0.5076827736569006	
0.5076825359616159	
0.5076823003759507	
0.5076820669011605	
0.5076818355384909	
0.5076816062891781	
0.5076813791544504	
0.507681154135526	
0.507680931233614	
0.5076807104499138	
0.5076804917856166	
0.5076802752419032	
0.5076800608199455	
0.507679848520906	
0.5076796383459374	
0.5076794302961835	
0.5076792243727777	
0.5076790205768448	
0.5076788189094993	
0.5076786193718463	
0.5076784219649814	
0.50767822668999	
0.507678033547948	
0.5076778425399218	
0.5076776536669673	
0.5076774669301313	
0.5076772823304502	
0.5076770998689507	
0.5076769195466491	
0.5076767413645519	
0.5076765653236561	
0.5076763914249479	
0.5076762196694036	
0.5076760500579894	
0.5076758825916612	
0.5076757172713645	
0.507675554098035	
0.5076753930725978	
0.5076752341959674	
0.5076750774690485	
0.5076749228927345	
0.5076747704679095	
0.5076746201954463	
0.5076744720762071	
0.5076743261110441	
0.5076741823007981	
0.5076740406463003	
0.5076739011483701	
0.5076737638078171	
0.5076736286254397	
0.5076734956020252	
0.5076733647383511	
0.5076732360351827	
0.5076731094932755	
0.5076729851133732	
0.5076728628962094	
0.5076727428425059	
0.507672624952974	
0.5076725092283139	
0.5076723956692138	
0.5076722842763522	
0.507672175050395	
0.5076720679919979	
0.5076719631018047	
0.5076718603804484	
0.5076717598285498	
0.5076716614467198	
0.5076715652355563	
0.5076714711956467	
0.5076713793275666	
0.5076712896318804	
0.5076712021091403	
0.5076711167598873	
0.5076710335846514	
0.5076709525839499	
0.5076708737582889	
0.5076707971081625	
0.5076707226340538	
0.5076706503364325	
0.5076705802157586	
0.5076705122724785	
0.5076704465070274	
0.5076703829198287	
0.5076703215112933	
0.5076702622818204	
0.5076702052317975	
0.507670150361599	
0.5076700976715883	
0.5076700471621163	
0.507669998833521	
0.5076699526861294	
0.5076699087202551	
0.5076698669362001	
0.5076698273342541	
0.5076697899146941	
0.5076697546777847	
0.5076697216237783	
0.5076696907529151	
0.5076696620654219	
0.507669635561514	
0.5076696112413932	
0.5076695891052494	
0.5076695691532598	
0.5076695513855888	
0.5076695358023878	
0.5076695224037957	
0.5076695111899392	
0.5076695021609314	
0.5076694953168728	
0.507669490657851	
0.507669488183941	
0.5076694878952049	
0.5076694897916916	
0.5076694938734363	
0.5076695001404627	
0.5076695085927805	
0.5076695192303862	
0.5076695320532633	
0.5076695470613831	
0.5076695642547021	
0.5076695836331647	
0.5076696051967019	
0.5076696289452306	
0.5076696548786559	
0.507669682996868	
0.5076697132997449	
0.5076697457871504	
0.5076697804589353	
0.5076698173149369	
0.507669856354979	
0.5076698975788713	
0.5076699409864109	
0.5076699865773806	
0.5076700343515499	
0.5076700843086747	
0.5076701364484968	
0.5076701907707446	
0.5076702472751327	
0.5076703059613624	
0.5076703668291204	
0.5076704298780796	
0.5076704951079	
0.5076705625182267	
0.5076706321086915	
0.5076707038789117	
0.5076707778284911	
0.5076708539570195	
0.5076709322640723	
0.5076710127492111	
0.5076710954119832	
0.507671180251922	
0.5076712672685469	
0.5076713564613627	
0.5076714478298603	
0.5076715413735162	
0.5076716370917927	
0.5076717349841381	
0.5076718350499858	
0.5076719372887555	
0.5076720416998518	
0.5076721482826657	
0.5076722570365734	
0.5076723679609365	
0.5076724810551022	
0.5076725963184038	
0.507672713750159	
0.5076728333496716	
0.5076729551162313	
0.5076730790491121	
0.5076732051475743	
0.5076733334108627	
0.5076734638382082	
0.5076735964288269	
0.5076737311819196	
0.5076738680966727	
0.5076740071722582	
0.507674148407833	
0.5076742918025383	
0.5076744373555021	
0.5076745850658364	
0.5076747349326388	
0.5076748869549913	
0.5076750411319619	
0.5076751974626031	
0.5076753559459525	
0.5076755165810326	
0.5076756793668507	
0.5076758443023996	
0.5076760113866572	
0.5076761806185848	
0.5076763519971301	
0.5076765255212251	
0.5076767011897868	
0.5076768790017165	
0.5076770589559014	
0.5076772410512123	
0.5076774252865046	
0.5076776116606202	
0.5076778001723835	
0.5076779908206054	
0.5076781836040805	
0.507678378521588	
0.5076785755718921	
0.5076787747537416	
0.5076789760658696	
0.507679179506994	
0.5076793850758171	
0.5076795927710261	
0.507679802591292	
0.507680014535271	
0.5076802286016037	
0.5076804447889146	
0.5076806630958131	
0.507680883520893	
0.5076811060627325	
0.507681330719894	
0.5076815574909241	
0.5076817863743547	
0.5076820173687011	
0.5076822504724627	
0.5076824856841247	
0.5076827230021546	
0.5076829624250059	
0.5076832039511155	
0.507683447578904	
0.5076836933067777	
0.507683941133126	
0.5076841910563226	
0.5076844430747262	
0.5076846971866782	
0.5076849533905055	
0.5076852116845187	
0.5076854720670124	
0.5076857345362652	
0.5076859990905401	
0.5076862657280838	
0.507686534447128	
0.507686805245887	
0.5076870781225604	
0.5076873530753313	
0.5076876301023666	
0.5076879092018179	
0.5076881903718202	
0.5076884736104926	
0.5076887589159382	
0.5076890462862446	
0.5076893357194824	
0.5076896272137068	
0.5076899207669565	
0.5076902163772544	
0.5076905140426078	
0.5076908137610069	
0.5076911155304265	
0.5076914193488247	
0.507691725214144	
0.5076920331243108	
0.507692343077235	
0.5076926550708105	
0.5076929691029152	
0.5076932851714101	
0.5076936032741414	
0.5076939234089377	
0.5076942455736125	
0.5076945697659622	
0.5076948959837674	
0.5076952242247931	
0.5076955544867868	
0.5076958867674808	
0.5076962210645907	
0.5076965573758163	
0.5076968956988406	
0.5076972360313307	
0.5076975783709372	
0.5076979227152947	
0.5076982690620216	
0.5076986174087199	
0.5076989677529752	
0.5076993200923567	
0.5076996744244182	
0.5077000307466959	
0.5077003890567109	
0.5077007493519674	
0.5077011116299533	
0.5077014758881405	
0.5077018421239844	
0.5077022103349242	
0.5077025805183827	
0.5077029526717667	
0.5077033267924661	
0.5077037028778553	
0.5077040809252916	
0.5077044609321166	
0.5077048428956551	
0.5077052268132164	
0.5077056126820927	
0.50770600049956	
0.5077063902628786	
0.5077067819692915	
0.5077071756160264	
0.5077075712002942	
0.5077079687192898	
0.5077083681701915	
0.5077087695501612	
0.507709172856345	
0.5077095780858724	
0.5077099852358564	
0.5077103943033945	
0.5077108052855671	
0.5077112181794388	
0.5077116329820577	
0.5077120496904559	
0.5077124683016485	
0.5077128888126358	
0.5077133112204004	
0.5077137355219093	
0.5077141617141133	
0.507714589793947	
0.5077150197583284	
0.5077154516041594	
0.5077158853283263	
0.5077163209276985	
0.5077167583991289	
0.5077171977394556	
0.5077176389454994	
0.5077180820140648	
0.5077185269419405	
0.5077189737258992	
0.5077194223626975	
0.5077198728490756	
0.507720325181757	
0.5077207793574502	
0.5077212353728475	
0.5077216932246239	
0.5077221529094392	
0.5077226144239376	
0.5077230777647459	
0.507723542928476	
0.507724009911723	
0.5077244787110662	
0.5077249493230694	
0.5077254217442796	
0.5077258959712283	
0.5077263720004305	
0.5077268498283858	
0.5077273294515778	
0.5077278108664732	
0.507728294069524	
0.5077287790571661	
0.507729265825818	
0.5077297543718845	
0.5077302446917531	
0.5077307367817956	
0.5077312306383684	
0.5077317262578114	
0.5077322236364497	
0.5077327227705913	
0.5077332236565296	
0.5077337262905411	
0.5077342306688877	
0.5077347367878146	
0.5077352446435517	
0.5077357542323131	
0.5077362655502973	
0.5077367785936872	
0.5077372933586496	
0.5077378098413361	
0.5077383280378825	
0.5077388479444093	
0.5077393695570208	
0.5077398928718063	
0.5077404178848393	
0.5077409445921776	
0.5077414729898638	
0.5077420030739253	
0.5077425348403732	
0.5077430682852038	
0.5077436034043975	
0.5077441401939202	
0.5077446786497213	
0.5077452187677353	
0.5077457605438815	
0.507746303974064	
0.5077468490541711	
0.5077473957800764	
0.5077479441476376	
0.5077484941526976	
0.5077490457910844	
0.5077495990586101	
0.5077501539510719	
0.5077507104642524	
0.5077512685939186	
0.507751828335822	
0.5077523896856998	
0.5077529526392741	
0.5077535171922516	
0.5077540833403239	
0.5077546510791685	
0.507755220404447	
0.5077557913118065	
0.5077563637968796	
0.5077569378552834	
0.5077575134826203	
0.5077580906744785	
0.5077586694264306	
0.5077592497340349	
0.5077598315928351	
0.5077604149983599	
0.5077609999461236	
0.5077615864316255	
0.5077621744503507	
0.50776276399777	
0.5077633550693387	
0.5077639476604984	
0.5077645417666756	
0.5077651373832831	
0.5077657345057188	
0.5077663331293663	
0.5077669332495943	
0.5077675348617586	
0.507768137961199	
0.5077687425432422	
0.5077693486032006	
0.5077699561363713	
0.5077705651380389	
0.5077711756034721	
0.5077717875279272	
0.507772400906645	
0.507773015734853	
0.5077736320077647	
0.5077742497205794	
0.5077748688684824	
0.5077754894466456	
0.5077761114502262	
0.5077767348743685	
0.5077773597142019	
0.507777985964843	
0.5077786136213944	
0.5077792426789449	
0.5077798731325693	
0.5077805049773296	
0.5077811382082734	
0.507781772820435	
0.5077824088088359	
0.5077830461684827	
0.5077836848943696	
0.5077843249814771	
0.5077849664247724	
0.5077856092192096	
0.5077862533597285	
0.507786898841257	
0.5077875456587087	
0.5077881938069848	
0.507788843280973	
0.5077894940755475	
0.5077901461855703	
0.5077907996058894	
0.5077914543313409	
0.5077921103567471	
0.5077927676769173	
0.5077934262866487	
0.5077940861807253	
0.5077947473539183	
0.5077954098009857	
0.5077960735166737	
0.507796738495715	
0.5077974047328302	
0.507798072222727	
0.5077987409601008	
0.5077994109396343	
0.5078000821559978	
0.5078007546038497	
0.5078014282778346	
0.5078021031725863	
0.5078027792827259	
0.5078034566028616	
0.50780413512759	
0.5078048148514956	
0.5078054957691502	
0.5078061778751143	
0.5078068611639356	
0.5078075456301505	
0.5078082312682828	
0.5078089180728452	
0.5078096060383377	
0.5078102951592487	
0.5078109854300553	
0.5078116768452228	
0.5078123693992043	
0.5078130630864416	
0.5078137579013652	
0.507814453838393	
0.5078151508919331	
0.5078158490563806	
0.5078165483261198	
0.5078172486955242	
0.507817950158955	
0.5078186527107629	
0.5078193563452866	
0.5078200610568543	
0.5078207668397832	
0.5078214736883789	
0.5078221815969364	
0.5078228905597388	
0.5078236005710597	
0.5078243116251611	
0.5078250237162938	
0.5078257368386981	
0.5078264509866043	
0.5078271661542307	
0.5078278823357861	
0.5078285995254678	
0.5078293177174632	
0.5078300369059491	
0.5078307570850916	
0.5078314782490466	
0.5078322003919595	
0.5078329235079656	
0.50783364759119	
0.5078343726357476	
0.5078350986357423	
0.5078358255852695	
0.5078365534784132	
0.5078372823092483	
0.507838012071839	
0.5078387427602402	
0.5078394743684964	
0.5078402068906434	
0.5078409403207056	
0.5078416746526992	
0.50784240988063	
0.5078431459984943	
0.5078438830002793	
0.5078446208799624	
0.5078453596315112	
0.5078460992488844	
0.5078468397260314	
0.5078475810568924	
0.5078483232353976	
0.5078490662554693	
0.50784981011102	
0.5078505547959526	
0.5078513003041617	
0.5078520466295331	
0.5078527937659433	
0.50785354170726	
0.5078542904473422	
0.50785503998004	
0.5078557902991949	
0.5078565413986401	
0.5078572932721999	
0.50785804591369	
0.5078587993169176	
0.5078595534756818	
0.5078603083837733	
0.5078610640349738	
0.5078618204230579	
0.5078625775417915	
0.5078633353849318	
0.5078640939462286	
0.5078648532194233	
0.5078656131982497	
0.5078663738764335	
0.5078671352476922	
0.5078678973057362	
0.5078686600442672	
0.5078694234569802	
0.5078701875375614	
0.507870952279691	
0.5078717176770402	
0.5078724837232734	
0.5078732504120472	
