0.13535190871250857	
0.06661996820218902	
0.06233661067675763	
0.060282520101697566	
0.05897834440147666	
0.05804179364860258	
0.05732135152123454	
0.056742137417991556	
0.05626182724322232	
0.05585433003434768	
0.05550254327892751	
0.05519469915132409	
0.054922356361865265	
0.05467923293182279	
0.054460502607308135	
0.05426235942006735	
0.054081741176969074	
0.05391614800485825	
0.0537635180605461	
0.05362213815628628	
0.053490576502502676	
0.05336763030691307	
0.05325228405939115	
0.05314367597285386	
0.05304107089487294	
0.05294383844606115	
0.05285143539489163	
0.05276339145033628	
0.052679297789539885	
0.052598797754670454	
0.052521579255992434	
0.05244736850804838	
0.05237592480289353	
0.05230703608925348	
0.05224051518032679	
0.05217619645697841	
0.05211393296851574	
0.05205359386123616	
0.05199506208645669	
0.05193823235564086	
0.05188300932132322	
0.05182930596957497	
0.05177704221353022	
0.05172614367881613	
0.05167654067133744	
0.0516281673164981	
0.05158096085717315	
0.05153486109606501	
0.051489809966794454	
0.05144575121737938	
0.051402630189684155	
0.05136039367893908	
0.05131898985842857	
0.051278368255770444	
0.051238479768737806	
0.05119927671013859	
0.05116071287279713	
0.051122743607067825	
0.05108532590454109	
0.05104841848264374	
0.051011981865707295	
0.05097597845882356	
0.0509403726114351	
0.0509051306681937	
0.050870221005169844	
0.05083561405005849	
0.050801282285602455	
0.050767200236049866	
0.05073334443706418	
0.05069969339009189	
0.05066622750272684	
0.05063292901707059	
0.05059978192843513	
0.050566771896946416	
0.05053388615467525	
0.050501113410843235	
0.050468443757431036	
0.05043586857718843	
0.0504033804556261	
0.05037097309810998	
0.05033864125269903	
0.05030638063891589	
0.050274187882241014	
0.05024206045378515	
0.05020999661436303	
0.05017799536203156	
0.050146056382102316	
0.05011417999865384	
0.050082367126661594	
0.05005061922400456	
0.05001893824278264	
0.04998732657957774	
0.04995578702449871	
0.04992432270903528	
0.049892937052931845	
0.04986163371043789	
0.04983041651641468	
0.04979928943286498	
0.04976825649651	
0.049737321768059	
0.04970648928381588	
0.04967576301023214	
0.049645146801970234	
0.049614644363968285	
0.0495842592179186	
0.049553994673483544	
0.04952385380447434	
0.04949383943012638	
0.04946395410150429	
0.049434200092981904	
0.049404579398651824	
0.04937509373344041	
0.04934574453863396	
0.049316532991452264	
0.049287460018260176	
0.04925852631095679	
0.04922973234605352	
0.04920107840592537	
0.049172564601708255	
0.049144190897314734	
0.04911595713403954	
0.04908786305525107	
0.04905990833068274	
0.04903209257987008	
0.04900441539432318	
0.04897687635806193	
0.04894947506619617	
0.04892221114128367	
0.048895084247255215	
0.048868094100755835	
0.04884124047980421	
0.04881452322973539	
0.04878794226644188	
0.048761497576982143	
0.048735189217673	
0.048709017309826096	
0.04868298203332416	
0.048657083618264624	
0.048631322334924176	
0.04860569848231454	
0.04858021237561207	
0.04855486433274844	
0.04852965466045028	
0.04850458364000971	
0.04847965151305288	
0.048454858467564865	
0.04843020462440723	
0.04840569002454068	
0.048381314617149625	
0.04835707824883314	
0.04833298065400837	
0.04830902144664422	
0.04828520011342083	
0.04826151600838657	
0.04823796834916262	
0.04821455621472607	
0.04819127854478152	
0.0481681341407177	
0.04814512166812697	
0.0481222396608516	
0.048099486526514725	
0.0480768605534696	
0.048054359919104984	
0.048031982699424124	
0.048009726879809755	
0.047987590366878025	
0.04796557100131673	
0.047943666571594094	
0.047921874828413445	
0.047900193499787413	
0.04787862030659077	
0.04785715297844748	
0.0478357892698001	
0.04781452697600136	
0.047793363949266976	
0.04777229811432016	
0.04775132748355919	
0.047730450171578974	
0.04770966440887862	
0.047688968554591836	
0.04766836110808319	
0.04764784071926481	
0.04762740619749893	
0.047607056518966545	
0.0475867908324011	
0.04756660846310629	
0.04754650891519679	
0.04752649187202742	
0.04750655719479815	
0.04748670491934873	
0.047466935251181445	
0.047447248558775905	
0.04742764536528194	
0.047408126338698384	
0.04738869228066656	
0.04736934411402339	
0.0473500828692697	
0.047330909670126785	
0.04731182571835495	
0.04729283227801579	
0.04727393065935819	
0.04725512220250723	
0.04723640826112901	
0.04721779018623566	
0.047199269310286084	
0.04718084693172292	
0.04716252430007632	
0.047144302601746096	
0.047126182946562824	
0.04710816635520776	
0.04709025374756072	
0.047072445932024136	
0.0470547435958654	
0.047037147296592835	
0.0470196574543822	
0.047002274345546366	
0.04698499809703999	
0.04696782868197272	
0.046950765916105294	
0.0469338094552887	
0.046916958793804	
0.04690021326355798	
0.04688357203408014	
0.04686703411327209	
0.04685059834884985	
0.046834263430428465	
0.046818027892188266	
0.04680189011607073	
0.04678584833544903	
0.04676990063921972	
0.04675404497626378	
0.046738279160232855	
0.046722600874607195	
0.04670700767798823	
0.04669149700958072	
0.04667606619482768	
0.04666071245116112	
0.046645432893839246	
0.046630224541835075	
0.04661508432375332	
0.046600009083748145	
0.046584995587419964	
0.046570040527671275	
0.046555140530502075	
0.046540292160729684	
0.046525491927616874	
0.04651073629039679	
0.04649602166368053	
0.04648134442273915	
0.04646670090864655	
0.046452087433280075	
0.04643750028416347	
0.046422935729150065	
0.04640839002093594	
0.04639385940139639	
0.0463793401057393	
0.04636482836646709	
0.04635032041714295	
0.046335812495951596	
0.04632130084904991	
0.04630678173369975	
0.04629225142117561	
0.04627770619944165	
0.04626314237559038	
0.046248556278035695	
0.046233944258456346	
0.04621930269348008	
0.04620462798610678	
0.046189916566861625	
0.04617516489467631	
0.046160369457493196	
0.04614552677258889	
0.04613063338661557	
0.046115685875359226	
0.04610068084321351	
0.04608561492237068	
0.046070484771732874	
0.04605528707554508	
0.046040018541757995	
0.046024675900123733	
0.046009255900034796	
0.04599375530811481	
0.0459781709055723	
0.045962499485327615	
0.04594673784893095	
0.0459308828032828	
0.04591493115717463	
0.045898879717668525	
0.04588272528633334	
0.04586646465535899	
0.04585009460356899	
0.04583361189235456	
0.04581701326155263	
0.04580029542529288	
0.04578345506783846	
0.045766488839444376	
0.04574939335226264	
0.045732165176317924	
0.04571480083558222	
0.04569729680417639	
0.04567964950272389	
0.04566185529488706	
0.045643910484112094	
0.04562581131061047	
0.04560755394860484	
0.045589134503865765	
0.045570549011566985	
0.04555179343448256	
0.04553286366155518	
0.0455137555068549	
0.04549446470895379	
0.045474986930736525	
0.045455317759665013	
0.04543545270851492	
0.04541538721659503	
0.04539511665146266	
0.045374636311138604	
0.045353941426825375	
0.04533302716612283	
0.045311888636734986	
0.04529052089064955	
0.045268918928769504	
0.04524707770596263	
0.045224992136494134	
0.04520265709978704	
0.0451800674464579	
0.045157218004552226	
0.04513410358590223	
0.045110718992513975	
0.04508705902287852	
0.04506311847809402	
0.04503889216766988	
0.04501437491487748	
0.04498956156150114	
0.0449644469718319	
0.04493902603574569	
0.044913293670698205	
0.04488724482246868	
0.04486087446448592	
0.04483417759557364	
0.04480714923596008	
0.04477978442140874	
0.044752078195341286	
0.044724025598846265	
0.04469562165848898	
0.044666861371864756	
0.0446377396908724	
0.044608251502717494	
0.04457839160869008	
0.04454815470080554	
0.04451753533643302	
0.04448652791107841	
0.04445512662952697	
0.04442332547559109	
0.04439111818073976	
0.04435849819191966	
0.04432545863890715	
0.044291992301545	
0.044258091577242406	
0.04422374844912082	
0.044188954455195294	
0.044153700658982116	
0.04411797762191309	
0.04408177537793326	
0.04404508341063991	
0.044007890633311564	
0.04397018537215487	
0.04393195535308612	
0.04389318769234881	
0.043853868891259445	
0.04381398483536692	
0.04377352079831054	
0.043732461450669224	
0.04369079087410122	
0.04364849258109877	
0.043605549540700936	
0.04356194421054583	
0.043517658575676105	
0.04347267419455504	
0.04342697225279681	
0.043380533625159666	
0.04333333894639323	
0.04328536869157999	
0.04323660326663507	
0.04318702310966007	
0.04313660880385085	
0.04308534120264616	
0.04303320156776757	
0.04298017172072829	
0.0429262342082791	
0.04287137248210148	
0.042815571092845034	
0.0427588158983332	
0.042701094285416304	
0.042642395404526884	
0.042582710415495245	
0.0425220327425958	
0.04246035833613158	
0.042397685937129885	
0.04233401734092774	
0.0422693576546006	
0.04220371554235902	
0.042137103452253244	
0.042069537816833105	
0.04200103921987959	
0.04193163252101253	
0.041861346929975174	
0.04179021602274853	
0.04171827769243358	
0.041645574029085614	
0.04157215112440589	
0.041498058799372094	
0.041423350255451206	
0.04134808165288024	
0.041272311622473634	
0.04119610072034488	
0.041119510837602985	
0.04104260457932972	
0.040965444628748224	
0.04088809311336202	
0.040810610989863966	
0.040733057463794145	
0.04065548945832453	
0.040577961144277266	
0.040500523540728806	
0.04042322419251081	
0.040346106927795895	
0.040269211695966305	
0.04019257448324846	
0.04011622730130785	
0.040040198242193195	
0.03996451159173235	
0.039889187992708915	
0.03981424464883422	
0.03973969556060897	
0.039665551784568966	
0.03959182170803957	
0.03951851133230776	
0.039445624557992796	
0.03937316346729372	
0.03930112859867019	
0.039229519210343164	
0.039158333529758414	
0.039087568986830155	
0.03901722242937056	
0.03894729031961359	
0.03887776891116869	
0.03880865440609636	
0.0387399430920983	
0.03867163146006324	
0.0386037163024237	
0.03853619479296164	
0.0384690645488556	
0.0384023236759072	
0.03833597079800494	
0.038270005071993275	
0.038204426189214	
0.03813923436505966	
0.03807443031794419	
0.03801001523913797	
0.03794599075492676	
0.037882358882555985	
0.037819121981386324	
0.03775628270063606	
0.037693843925007	
0.037631808719394845	
0.0375701802737705	
0.037508961849194104	
0.037448156725788724	
0.03738776815336302	
0.03732779930523562	
0.037268253235683224	
0.037209132841310694	
0.03715044082652707	
0.037092179673215535	
0.037034351614594466	
0.036976958613196526	
0.03692000234283573	
0.03686348417438007	
0.0368074051651207	
0.03675176605149753	
0.03669656724493014	
0.036641808830492055	
0.036587490568166625	
0.03653361189642398	
0.03648017193786492	
0.036427169506687784	
0.03637460311774474	
0.03632247099696522	
0.03627077109294016	
0.036219501089469246	
0.03616865841889342	
0.03611824027604222	
0.03606824363264229	
0.03601866525204596	
0.03596950170414955	
0.03592074938038554	
0.03587240450868143	
0.03582446316829194	
0.0357769213044197	
0.03572977474255004	
0.035683019202435884	
0.035636650311675726	
0.03559066361883832	
0.03554505460609354	
0.03549981870131727	
0.035454951289644876	
0.03541044772445291	
0.03536630333775725	
0.035322513450016434	
0.035279073379338846	
0.035235978450092874	
0.03519322400092439	
0.03515080539218957	
0.03510871801281297	
0.03506695728658417	
0.03502551867790826	
0.034984397697026555	
0.03494358990472744	
0.0349030909165646	
0.03486289640660629	
0.03482300211073415	
0.03478340382951571	
0.03474409743067049	
0.034705078851154515	
0.03466634409888208	
0.03462788925411042	
0.03458971047050537	
0.03455180397591229	
0.03451416607285094	
0.03447679313875585	
0.03443968162598083	
0.0344028280615875	
0.03436622904693527	
0.03432988125709099	
0.034293781440075076	
0.03425792641595891	
0.03422231307583114	
0.03418693838064509	
0.034151799359962993	
0.03411689311060831	
0.034082216795240115	
0.034047767640859886	
0.0340135429372624	
0.03397954003544027	
0.033945756345951816	
0.03391218933726188	
0.03387883653406232	
0.03384569551558087	
0.033812763913885296	
0.033780039412188614	
0.0337475197431618	
0.03371520268725939	
0.03368308607106219	
0.03365116776564172	
0.0336194456849514	
0.03358791778424512	
0.033556582058529516	
0.03352543654105016	
0.033494479301815074	
0.03346370844615725	
0.03343312211333674	
0.03340271847518608	
0.03337249573479667	
0.033342452125249396	
0.0333125859083891	
0.03328289537364238	
0.03325337883688014	
0.03322403463932289	
0.03319486114649117	
0.03316585674719664	
0.03313701985257701	
0.03310834889517225	
0.03307984232804028	
0.03305149862391386	
0.033023316274394116	
0.03299529378918312	
0.03296742969535166	
0.032939722536642416	
0.03291217087280654	
0.032884773278973045	
0.032857528345049285	
0.03283043467515127	
0.03280349088706285	
0.0327766956117222	
0.03275004749273434	
0.03272354518590909	
0.03269718735882235	
0.032670972690400694	
0.032644899870526725	
0.032618967599666294	
0.032593174588513726	
0.03256751955765718	
0.03254200123726076	
0.032516618366763735	
0.03249136969459669	
0.03246625397791158	
0.03244126998232751	
0.03241641648169077	
0.032391692257847354	
0.032367096100429316	
0.03234262680665323	
0.03231828318113095	
0.0322940640356914	
0.032269968189214876	
0.03224599446747717	
0.03222214170300518	
0.03219840873494324	
0.03217479440892962	
0.03215129757698297	
0.03212791709740023	
0.032104651834663434	
0.03208150065935715	
0.0320584624480968	
0.03203553608346558	
0.03201272045396365	
0.031990014453966056	
0.031967416983691786	
0.03194492694918381	
0.031922543262299	
0.03190026484070969	
0.03187809060791597	
0.03185601949326928	
0.03183405043200773	
0.031812182365302415	
0.03179041424031662	
0.03176874501027591	
0.03174717363455142	
0.03172569907875524	
0.031704320314848364	
0.03168303632126135	
0.03166184608302846	
0.031640748591934616	
0.03161974284667532	
0.03159882785303071	
0.0315780026240522	
0.031557266180263374	
0.031536617549873504	
0.03151605576900608	
0.03149557988193872	
0.031475188941358624	
0.031454882008629136	
0.03143465815407102	
0.03141451645725549	
0.031394456007310056	
0.03137447590323641	
0.031354575254239674	
0.031334753180069216	
0.03131500881136979	
0.03129534129004269	
0.03127574976961606	
0.03125623341562331	
0.03123679140599014	
0.031217422931426417	
0.031198127195825532	
0.031178903416666466	
0.031159750825420413	
0.031140668667958567	
0.031121656204960664	
0.031102712712323025	
0.031083837481563924	
0.031065029820224986	
0.031046289052267147	
0.031027614518459607	
0.031009005576759046	
0.03099046160267865	
0.030971981989643987	
0.03095356614933441	
0.030935213512008113	
0.03091692352680846	
0.03089869566204989	
0.030880529405481725	
0.030862424264527698	
0.0308443797664991	
0.030826395458780322	
0.030808470908984673	
0.03079060570507807	
0.03077279945547074	
0.030755051789073392	
0.030737362355318015	
0.03071973082414058	
0.030702156885926583	
0.030684640251415467	
0.030667180651565977	
0.030649777837380064	
0.03063243157968526	
0.030615141668875367	
0.030597907914608945	
0.03058073014546676	
0.030563608208567006	
0.030546541969139928	
0.03052953131006235	
0.030512576131352612	
0.03049567634962798	
0.03047883189752533	
0.03046204272308632	
0.030445308789109757	
0.030428630072472908	
0.030412006563423265	
0.030395438264843717	
0.03037892519149385	
0.0303624673692291	
0.03034606483420161	
0.0303297176320446	
0.03031342581704407	
0.03029718945130018	
0.030281008603882043	
0.03026488334997825	
0.03024881377004671	
0.030232799948967125	
0.030216841975198087	
0.030200939939943112	
0.030185093936327363	
0.030169304058589093	
0.030153570401287088	
0.030137893058527404	
0.030122272123212657	
0.030106707686314627	
0.030091199836172706	
0.03007574865782125	
0.030060354232346143	
0.03004501663627263	
0.03002973594098638	
0.03001451221218771	
0.029999345509381378	
0.02998423588540133	
0.029969183385971463	
0.029954188049303988	
0.029939249905732702	
0.029924368977384604	
0.02990954527788633	
0.029894778812108475	
0.029880069575943417	
0.029865417556119878	
0.02985082273005014	
0.029836285065711496	
0.029821804521558807	
0.029807381046469076	
0.02979301457971469	
0.02977870505096569	
0.029764452380318957	
0.029750256478353165	
0.029736117246207103	
0.02972203457568179	
0.029708008349362974	
0.029694038440762884	
0.02968012471448118	
0.02966626702638109	
0.0296524652237819	
0.02963871914566392	
0.02962502862288607	
0.029611393478414346	
0.029597813527559184	
0.02958428857822121	
0.029570818431143356	
0.029557402880169382	
0.029544041712505475	
0.029530734708986612	
0.029517481644344156	
0.02950428228747482	
0.029491136401711183	
0.029478043745090013	
0.029465004070620672	
0.029452017126551152	
0.02943908265663148	
0.02942620040037373	
0.029413370093308716	
0.029400591467237995	
0.029387864250481423	
0.029375188168119563	
0.029362562942230372	
0.029349988292121067	
0.0293374639345528	
0.02932498958395967	
0.02931256495266234	
0.029300189751073038	
0.0292878636878965	
0.029275586470321784	
0.029263357804209446	
0.029251177394270824	
0.029239044944240802	
0.029226960157044343	
0.029214922734955844	
0.0292029323797525	
0.02919098879286045	
0.029179091675495705	
0.029167240728797315	
0.029155435653956133	
0.02914367615233619	
0.029131961925590838	
0.02912029267577321	
0.02910866810544108	
0.029097087917756004	
0.02908555181657815	
0.029074059506554797	
0.029062610693205	
0.02905120508299923	
0.029039842383433892	
0.029028522303102485	
0.02901724455176162	
0.029006008840393466	
0.02899481488126419	
0.028983662387978417	
0.02897255107553074	
0.028961480660352857	
0.02895045086035816	
0.028939461394983105	
0.028928511985224902	
0.028917602353677702	
0.028906732224564288	
0.02889590132376666	
0.02888510937885348	
0.0288743561191049	
0.028863641275536166	
0.028852964580917774	
0.028842325769794647	
0.02883172457850283	
0.028821160745184423	
0.02881063400980153	
0.028800144114147146	
0.028789690801855897	
0.028779273818412426	
0.02876889291115911	
0.028758547829301633	
0.028748238323914103	
0.028737964147942677	
0.028727725056208075	
0.02871752080540708	
0.02870735115411322	
0.028697215862776314	
0.028687114693721368	
0.028677047411146715	
0.02866701378112091	
0.02865701357157975	
0.02864704655232189	
0.028637112495004075	
0.028627211173135974	
0.028617342362074416	
0.028607505839017028	
0.0285977013829951	
0.02858792877486678	
0.028578187797309234	
0.028568478234810447	
0.02855879987366117	
0.028549152501945913	
0.02853953590953386	
0.028529949888070276	
0.028520394230965918	
0.028510868733387953	
0.028501373192249695	
0.02849190740620039	
0.028482471175615014	
0.028473064302583388	
0.028463686590899883	
0.028454337846051954	
0.02844501787520976	
0.0284357264872148	
0.028426463492568704	
0.02841722870342202	
0.028408021933562774	
0.02839884299840523	
0.02838969171497802	
0.028380567901913005	
0.028371471379433404	
0.02836240196934242	
0.02835335949501142	
0.02834434378136797	
0.02833535465488494	
0.02832639194356807	
0.028317455476944444	
0.028308545086050848	
0.028299660603422313	
0.02829080186308	
0.02828196870051968	
0.028273160952700264	
0.028264378458031775	
0.028255621056364113	
0.02824688858897541	
0.02823818089856012	
0.028229497829218082	
0.028220839226442494	
0.028212204937108798	
0.028203594809463193	
0.028195008693111225	
0.028186446439006536	
0.0281779078994396	
0.02816939292802645	
0.028160901379697553	
0.028152433110686662	
0.02814398797851988	
0.028135565842004325	
0.028127166561217685	
0.028118789997496833	
0.02811043601342726	
0.02810210447283216	
0.028093795240761953	
0.02808550818348316	
0.028077243168468314	
0.028069000064385133	
0.028060778741085965	
0.028052579069597607	
0.028044400922110822	
0.028036244171970096	
0.028028108693663224	
0.028019994362811464	
0.02801190105615918	
0.02800382865156387	
0.02799577702798621	
0.027987746065480046	
0.02797973564518295	
0.027971745649305664	
0.027963775961123195	
0.02795582646496465	
0.02794789704620381	
0.027939987591249618	
0.02793209798753681	
0.02792422812351616	
0.027916377888645625	
0.027908547173380635	
0.027900735869165364	
0.02789294386842312	
0.0278851710645476	
0.027877417351893842	
0.027869682625768943	
0.02786196678242362	
0.0278542697190433	
0.02784659133373902	
0.027838931525539238	
0.027831290194380888	
0.0278236672411008	
0.027816062567427333	
0.027808476075971957	
0.027800907670220754	
0.027793357254526124	
0.027785824734098713	
0.027778310014998808	
0.027770813004128817	
0.027763333609224537	
0.027755871738847637	
0.027748427302377584	
0.027741000210003617	
0.02773359037271705	
0.027726197702303546	
0.027718822111335265	
0.027711463513163337	
0.02770412182191027	
0.027696796952462348	
0.027689488820462294	
0.027682197342301693	
0.02767492243511365	
0.027667664016765927	
0.027660422005852885	
0.027653196321689135	
0.027645986884301966	
0.02763879361442427	
0.027631616433487917	
0.02762445526361617	
0.027617310027617494	
0.02761018064897825	
0.027603067051856018	
0.027595969161072962	
0.02758888690210911	
0.027581820201095748	
0.02757476898480877	
0.027567733180662385	
0.02756071271670238	
0.027553707521600045	
0.027546717524645513	
0.027539742655741637	
0.027532782845397778	
0.02752583802472362	
0.02751890812542286	
0.027511993079787554	
0.02750509282069131	
0.0274982072815842	
0.027491336396486387	
0.02748448009998215	
0.027477638327214303	
0.0274708110138784	
0.027463998096216833	
0.027457199511013265	
0.02745041519558725	
0.027443645087788085	
0.027436889125989877	
0.027430147249085827	
0.027423419396482785	
0.027416705508095808	
0.02741000552434296	
0.027403319386140032	
0.027396647034895343	
0.027389988412504344	
0.027383343461344647	
0.02737671212427113	
0.027370094344610296	
0.027363490066156026	
0.027356899233164034	
0.027350321790347232	
0.02734375768287093	
0.027337206856347825	
0.027330669256833223	
