0.11321988227169866	
0.06489510986105043	
0.061927158381086415	
0.060451981534202996	
0.059477309787141386	
0.05874245091441528	
0.05814574177118767	
0.05763817223629089	
0.05719258553567623	
0.05679232827124904	
0.05642636742841308	
0.05608694993396028	
0.055768393423396234	
0.05546643374025723	
0.05517787006572057	
0.05490037764583908	
0.05463241305211309	
0.054373159955317975	
0.05412247311370105	
0.053880785481500625	
0.05364895572511797	
0.053428054749375585	
0.05321911682610803	
0.05302290257965908	
0.05283972444948946	
0.052669365753282155	
0.05251109169699593	
0.05236372223741948	
0.05222572523059709	
0.05209529410369437	
0.0519703892613321	
0.05184873934811703	
0.05172781796392648	
0.05160484530695753	
0.05147693647953865	
0.05134164951439543	
0.0511982966471215	
0.051050017709211186	
0.05090496538922683	
0.05077329254023855	
0.0506607556894664	
0.05056659516695463	
0.050487223548315655	
0.05041931081162199	
0.05036036798618808	
0.05030852368200483	
0.05026233439137673	
0.05022068528227722	
0.05018272486925957	
0.05014780943949681	
0.05011545396662101	
0.050085291076836506	
0.05005703885206428	
0.05003047681821052	
0.05000542867504924	
0.049981750162038326	
0.0499593206377271	
0.04993803725265118	
0.049917810893931276	
0.04989856332549535	
0.0498802251320163	
0.04986273420500941	
0.04984603459845339	
0.04983007564047464	
0.049814811226391996	
0.04980019924355975	
0.04978620109467793	
0.04977278129673907	
0.04975990713958328	
0.04974754839251701	
0.0497356770504145	
0.04972426711275547	
0.049713294390455035	
0.049702736336355406	
0.04969257189599282	
0.049682781375822334	
0.04967334632653158	
0.04966424943942624	
0.049655474454170595	
0.049647006076405285	
0.04963882990397663	
0.049630932360679295	
0.049623300636575225	
0.04961592263406932	
0.04960878691904229	
0.04960188267643178	
0.04959519966973662	
0.04958872820398991	
0.04958245909181005	
0.04957638362218503	
0.04957049353169955	
0.04956478097794556	
0.04955923851489408	
0.04955385907003467	
0.049548635923111456	
0.04954356268631027	
0.04953863328576153	
0.0495338419442493	
0.04952918316502136	
0.049524651716613265	
0.04952024261860265	
0.049515951128228146	
0.049511772727802716	
0.04950770311286789	
0.049503738181036795	
0.04949987402147657	
0.04949610690499005	
0.04949243327465599	
0.0494888497369927	
0.049485353053612104	
0.04948194013333444	
0.0494786080247351	
0.04947535390909683	
0.04947217509374664	
0.04946906900575007	
0.04946603318594668	
0.049463065283304165	
0.04946016304957435	
0.04945732433423315	
0.04945454707969032	
0.04945182931675052	
0.049449169160316185	
0.049446564805314196	
0.0494440145228377	
0.049441516656489055	
0.04943906961891374	
0.049436671888514826	
0.0494343220063373	
0.049432018573114134	
0.049429760246464456	
0.0494275457382366	
0.049425373811985765	
0.049423243280583166	
0.04942115300394462	
0.04941910188687702	
0.0494170888770316	
0.049415112962962714	
0.04941317317228311	
0.04941126856991273	
0.04940939825641352	
0.04940756136640993	
0.049405757067085186	
0.04940398455675383	
0.04940224306350344	
0.049400531843904714	
0.049398850181783034	
0.04939719738705074	
0.049395572794596054	
0.049393975763226176	
0.04939240567466033	
0.049390861932572104	
0.049389343961676865	
0.04938785120686325	
0.049386383132365305	
0.049384939220973485	
0.049383518973283906	
0.0493821219069805	
0.04938074755615319	
0.049379395470645404	
0.049378065215432795	
0.04937675637003058	
0.04937546852792699	
0.04937420129604313	
0.049372954294216745	
0.04937172715471048	
0.04937051952173943	
0.049369331051022765	
0.0493681614093527	
0.04936701027418377	
0.04936587733323942	
0.04936476228413543	
0.04936366483402066	
0.0493625846992314	
0.04936152160496213	
0.049360475284948635	
0.049359445481165325	
0.04935843194353528	
0.0493574344296511	
0.04935645270450769	
0.049355486540246685	
0.04935453571590937	
0.049353600017201155	
0.04935267923626356	
0.04935177317145636	
0.049350881627147174	
0.04935000441350964	
0.0493491413463289	
0.04934829224681265	
0.04934745694141257	
0.049346635261647835	
0.04934582704393757	
0.049345032129438735	
0.04934425036388721	
0.04934348159744729	
0.049342725684562744	
0.04934198248381509	
0.04934125185778424	
0.04934053367291383	
0.04933982779938047	
0.049339134110965625	
0.049338452484931995	
0.049337782801901736	
0.049337124945737526	
0.049336478803427564	
0.04933584426497033	
0.049335221223264294	
0.04933460957399706	
0.049334009215537246	
0.04933342004882871	
0.04933284197728411	
0.04933227490668027	
0.04933171874505568	
0.04933117340260635	
0.04933063879158387	
0.04933011482619261	
0.04932960142248773	
0.049329098498271835	
0.0493286059729935	
0.049328123767641424	
0.049327651804642034	
0.04932719000775266	
0.04932673830195509	
0.04932629661334721	
0.04932586486903256	
0.049325442997008695	
0.04932503092605291	
0.049324628585604775	
0.049324235905646836	
0.049323852816582206	
0.049323479249108404	
0.04932311513408797	
0.04932276040241512	
0.049322414984877945	
0.04932207881201693	
0.04932175181397775	
0.04932143392035919	
0.049321125060055135	
0.04932082516109265	
0.049320534150460664	
0.04932025195393425	
0.04931997849589123	
0.049319713699121456	
0.04931945748462725	
0.04931920977141633	
0.04931897047628577	
0.049318739513595944	
0.04931851679503514	
0.049318302229373376	
0.04931809572220471	
0.0493178971756788	
0.04931770648821954	
0.049317523554230115	
0.04931734826378624	
0.049317180502313235	
0.04931702015024834	
0.04931686708268885	
0.049316721169019966	
0.04931658227252968	
0.04931645025000112	
0.049316324951289243	
0.04931620621887413	
0.04931609388739507	
0.04931598778316202	
0.04931588772364374	
0.04931579351693158	
0.04931570496117764	
0.04931562184400684	
0.04931554394190128	
0.04931547101955471	
0.0493154028291975	
0.04931533910989032	
0.04931527958678342	
0.04931522397034419	
0.049315171955545856	
0.049315123221021925	
0.049315077428180754	
0.0493150342202795	
0.049314993221458506	
0.04931495403573055	
0.049314916245926745	
0.04931487941259595	
0.049314843072857335	
0.04931480673920247	
0.049314769898248394	
0.04931473200943738	
0.04931469250368441	
0.049314650781969095	
0.04931460621387137	
0.04931455813605149	
0.049314505850669446	
0.04931444862374673	
0.049314385683467486	
0.049314316218418926	
0.04931423937576933	
0.049314154259386754	
0.04931405992789394	
0.04931395539266293	
0.04931383961574863	
0.04931371150776301	
0.04931356992568957	
0.04931341367064158	
0.04931324148556563	
0.04931305205289304	
0.04931284399214213	
0.04931261585747563	
0.04931236613521798	
0.049312093241336515	
0.04931179551889508	
0.04931147123548308	
0.04931111858063219	
0.04931073566322558	
0.04931032050891196	
0.04930987105753464	
0.049309385160586396	
0.049308860578705475	
0.049308294979226445	
0.04930768593380046	
0.04930703091610522	
0.04930632729966031	
0.04930557235577082	
0.049304763251619185	
0.049303897048530394	
0.04930297070043533	
0.049301981052556856	
0.04930092484035188	
0.04929979868873439	
0.04929859911161353	
0.04929732251178116	
0.04929596518117997	
0.049294523301590565	
0.049292992945773835	
0.04929137007910552	
0.04928965056174234	
0.04928783015135671	
0.04928590450648035	
0.049283869190491734	
0.04928171967628677	
0.049279451351665525	
0.04927705952546664	
0.049274539434480805	
0.04927188625116501	
0.049269095092178826	
0.0492661610277566	
0.04926307909192027	
0.04925984429353276	
0.049256451628179716	
0.04925289609085854	
0.049249172689443246	
0.049245276458877246	
0.049241202476039775	
0.0492369458752113	
0.04923250186405491	
0.04922786574001217	
0.049223032907001064	
0.04921799889229052	
0.04921275936341035	
0.049207310144948224	
0.049201647235076015	
0.04919576682163788	
0.04918966529763126	
0.0491833392759102	
0.04917678560294065	
0.049170001371444796	
0.04916298393177913	
0.0491557309019042	
0.04914824017582027	
0.04914050993036094	
0.049132538630260666	
0.04912432503143671	
0.04911586818245198	
0.04910716742415283	
0.04909822238750724	
0.049089032989693374	
0.04907959942851986	
0.049069922175283186	
0.04906000196619174	
0.04904983979250841	
0.049039436889579666	
0.04902879472493398	
0.04901791498564294	
0.04900679956514186	
0.04899545054971284	
0.04898387020482325	
0.0489720609615159	
0.0489600254030274	
0.048947766251805996	
0.048935286357078236	
0.048922588683101405	
0.048909676298214265	
0.04889655236478004	
0.04888322013009532	
0.04886968291831485	
0.048855944123423554	
0.04884200720326406	
0.048827875674612234	
0.04881355310927319	
0.04879904313115564	
0.04878434941426708	
0.04876947568156173	
0.048754425704561774	
0.048739203303664734	
0.0487238123490438	
0.048708256762043226	
0.048692540516969925	
0.048676667643179565	
0.048660642227359406	
0.048644468415908027	
0.04862815041732245	
0.04861169250449955	
0.04859509901687354	
0.04857837436230903	
0.048561523018682946	
0.04854454953509377	
0.048527458532642447	
0.048510254704742836	
0.04849294281692151	
0.0484755277060794	
0.04845801427919496	
0.0484404075114547	
0.04842271244380677	
0.04840493417993802	
0.048387077882684905	
0.04836914876989167	
0.048351152109736284	
0.048333093215550904	
0.04831497744016734	
0.04829681016981993	
0.04827859681764779	
0.048260342816832946	
0.04824205361342224	
0.04822373465887439	
0.04820539140238269	
0.04818702928301647	
0.04816865372173319	
0.04815027011330769	
0.04813188381822318	
0.04811350015457494	
0.04809512439002829	
0.04807676173387519	
0.04805841732923287	
0.048040096245421354	
0.048021803470559316	
0.04800354390441155	
0.04798532235152111	
0.04796714351465477	
0.047949011988588155	
0.04793093225425509	
0.04791290867327777	
0.04789494548290158	
0.04787704679134176	
0.04785921657355813	
0.047841458667463914	
0.04782377677057497	
0.04780617443710195	
0.04778865507548519	
0.04777122194636926	
0.04775387816101466	
0.04773662668013539	
0.04771947031315674	
0.04770241171788018	
0.047685453400542296	
0.04766859771625404	
0.047651846869803054	
0.04763520291680317	
0.04761866776517022	
0.047602243176909496	
0.047585930770189355	
0.04756973202168485	
0.047553648269168906	
0.04753768071433019	
0.04752183042579662	
0.04750609834234413	
0.04749048527627047	
0.04747499191691119	
0.04745961883428176	
0.04744436648282349	
0.04742923520523634	
0.04741422523638065	
0.04739933670722922	
0.04738456964885539	
0.047369923996441056	
0.047355399593290035	
0.047340996194832924	
0.04732671347261237	
0.047312551018236004	
0.04729850834728594	
0.047284584903176906	
0.04727078006095381	
0.04725709313101893	
0.047243523362784666	
0.04723006994824494	
0.047216732025457786	
0.047203508681939045	
0.047190398957958346	
0.047177401849738974	
0.047164516312556436	
0.04715174126373417	
0.04713907558553717	
0.04712651812796036	
0.047114067711412896	
0.04710172312929945	
0.04708948315049697	
0.04707734652172945	
0.0470653119698426	
0.04705337820397816	
0.047041543917651266	
0.04702980779073315	
0.04701816849133937	
0.04700662467762957	
0.04699517499951678	
0.046983818100294276	
0.04697255261817771	
0.04696137718776851	
0.04695029044144122	
0.046939291010655554	
0.046928377527198126	
0.04691754862435744	
0.0469068029380313	
0.046896139107773877	
0.046885555777782306	
0.04687505159782728	
0.04686462522412836	
0.046854275320179675	
0.04684400055752491	
0.04683379961648708	
0.04682367118685403	
0.046813613968521746	
0.04680362667209915	
0.0467937080194749	
0.04678385674434831	
0.046774071592728256	
0.04676435132340026	
0.04675469470836227	
0.04674510053323473	
0.04673556759764221	
0.046726094715571084	
0.04671668071570391	
0.04670732444172947	
0.046698024752635375	
0.04668878052297636	
0.04667959064312804	
0.046670454019519386	
0.04666136957485096	
0.046652336248295026	
0.04664335299568178	
0.0466344187896704	
0.04662553261990674	
0.04661669349316662	
0.04660790043348783	
0.046599152482289165	
0.04659044869847695	
0.046581788158541866	
0.046573169956642714	
0.04656459320468127	
0.04655605703236459	
0.04654756058725967	
0.046539103034835154	
0.04653068355849532	
0.046522301359603106	
0.046513955657494194	
0.04650564568948105	
0.04649737071084805	
0.046489129994836155	
0.046480922832619904	
0.046472748533273316	
0.0464646064237279	
0.04645649584872072	
0.046448416170733746	
0.046440366769922886	
0.04643234704403938	
0.04642435640834151	
0.04641639429549564	
0.046408460155470975	
0.04640055345542314	
0.046392673679569035	
0.046384820329053764	
0.046376992921807234	
0.04636919099239295	
0.04636141409184765	
0.04635366178751271	
0.046345933662855894	
0.046338229317286005	
0.046330548365958596	
0.046322890439573876	
0.04631525518416629	
0.04630764226088615	
0.046300051345774765	
0.046292482129531194	
0.046284934317272	
0.04627740762828479	
0.046269901795774025	
0.04626241656660186	
0.04625495170102193	
0.04624750697240733	
0.04624008216697377	
0.046232677083497244	
0.04622529153302699	
0.04621792533859347	
0.046210578334912995	
0.0462032503680885	
0.046195941295305944	
0.046188650984529234	
0.046181379314190696	
0.046174126172880754	
0.046166891459035395	
0.046159675080620854	
0.04615247695481923	
0.04614529700771131	
0.04613813517396035	
0.04613099139649501	
0.04612386562619325	
0.0461167578215672	
0.046109667948446974	
0.046102595979669134	
0.04609554189476444	
0.04608850567964906	
0.04608148732631722	
0.04607448683253773	
0.0460675042015523	
0.04606053944177904	
0.046053592566517663	
0.046046663593659914	
0.04603975254540402	
0.04603285944797344	
0.04602598433134021	
0.046019127228953925	
0.04601228817747506	
0.04600546721651419	
0.04599866438837679	
0.045991879737813796	
0.045985113311777424	
0.04597836515918424	
0.045971635330683824	
0.04596492387843281	
0.045958230855877934	
0.0459515563175422	
0.04594490031882096	
0.045938262915781986	
0.045931644164974535	
0.045925044123243226	
0.0459184628475501	
0.04591190039480262	
0.04590535682168959	
0.04589883218452238	
0.04589232653908426	
0.045885839940486325	
0.04587937244302894	
0.0458729241000717	
0.045866494963908794	
0.04586008508565127	
0.0458536945151159	
0.04584732330072053	
0.045840971489384916	
0.04583463912643927	
0.04582832625553771	
0.04582203291857807	
0.045815759155627814	
0.045809505004855394	
0.04580327050246709	
0.04579705568265046	
0.04579086057752167	
0.04578468521707884	
0.04577852962916027	
0.04577239383940803	
0.045766277871235314	
0.04576018174579987	
0.04575410548198076	
0.045748049096359586	
0.045742012603206116	
0.045735996014468996	
0.045729999339766896	
0.04572402258638853	
0.04571806575929107	
0.045712128861105455	
0.045706211892143606	
0.04570031485040818	
0.04569443773160705	
0.0456885805291681	
0.045682743234259	
0.04567692583580812	
0.04567112832052783	
0.045665350672940246	
0.04565959287540585	
0.04565385490815201	
0.04564813674930544	
0.04564243837492479	
0.045636759759035465	
0.045631100873666286	
0.04562546168888572	
0.04561984217284143	
0.04561424229179971	
0.045608662010185055	
0.04560310129062304	
0.045597560093982005	
0.04559203837941359	
0.04558653610440045	
0.0455810532247949	
0.04557558969486752	
0.04557014546734807	
0.045564720493471954	
0.04555931472302458	
0.045553928104385556	
0.04554856058457367	
0.04554321210929149	
0.04553788262296965	
0.04553257206881135	
0.04552728038883647	
0.04552200752392396	
0.045516753413857	
0.04551151799736442	
0.04550630121216301	
0.04550110299500141	
0.04549592328169834	
0.04549076200718579	
0.04548561910554868	
0.045480494510063224	
0.04547538815323754	
0.045470299966849474	
0.045465229881981574	
0.04546017782906285	
0.04545514373790007	
0.04545012753771496	
0.04544512915718055	
0.04544014852445088	
0.04543518556719772	
0.04543024021264146	
0.04542531238758069	
0.045420402018426724	
0.04541550903123004	
0.045410633351709535	
0.045405774905284566	
0.04540093361709611	
0.045396109412038456	
0.045391302214784705	
0.04538651194980655	
0.04538173854140701	
0.045376981913736895	
0.04537224199081921	
0.045367518696575786	
0.04536281195484096	
0.045358121689387326	
0.04535344782394647	
0.04534879028222155	
0.04534414898791356	
0.045339523864735554	
0.04533491483642495	
0.045330321826772664	
0.04532574475962408	
0.04532118355890215	
0.045316638148626784	
0.04531210845291296	
0.04530759439600176	
0.04530309590226495	
0.04529861289620881	
0.04529414530250827	
0.04528969304599389	
0.04528525605167234	
0.045280834244750566	
0.045276427550612	
0.045272035894860084	
0.04526765920331509	
0.0452632974019982	
0.04525895041719177	
0.04525461817539528	
0.04525030060334711	
0.045245997628072444	
0.04524170917680643	
0.04523743517707927	
0.04523317555670109	
0.04522893024369943	
0.04522469916645848	
0.045220482253596234	
0.04521627943399908	
0.045212090636941225	
0.045207915791865554	
0.04520375482859339	
0.045199607677286854	
0.0451954742682478	
0.045191354532302205	
0.04518724840045593	
0.04518315580395186	
0.04517907667464373	
0.04517501094432035	
0.045170958545312966	
0.045166919410419636	
0.04516289347221308	
0.04515888066428551	
0.04515488092014581	
0.04515089417334275	
0.04514692035877518	
0.04514295941035603	
0.04513901126308158	
0.04513507585282902	
0.04513115311381631	
0.045127242983128125	
0.0451233453966986	
0.04511946028968596	
0.04511558760150979	
0.045111727266836626	
0.045107879223631374	
0.045104043412396724	
0.045100219765934584	
0.04509640822782312	
0.04509260873573104	
0.04508882122313641	
0.045085045640608924	
0.04508128191686532	
0.045077529994463614	
0.045073789825570545	
0.04507006132670464	
0.04506634446309009	
0.04506263916985888	
0.04505894536312065	
0.04505526303833715	
0.04505159208260817	
0.045047932454034476	
0.04504428415148583	
0.04504064699615467	
0.04503702106042705	
0.04503340624720237	
0.04502980237493133	
0.04502620967265135	
0.0450226277745266	
0.045019056735638885	
0.04501549678742166	
0.04501194719401839	
0.0450084086695494	
0.045004880855029454	
0.04500136303443562	
0.044997856824382586	
0.044994360218639264	
0.04499087402917004	
0.04498739975583405	
0.04498393315773235	
0.044980479278493385	
0.04497703556132314	
0.04497359828298576	
0.04497017813479487	
0.04496676143399758	
0.044963355537008164	
0.044959969116336165	
0.04495657397730322	
0.04495320743393875	
0.04494984710278208	
0.044946472272294216	
0.04494315814342047	
0.04493979982985178	
0.04493646591265126	
0.04493320458016379	
0.0449298106924537	
0.044926585068871504	
0.04492331285192116	
0.04491988533498846	
0.04491687153068196	
0.04491338897584071	
0.044910122226400305	
0.044907297239941586	
0.04490330891113927	
0.04490079944792561	
0.04489754828508577	
0.044893174722535636	
0.0448922727531777	
0.04488676862998726	
0.044883991004900765	
0.04488415040708189	
0.04487393752125979	
0.044878471274232036	
0.04487314996066763	
0.04486059600399736	
0.04487980850384785	
0.04485099304234822	
0.044858013771111385	
0.044882457586441715	
0.04481054724292937	
0.044897426186298925	
0.044851220459049004	
0.04477793365459381	
0.04501757146809693	
0.04473411449686018	
0.04491183713098075	
0.04513031944846879	
0.044693265968532674	
0.04567491451333809	
0.044992059411607395	
0.044807439408983185	
0.04583398492422188	
0.04495798280200937	
0.04585088123435553	
0.04548136412273166	
0.04483444024751232	
0.04607844503410315	
0.044829000639685285	
0.04551974002400893	
0.04537686139208958	
0.04477714306985995	
0.04595938083317588	
0.04480011326221584	
0.0454140683588413	
0.04524382318811115	
0.04472716430098343	
0.04576830334261997	
0.04476788928393429	
0.045351672862292663	
0.045199402207060244	
0.044701521944642886	
0.04574701827417453	
0.04475641521515783	
0.04535284318635353	
0.04515647142306281	
0.044685371148200266	
0.04568021675988872	
0.04473921158643151	
0.045369399652391784	
0.04512325262708065	
0.044672460877891354	
0.04564019733739584	
0.044729173452783745	
0.04540583683385915	
0.04509042513266606	
0.04466575509450368	
0.045584086023289616	
0.04471845105576677	
0.045440794685596045	
0.04505588678463437	
0.044661204828042915	
0.045527303237829685	
0.04470771682983343	
0.04547039551090757	
0.045018694247433634	
0.04465980187179135	
0.045465421364887716	
0.04469426013276341	
0.04549108069486277	
0.04497792976758442	
0.044660963969789434	
0.04540145219654688	
0.04467825225595165	
0.04550597818457989	
0.04493387664682186	
0.04466681456205961	
0.045333951192549314	
0.044659149427019915	
0.045517097814751876	
0.04488530155288874	
0.04468021516230362	
0.04526083958147391	
0.04463608803123374	
0.04552589492839455	
0.04482986617625302	
0.044707453217096835	
0.04517809456331483	
0.04460699982884021	
0.04553199484908422	
0.04476378292608215	
0.04476261419844742	
0.045081176637845444	
0.04456928868146193	
0.045531795638777135	
0.0446858247843759	
0.04487957648523378	
0.0449721768536592	
0.04452692680465655	
0.04550740441595692	
0.044619811192938216	
0.045119370712918445	
0.04488399811800491	
0.04452764970059558	
0.04539695206687707	
0.044621602395165195	
0.045435466036782654	
0.044836882094358335	
0.04463065300908235	
0.04518000421152922	
0.044582940365224394	
0.04551715712807083	
0.04472709283732032	
0.04472438236588732	
0.04500358585175064	
0.044515107843435715	
0.045495329055393476	
0.04461718818417374	
0.044928595959905816	
0.044850469857760714	
0.04446628832081331	
0.04539068141676702	
0.04457725692943737	
0.04530878121888037	
0.04478021352585548	
0.04457759045719699	
0.04513584888391622	
0.04455374254071735	
0.04551509381761861	
0.04467261433435749	
0.044756768714559386	
0.04488709874522186	
0.044448816898973294	
0.04540913229295621	
0.04455089693926226	
0.04505527583001196	
0.044761327524793136	
