0.646661811364237	
0.5926812562971816	
0.5502192820478391	
0.5165158872643321	
0.4894919288812772	
0.46759282328807267	
0.4496563974574358	
0.4348103131894013	
0.4223955730322731	
0.4119105168219937	
0.40297009954119833	
0.3952762896074486	
0.38859647561813127	
0.38274762534750095	
0.3775845843317978	
0.3729913671614526	
0.36887462564189905	
0.3651587114907395	
0.36178191570528156	
0.3586935828263799	
0.35585188063164047	
0.35322206448135773	
0.3507751176648833	
0.348486679540517	
0.3463361954243951	
0.34430623843289393	
0.34238196548151034	
0.34055067856471694	
0.3388014691199556	
0.33712492831135865	
0.335512909884676	
0.3339583351558719	
0.33245503192944553	
0.33099760086586105	
0.329581304154241	
0.3282019723886373	
0.32685592636267546	
0.32553991114000674	
0.32425104026611273	
0.32298674839046043	
0.3217447508897044	
0.3205230093401692	
0.3193197018948218	
0.31813319778689464	
0.31696203531750994	
0.31580490279447243	
0.31466062197896955	
0.313528133670162	
0.3124064851177988	
0.31129481900250655	
0.3101923637643251	
0.30909842509396573	
0.3080123784294603	
0.30693366232438424	
0.30586177257349073	
0.3047962569980959	
0.3037367108074326	
0.30268277246389785	
0.3016341199900341	
0.30059046766349	
0.29955156305336134	
0.2985171843574214	
0.29748713800496385	
0.29646125649446864	
0.29543939643914635	
0.29442143679673627	
0.2934072772628034	
0.29239683680926176	
0.291390052352007	
0.29038687753342207	
0.28938728160714944	
0.2883912484139574	
0.28739877543878734	
0.28640987294014986	
0.2854245631440312	
0.2844428794953007	
0.28346486596037984	
0.282490576375592	
0.28152007383621047	
0.2805534301217411	
0.2795907251534512	
0.278632046480576	
0.2776774887920008	
0.27672715345056226	
0.2757811480474098	
0.2748395859741375	
0.2739025860106504	
0.2729702719269439	
0.2720427720971806	
0.2711202191246259	
0.2702027494761834	
0.2692905031254062	
0.2683836232030122	
0.2674822556540541	
0.26658654890100847	
0.26569665351216387	
0.26481272187477617	
0.2639349078725612	
0.26306336656716767	
0.2621982538833623	
0.2613397262977191	
0.26048794053068175	
0.25964305324191994	
0.25880522072896284	
0.2579745986291413	
0.25715134162492337	
0.2563356031527621	
0.2555275351156255	
0.254727287599411	
0.25393500859347523	
0.25315084371555213	
0.25237493594134564	
0.2516074253391201	
0.25084844880962487	
0.25009813983171186	
0.24935662821402177	
0.24862403985312417	
0.2479004964985149	
0.24718611552487513	
0.24648100971200834	
0.24578528703287547	
0.2450990504501454	
0.2444223977216864	
0.24375542121541113	
0.2430982077338954	
0.242450838349173	
0.24181338824811016	
0.24118592658874716	
0.24056851636798252	
0.23996121430096892	
0.23936407071256102	
0.23877712944115165	
0.23820042775520273	
0.23763399628276458	
0.23707785895424882	
0.23653203295869712	
0.23599652871376575	
0.23547134984961193	
0.2349564932068429	
0.23445194884865714	
0.23395770008727382	
0.23347372352471019	
0.23299998910793532	
0.23253646019838817	
0.23208309365580743	
0.23163983993628384	
0.23120664320440226	
0.23078344145929403	
0.2303701666743818	
0.22996674495054825	
0.22957309668241435	
0.22918913673736557	
0.22881477464691577	
0.22844991480994947	
0.228094456707332	
0.2277482951273312	
0.22741132040123865	
0.22708341864853915	
0.22676447203091715	
0.22645435901435218	
0.2261529546385072	
0.22586013079256453	
0.22557575649663347	
0.22529969818780843	
0.22503182000992186	
0.22477198410601062	
0.22452005091248212	
0.2242758794539482	
0.22403932763767423	
0.2238102525465834	
0.22358851072974797	
0.22337395848930017	
0.22316645216270273	
0.22296584839933276	
0.2227720044303543	
0.22258477833088006	
0.22240402927346065	
0.2222296177719781	
0.22206140591507445	
0.22189925758829415	
0.221743038684187	
0.22159261729968513	
0.2214478639201366	
0.22130865158946536	
0.22117485606599893	
0.22104635596360347	
0.22092303287784693	
0.2208047714970078	
0.2206914596978387	
0.2205829886260854	
0.22047925276186092	
0.22038014997005972	
0.22028558153609204	
0.2201954521872986	
0.22010967010049556	
0.220028146896173	
0.219950797619938	
0.21987754071186918	
0.21980829796449897	
0.21974299447019296	
0.21968155855874563	
0.2196239217260345	
0.21957001855461528	
0.21951978662714777	
0.21947316643355905	
0.2194301012728508	
0.21939053715044834	
0.2193544226719768	
0.21932170893433292	
0.21929234941488138	
0.2192662998595855	
0.21924351817082738	
0.21922396429563715	
0.21920760011500054	
0.21919438933485835	
0.2191842973793588	
0.21917729128686825	
0.21917333960918278	
0.21917241231433227	
0.21917448069330142	
0.21917951727094298	
0.2191874957212973	
0.2191983907874811	
0.21921217820625563	
0.2192288346373373	
0.21924833759746734	
0.2192706653992163	
0.21929579709445926	
0.21932371242242765	
0.21935439176220756	
0.21938781608953173	
0.21942396693768954	
0.21946282636235906	
0.21950437691015082	
0.21954860159064174	
0.21959548385166902	
0.21964500755764613	
0.21969715697066558	
0.21975191673414837	
0.21980927185880325	
0.21986920771066648	
0.21993171000099274	
0.21999676477778268	
0.22006435841873556	
0.22013447762542657	
0.22020710941852253	
0.22028224113385347	
0.22035986041917904	
0.22043995523148888	
0.2205225138346988	
0.2206075247976067	
0.2206949769919917	
0.2207848595907458	
0.22087716206593686	
0.22097187418671999	
0.22106898601701433	
0.22116848791287713	
0.22127037051951534	
0.22137462476788033	
0.22148124187080145	
0.2215902133186195	
0.22170153087428837	
0.22181518656791877	
0.2219311726907411	
0.22204948178847417	
0.22217010665408507	
0.22229304031993444	
0.22241827604930023	
0.22254580732728116	
0.2226756278510785	
0.2228077315196648	
0.2229421124228377	
0.22307876482967948	
0.2232176831764179	
0.22335886205371513	
0.2235022961933861	
0.2236479804545692	
0.22379590980936143	
0.22394607932793673	
0.22409848416316744	
0.22425311953476545	
0.22440998071296672	
0.22456906300177978	
0.22473036172181873	
0.2248938721927485	
0.22505958971536344	
0.22522750955332385	
0.22539762691458026	
0.22556993693250685	
0.22574443464677812	
0.22592111498400927	
0.22609997273819715	
0.22628100255098504	
0.22646419889178593	
0.22664955603779322	
0.22683706805391085	
0.22702672877263547	
0.227218531773923	
0.22741247036507312	
0.22760853756066454	
0.22780672606257843	
0.2280070282401388	
0.22820943611041092	
0.22841394131869036	
0.2286205351192161	
0.22882920835614803	
0.22903995144484213	
0.2292527543534584	
0.22946760658494164	
0.22968449715940725	
0.22990341459697095	
0.23012434690105785	
0.2303472815422274	
0.23057220544255	
0.2307991049605708	
0.23102796587689772	
0.2312587733804475	
0.23149151205538537	
0.23172616586879383	
0.2319627181591037	
0.23220115162532115	
0.2324414483170858	
0.23268358962558808	
0.23292755627538403	
0.23317332831713206	
0.23342088512128684	
0.23367020537277813	
0.2339212670667001	
0.2341740475050457	
0.23442852329450126	
0.2346846703453392	
0.23494246387142048	
0.2352018783913355	
0.23546288773070476	
0.23572546502565223	
0.23598958272747328	
0.23625521260851173	
0.23652232576925675	
0.23679089264667214	
0.23706088302376674	
0.2373322660404096	
0.23760501020539676	
0.23787908340976713	
0.23815445294136814	
0.23843108550066333	
0.23870894721777577	
0.2389880036707551	
0.2392682199050529	
0.23954956045418874	
0.23983198936158523	
0.24011547020354687	
0.24039996611335254	
0.24068543980643098	
0.2409718536065801	
0.24125916947319173	
0.24154734902943817	
0.24183635359136976	
0.2421261441978767	
0.24241668164145388	
0.2427079264997153	
0.24299983916759438	
0.24329237989016045	
0.24358550879599064	
0.24387918593101732	
0.24417337129278083	
0.2444680248650121	
0.2447631066524595	
0.24505857671588577	
0.24535439520714528	
0.24565052240426274	
0.2459469187464227	
0.2462435448687866	
0.24654036163704832	
0.24683733018164253	
0.24713441193151917	
0.2474315686473944	
0.24772876245439973	
0.2480259558740386	
0.24832311185537348	
0.2486201938053608	
0.24891716561825844	
0.24921399170403055	
0.24951063701567758	
0.24980706707542746	
0.25010324799971884	
0.25039914652292045	
0.2506947300197305	
0.25098996652620414	
0.2512848247593635	
0.25157927413534914	
0.25187328478607657	
0.2521668275743671	
0.2524598741075268	
0.2527523967493538	
0.2530443686305591	
0.25333576365759036	
0.2536265565198536	
0.25391672269533877	
0.2542062384546458	
0.2544950808634324	
0.25478322778329276	
0.25507065787109134	
0.2553573505767749	
0.25564328613969334	
0.25592844558346567	
0.25621281070942464	
0.256496364088683	
0.2567790890528683	
0.25706096968357245	
0.25734199080056513	
0.25762213794882965	
0.257901397384471	
0.258179756059558	
0.2584572016059581	
0.25873372231822445	
0.25900930713560005	
0.2592839456231989	
0.259557627952432	
0.25983034488073725	
0.2601020877306833	
0.26037284836850694	
0.2606426191821513	
0.2609113930588666	
0.2611791633624371	
0.26144592391009647	
0.2617116689491924	
0.2619763931336581	
0.26224009150035554	
0.26250275944533724	
0.2627643927000941	
0.26302498730783125	
0.26328453959983195	
0.26354304617195823	
0.2638005038613318	
0.26405690972324786	
0.2643122610083605	
0.264566555140186	
0.2648197896929607	
0.2650719623698928	
0.26532307098184466	
0.26557311342647644	
0.2658220876678852	
0.2660699917167679	
0.2663168236111358	
0.2665625813976034	
0.26680726311327935	
0.26705086676827505	
0.2672933903288561	
0.2675348317012481	
0.2677751887161156	
0.26801445911372734	
0.26825264052981856	
0.26848973048215985	
0.26872572635784336	
0.2689606254012894	
0.26919442470298116	
0.26942712118892986	
0.26965871161087246	
0.2698891925372015	
0.2701185603446279	
0.2703468112105728	
0.27057394110628713	
0.2707999457906893	
0.27102482080492213	
0.2712485614676148	
0.2714711628708479	
0.2716926198768058	
0.2719129271151125	
0.2721320789808359	
0.2723500696331485	
0.27256689299463377	
0.27278254275122243	
0.27299701235274554	
0.273210295014087	
0.2734223837169237	
0.27363327121203246	
0.2738429500221493	
0.2740514124453633	
0.27425865055902443	
0.274464656224152	
0.2746694210903193	
0.27487293660099893	
0.2750751939993464	
0.275276184334405	
0.27547589846771064	
0.27567432708027334	
0.27587146067992085	
0.27606728960897853	
0.27626180405226697	
0.2764549940453973	
0.2766468494833401	
0.27683736012925203	
0.2770265156235343	
0.27721430549310666	
0.27740071916087317	
0.27758574595536084	
0.277769375120512	
0.27795159582560636	
0.2781323971752979	
0.2783117682197443	
0.27848969796480977	
0.2786661753823227	
0.2788411894203711	
0.27901472901361407	
0.27918678309359535	
0.2793573405990392	
0.27952639048611305	
0.27969392173863855	
0.27985992337823706	
0.280024384474394	
0.28018729415442445	
0.2803486416133295	
0.28050841612352473	
0.28066660704443397	
0.2808232038319266	
0.2809781960475951	
0.28113157336785555	
0.2812833255928611	
0.2814334426552201	
0.28158191462850524	
0.2817287317355472	
0.28187388435650484	
0.2820173630366995	
0.28215915849421	
0.28229926162722113	
0.2824376635211167	
0.2825743554553124	
0.28270932890982575	
0.28284257557157594	
0.2829740873404079	
0.2831038563348445	
0.28323187489755175	
0.28335813560052914	
0.28348263125001055	
0.28360535489108185	
0.2837262998120123	
0.2838454595482979	
0.2839628278864205	
0.28407839886731917	
0.2841921667895761	
0.28430412621232254	
0.2844142719578579	
0.284522599113995	
0.28462910303612393	
0.2847337793490073	
0.2848366239483	
0.28493763300180625	
0.2850368029504732	
0.28513413050912534	
0.2852296126669465	
0.28532324668771336	
0.2854150301097832	
0.28550496074584647	
0.28559303668244446	
0.2856792562792599	
0.28576361816818735	
0.28584612125218933	
0.2859267647039404	
0.2860055479642719	
0.2860824707404196	
0.28615753300408076	
0.28623073498929036	
0.2863020771901181	
0.2863715603581987	
0.2864391855000989	
0.28650495387452596	
0.28656886698939177	
0.2866309265987291	
0.28669113469947793	
0.28674949352813833	
0.2868060055573047	
0.28686067349208194	
0.2869135002663973	
0.28696448903920563	
0.28701364319060063	
0.2870609663178394	
0.2871064622312818	
0.2871501349502537	
0.2871919886988414	
0.28723202790162095	
0.28727025717932886	
0.28730668134448173	
0.2873413053969486	
0.2873741345194815	
0.2874051740732121	
0.2874344295931159	
0.28746190678345446	
0.28748761151319346	
0.2875115498114102	
0.287533727862686	
0.2875541520024967	
0.2875728287126005	
0.28758976461642655	
0.2876049664744762	
0.28761844117972835	
0.2876301957530662	
0.287640237338718	
0.287648573199724	
0.28765521071342615	
0.28766015736698747	
0.28766342075294565	
0.2876650085647988	
0.2876649285926311	
0.2876631887187786	
0.287659796913538	
0.28765476123092143	
0.28764808980445894	
0.28763979084305175	
0.2876298726268763	
0.2876183435033432	
0.28760521188311294	
0.2875904862361667	
0.2875741750879384	
0.28755628701550645	
0.28753683064384555	
0.2875158146421455	
0.28749324772018875	
0.2874691386247977	
0.2874434961363456	
0.2874163290653331	
0.2873876462490345	
0.28735745654821176	
0.2873257688438946	
0.2872925920342323	
0.2872579350314129	
0.28722180675865355	
0.28718421614725914	
0.28714517213375146	
0.28710468365706815	
0.287062759655832	
0.28701940906568874	
0.2869746408167166	
0.2869284638309037	
0.28688088701969355	
0.28683191928160406	
0.28678156949990935	
0.2867298465403941	
0.28667675924917185	
0.2866223164505753	
0.28656652694510804	
0.28650939950746634	
0.28645094288462386	
0.2863911657939826	
0.28633007692158785	
0.28626768492040616	
0.28620399840866584	
0.286139025968261	
0.28607277614321425	
0.286005257438202	
0.2859364783171383	
0.2858664472018184	
0.2857951724706176	
0.285722662457251	
0.28564892544958703	
0.2855739696885155	
0.28549780336687186	
0.2854204346284152	
0.285341871566856	
0.2852621222249385	
0.2851811945935718	
0.2850990966110132	
0.2850158361620966	
0.2849314210775117	
0.28484585913312965	
0.2847591580493752	
0.28467132549064067	
0.2845823690647495	
0.284492296322459	
0.2844011147570059	
0.28430883180369537	
0.2842154548395296	
0.28412099118287276	
0.28402544809316116	
0.2839288327706456	
0.2838311523561724	
0.28373241393100224	
0.28363262451666166	
0.28353179107482884	
0.2834299205072566	
0.2833270196557231	
0.2832230953020181	
0.2831181541679573	
0.28301220291543044	
0.28290524814647383	
0.28279729640337764	
0.2826883541688148	
0.2825784278660028	
0.2824675238588866	
0.2823556484523514	
0.28224280789245726	
0.28212900836669974	
0.282014256004294	
0.2818985568764795	
0.28178191699685057	
0.28166434232170445	
0.2815458387504143	
0.2814264121258174	
0.2813060682346285	
0.2811848128078681	
0.28106265152130994	
0.28093958999594826	
0.2808156337984798	
0.2806907884418034	
0.28056505938553633	
0.2804384520365463	
0.2803109717494968	
0.2801826238274094	
0.28005341352223845	
0.27992334603546054	
0.2797924265186757	
0.2796606600742237	
0.2795280517558094	
0.2793946065691436	
0.2792603294725911	
0.2791252253778347	
0.27898929915054493	
0.27885255561106387	
0.27871499953509604	
0.278576635654411	
0.2784374686575535	
0.27829750319056323	
0.2781567438577032	
0.27801519522219525	
0.2778728618069648	
0.27772974809539197	
0.27758585853207113	
0.27744119752357677	
0.277295769439235	
0.2771495786119042	
0.27700262933875935	
0.27685492588208394	
0.27670647247006663	
0.27655727329760454	
0.27640733252710936	
0.2762566542893238	
0.2761052426841355	
0.2759531017814025	
0.2758002356217796	
0.27564664821754997	
0.2754923435534609	
0.2753373255875634	
0.2751815982520572	
0.2750251654541365	
0.27486803107684277	
0.2747101989799184	
0.2745516730006654	
0.2743924569548063	
0.27423255463734864	
0.2740719698234533	
0.2739107062693041	
0.2737487677129817	
0.27358615787533935	
0.27342288046088276	
0.2732589391586509	
0.2730943376431005	
0.27292907957499224	
0.27276316860228067	
0.2725966083610054	
0.2724294024761853	
0.2722615545627138	
0.27209306822625856	
0.2719239470641625	
0.2717541946663462	
0.2715838146162126	
0.2714128104915561	
0.2712411858654708	
0.27106894430726347	
0.2708960893833669	
0.2707226246582555	
0.27054855369536523	
0.2703738800580129	
0.2701986073103187	
0.2700227390181321	
0.26984627874995765	
0.2696692300778849	
0.2694915965785199	
0.2693133818339188	
0.2691345894325235	
0.2689552229700997	
0.26877528605067863	
0.26859478228749883	
0.26841371530395153	
0.2682320887345291	
0.26804990622577407	
0.26786717143723243	
0.26768388804240834	
0.26750005972972235	
0.2673156902034715	
0.2671307831847906	
0.26694534241262013	
0.2667593716446733	
0.266572874658406	
0.266385855251993	
0.2661983172453019	
0.26601026448087434	
0.2658217008249073	
0.26563263016823935	
0.2654430564273377	
0.26525298354529053	
0.2650624154928017	
0.26487135626918584	
0.26467980990337325	
0.2644877804549083	
0.2642952720149619	
0.2641022887073379	
0.2639088346894886	
0.263714914153531	
0.26352053132726705	
0.2633256904752077	
0.2631303958995993	
0.26293465194145527	
0.2627384629815882	
0.26254183344164805	
0.26234476778516375	
0.26214727051858633	
0.26194934619233756	
0.2617509994018601	
0.26155223478867384	
0.2613530570414327	
0.2611534708969875	
0.26095348114145	
0.2607530926112628	
0.26055231019427066	
0.2603511388307965	
0.26014958351471906	
0.2599476492945572	
0.2597453412745536	
0.2595426646157641	
0.25933962453715	
0.2591362263166725	
0.258932475292392	
0.2587283768635674	
0.2585239364917623	
0.25831915970194963	
0.25811405208362403	
0.2579086192919118	
0.257702867048686	
0.2574968011436854	
0.2572904274356316	
0.2570837518533528	
0.25687678039690576	
0.25666951913870234	
0.25646197422463607	
0.256254151875211	
0.25604605838667277	
0.2558377001321373	
0.255629083562726	
0.25542021520869607	
0.2552111016805752	
0.2550017496702942	
0.25479216595232235	
0.25458235738479856	
0.25437233091066574	
0.2541620935588023	
0.25395165244515333	
0.2537410147738602	
0.25353018783838766	
0.2533191790226511	
0.2531079958021381	
0.2528966457450302	
0.25268513651331953	
0.2524734758639236	
0.2522616716497935	
0.2520497318210209	
0.2518376644259378	
0.2516254776122118	
0.25141317962793513	
0.25120077882270914	
0.2509882836487188	
0.2507757026618029	
0.25056304452251554	
0.2503503179971771	
0.2501375319589198	
0.2499246953887203	
0.24971181737642423	
0.24949890712175873	
0.24928597393533378	
0.24907302723963162	
0.24886007656998224	
0.24864713157552595	
0.24843420202016153	
0.24822129778347915	
0.24800842886167696	
0.24779560536846132	
0.24758283753592944	
0.24737013571543218	
0.24715751037842043	
0.24694497211726785	
0.24673253164607595	
0.2465201998014523	
0.24630798754327138	
0.24609590595540673	
0.24588396624644027	
0.24567217975034483	
0.2454605579271388	
0.24524911236351504	
0.24503785477343643	
0.24482679699870372	
0.2446159510094912	
0.24440532890484826	
0.24419494291316826	
0.24398480539262107	
0.24377492883154814	
0.2435653258488228	
0.2433560091941666	
0.2431469917484296	
0.24293828652382446	
0.24272990666412095	
0.2425218654447935	
0.24231417627312146	
0.2421068526882446	
0.2418999083611667	
0.24169335709470974	
0.24148721282341545	
0.241281489613392	
0.24107620166210694	
0.24087136329812203	
0.24066698898076827	
0.24046309329976318	
0.2402596909747627	
0.2400567968548515	
0.2398544259179667	
0.239652593270255	
0.2394513141453586	
0.23925060390363362	
0.23905047803129217	
0.23885095213947186	
0.23865204196322784	
0.2384537633604476	
0.2382561323106833	
0.23805916491390489	
0.23786287738916528	
0.23766728607318266	
0.23747240741883416	
0.23727825799355684	
0.23708485447765906	
0.23689221366253801	
0.23670035244879922	
0.23650928784427816	
0.23631903696196377	
0.23612961701781704	
0.2359410453284868	
0.23575333930891793	
0.23556651646985338	
0.235380594415222	
0.2351955908394176	
0.2350115235244592	
0.23482841033703963	
0.23464626922544993	
0.234465118216387	
0.23428497541163448	
0.23410585898462316	
0.23392778717685958	
0.23375077829422913	
0.23357485070316564	
0.23340002282668995	
0.2332263131403112	
0.23305374016779282	
0.2328823224767779	
0.23271207867427626	
0.23254302740200508	
0.23237518733158793	
0.23220857715960685	
0.23204321560250393	
0.2318791213913362	
0.2317163132663765	
0.23155480997156158	
0.2313946302487856	
0.23123579283203707	
0.23107831644137758	
0.23092221977676042	
0.23076752151169022	
0.23061424028671793	
0.23046239470277405	
0.23031200331433743	
0.23016308462243693	
0.23001565706748703	
0.22986973902195623	
0.22972534878286646	
0.22958250456412171	
0.2294412244886703	
0.22930152658049222	
0.22916342875641876	
0.2290269488177776	
0.22889210444187036	
0.22875891317327346	
0.2286273924149718	
0.22849755941931635	
0.22836943127881393	
0.22824302491674425	
0.22811835707760605	
0.22799544431739366	
0.22787430299370579	
0.22775494925568426	
0.22763739903378735	
0.2275216680293961	
0.2274077717042588	
0.22729572526977135	
0.2271855436760968	
0.22707724160112785	
