0.795010054964855	
0.6496913332245579	
0.5627379241992273	
0.5089339920677738	
0.4741435889129519	
0.45068289646797566	
0.43427525764473346	
0.4224440692705915	
0.4136939689188853	
0.40708604040292196	
0.4020096627908713	
0.3980551771373484	
0.3949401122657857	
0.39246493104582975	
0.3904856321349693	
0.38889629612175697	
0.38761767708555345	
0.3865895708019676	
0.3857656013630598	
0.38510959166296965	
0.3845929926333621	
0.384193033552061	
0.38389137191231226	
0.38367309486049705	
0.38352597165047186	
0.3834398877260578	
0.3834064118552576	
0.38341846185330575	
0.3834700441398219	
0.38355604914230423	
0.38367208933376207	
0.3838143701016654	
0.3839795861060218	
0.38416483757838576	
0.38436756233420927	
0.3845854802518444	
0.3848165477063175	
0.385058920000891	
0.3853109202616543	
0.3855710135839679	
0.38583778546927167	
0.38610992378467446	
0.3863862036292469	
0.38666547461001693	
0.38694665012476137	
0.3872286983234353	
0.38751063447975614	
0.38779151455232264	
0.3880704297532218	
0.38834650197327897	
0.38861887993846295	
0.38888673599263723	
0.38914926341877687	
0.38940567422467737	
0.38965519733064075	
0.3898970771061021	
0.3901305722100212	
0.3903549546963923	
0.39056950935168716	
0.39077353323559405	
0.39096633540024556	
0.391147236766333	
0.3913155701372147	
0.3914706803344054	
0.3916119244397739	
0.3917386721314039	
0.3918503061014807	
0.39194622254573946	
0.39202583171503774	
0.39208855852047003	
0.3921338431841962	
0.3921611419287914	
0.3921699276984752	
0.3921596909060597	
0.3921299401998649	
0.39208020324521436	
0.3920100275154319	
0.3919189810875418	
0.3918066534381144	
0.39167265623490977	
0.39151662412016486	
0.3913382154815449	
0.3911371132069192	
0.39091302541927664	
0.39066568618821307	
0.39039485621454245	
0.3901003234847031	
0.3897819038917213	
0.3894394418196137	
0.38907281068819555	
0.38868191345536973	
0.3882666830740675	
0.387827082901118	
0.3873631070554234	
0.3868747807229301	
0.38636216040600463	
0.38582533411493547	
0.3852644214994232	
0.38467957391804763	
0.3840709744438601	
0.3834388378043934	
0.3827834102545554	
0.3821049693810538	
0.38140382383717913	
0.38068031300698074	
0.37993480659808343	
0.37916770416260687	
0.3783794345458923	
0.3775704552629856	
0.37674125180307366	
0.37589233686234363	
0.3750242495059997	
0.37413755426046363	
0.37323284013705516	
0.3723107195887592	
0.3713718274019672	
0.3704168195253866	
0.3694463718386067	
0.3684611788631095	
0.3674619524188037	
0.36644942022945326	
0.36542432448065554	
0.3643874203342902	
0.36333947440363523	
0.3622812631935859	
0.3612135715106516	
0.3601371908476331	
0.35905291774806636	
0.3579615521557183	
0.3568638957545641	
0.35576075030481885	
0.3546529159807001	
0.3535411897156875	
0.3524263635610919	
0.35130922306377943	
0.3501905456688841	
0.349071099153319	
0.3479516400958103	
0.346832912389097	
0.34571564579979813	
0.3446005545812844	
0.3434883361447031	
0.34237966979306345	
0.3412752155230485	
0.3401756128989149	
0.339081480002533	
0.33799341246327247	
0.33691198257106564	
0.33583773847559223	
0.3347712034741054	
0.3337128753899878	
0.3326632260436754	
0.33162270081711936	
0.3305917183124797	
0.32957067010526425	
0.32855992059163236	
0.32755980692910375	
0.3265706390694185	
0.3255926998818189	
0.3246262453645594	
0.323671504941988	
0.3227286818441108	
0.32179795356513224	
0.32087947239707276	
0.3199733660341986	
0.31907973824366204	
0.31819866959745713	
0.3173302182605177	
0.31647442082956645	
0.3156312932171295	
0.31480083157498906	
0.31398301325123423	
0.31317779777501936	
0.3123851278631083	
0.31160493044232174	
0.3108371176820642	
0.31008158803122127	
0.30933822725386906	
0.3086069094584314	
0.30788749811514315	
0.30717984705694523	
0.3064838014592325	
0.3057991987941947	
0.30512586975584693	
0.3044636391522101	
0.30381232676150033	
0.3031717481495809	
0.30254171544635233	
0.30192203807917306	
0.30131252346182014	
0.30071297763793087	
0.3001232058782646	
0.2995430132315387	
0.29897220502896926	
0.2984105873430274	
0.29785796740125986	
0.2973141539563556	
0.2967789576139267	
0.2962521911197458	
0.29573366960841224	
0.29522321081562114	
0.2947206352563766	
0.2942257663716194	
0.29373843064583843	
0.29325845769829095	
0.29278568035048774	
0.2923199346725882	
0.2918610600113125	
0.29140889900190753	
0.2909632975666132	
0.29052410490194386	
0.29009117345696606	
0.2896643589045922	
0.28924352010772386	
0.2888285190819014	
0.28841922095591394	
0.2880154939316218	
0.28761720924404294	
0.2872242411225533	
0.2868364667538517	
0.28645376624715857	
0.28607602260193243	
0.2857031216782282	
0.28533495216966853	
0.2849714055788676	
0.2846123761950295	
0.2842577610733428	
0.28390746001571976	
0.2835613755523626	
0.2832194129235995	
0.2828814800614124	
0.2825474875700671	
0.2822173487052707	
0.28189097935130303	
0.2815682979956041	
0.28124922570035615	
0.28093368607064445	
0.2806216052188589	
0.28031291172506234	
0.28000753659312777	
0.279705413202527	
0.2794064772557279	
0.2791106667212319	
0.27881792177236364	
0.27852818472198376	
0.2782413999533721	
0.27795751384757333	
0.27767647470756046	
0.27739823267960595	
0.2771227396722921	
0.2768499492736165	
0.27657981666667114	
0.27631229854438305	
0.27604735302381017	
0.27578493956048433	
0.27552501886328146	
0.27526755281028253	
0.2750125043660739	
0.27475983750090094	
0.27450951711206445	
0.27426150894791407	
0.27401577953475653	
0.2737722961069603	
0.27353102654049427	
0.2732919392901053	
0.2730550033302918	
0.27282018810019926	
0.2725874634525175	
0.2723567996064281	
0.2721281671046157	
0.271901536774319	
0.27167687969237625	
0.2714541671541784	
0.2712333706464382	
0.271014461823639	
0.2707974124880264	
0.2705821945729806	
0.27036878012959276	
0.2701571413162646	
0.2699472503911342	
0.2697390797071333	
0.2695326017094704	
0.26932778893533693	
0.2691246140156344	
0.26892304967851965	
0.26872306875457286	
0.2685246441833951	
0.26832774902144885	
0.2681323564509665	
0.26793843978975207	
0.26774597250171783	
0.26755492820800225	
0.2673652806985265	
0.26717700394385757	
0.2669900721072527	
0.26680445955677723	
0.266620140877385	
0.26643709088287637	
0.2662552846276428	
0.26607469741812734	
0.2658953048239338	
0.26571708268852584	
0.265540007139468	
0.2653640545981656	
0.2651892017890678	
0.26501542574830705	
0.26484270383174996	
0.26467101372244767	
0.26450033343746737	
0.26433064133410417	
0.2641619161154699	
0.26399413683545736	
0.26382728290308866	
0.2636613340862542	
0.2634962705148529	
0.26333207268334935	
0.2631687214527591	
0.2630061980520853	
0.2628444840792188	
0.262683561501327	
0.2625234126547506	
0.262364020244428	
0.2622053673428741	
0.2620474373887311	
0.26189021418491926	
0.2617336818964066	
0.2615778250476228	
0.26142262851953996	
0.26126807754644127	
0.2611141577124024	
0.26096085494750376	
0.26080815552379927	
0.2606560460510571	
0.2605045134722981	
0.26035354505914615	
0.2602031284070115	
0.26005325143012764	
0.2599039023564509	
0.2597550697224498	
0.25960674236779124	
0.25945890942994304	
0.2593115603387046	
0.259164684810683	
0.2590182728437208	
0.2588723147112942	
0.25872680095688777	
0.25858172238836147	
0.25843707007231226	
0.2582928353284485	
0.25814900972397814	
0.25800558506802407	
0.25786255340606967	
0.2577199070144452	
0.25757763839485803	
0.25743574026897537	
0.25729420557306143	
0.257153027452678	
0.25701219925744706	
0.2568717145358853	
0.25673156703031047	
0.2565917506718219	
0.2564522595753607	
0.2563130880348509	
0.25617423051842136	
0.256035681663714	
0.25589743627327566	
0.25575948931003967	
0.25562183589289217	
0.25548447129232904	
0.2553473909262003	
0.25521059035554494	
0.2550740652805145	
0.25493781153638523	
0.25480182508966	
0.25466610203425794	
0.25453063858779307	
0.25439543108793894	
0.254260475988882	
0.2541257698578573	
0.25399130937177233	
0.25385709131391304	
0.25372311257073266	
0.25358937012872185	
0.2534558610713605	
0.2533225825761463	
0.2531895319117037	
0.25305670643496697	
0.25292410358843986	
0.25279172089752877	
0.25265955596794804	
0.25252760648319544	
0.2523958702020982	
0.2522643449564272	
0.2521330286485763	
0.2520019192493083	
0.2518710147955644	
0.25174031338833497	
0.2516098131905928	
0.2514795124252837	
0.25134940937337824	
0.2512195023719764	
0.2510897898124712	
0.2509602701387635	
0.25083094184553123	
0.25070180347654863	
0.25057285362305737	
0.2504440909221836	
0.2503155140554056	
0.25018712174706503	
0.2500589127629254	
0.2499308859087727	
0.24980304002905973	
0.24967537400559156	
0.2495478867562522	
0.24942057723376887	
0.24929344442451626	
0.2491664873473578	
0.24903970505252204	
0.248913096620515	
0.2487866611610672	
0.2486603978121123	
0.2485343057388002	
0.24840838413253982	
0.24828263221007343	
0.2481570492125795	
0.24803163440480566	
0.24790638707422943	
0.24778130653024447	
0.2476563921033753	
0.24753164314451614	
0.24740705902419616	
0.2472826391318666	
0.24715838287521297	
0.24703428967949068	
0.24691035898687974	
0.24678659025586427	
0.2466629829606297	
0.24653953659048344	
0.24641625064929118	
0.2462931246549355	
0.24617015813879117	
0.24604735064521788	
0.24592470173107223	
0.24580221096523372	
0.24567987792814877	
0.24555770221139073	
0.24543568341723296	
0.24531382115823916	
0.2451921150568668	
0.24507056474508407	
0.24494916986400037	
0.2448279300635108	
0.24470684500195267	
0.2445859143457723	
0.24446513776920736	
0.2443445149539769	
0.24422404558898492	
0.24410372937003344	
0.24398356599954646	
0.2438635551863027	
0.24374369664518067	
0.24362399009690908	
0.24350443526783078	
0.2433850318896725	
0.24326577969932262	
0.24314667843861998	
0.2430277278541482	
0.24290892769703804	
0.2427902777227778	
0.24267177769103057	
0.24255342736545787	
0.24243522651355076	
0.24231717490646654	
0.24219927231887278	
0.2420815185287955	
0.24196391331747494	
0.2418464564692272	
0.24172914777130808	
0.24161198701378647	
0.24149497398941894	
0.24137810849353203	
0.2412613903239078	
0.2411448192806738	
0.24102839516619765	
0.240912117784986	
0.2407959869435875	
0.2406800024504997	
0.2405641641160783	
0.24044847175245326	
0.24033292517344448	
0.24021752419448375	
0.2401022686325384	
0.2399871583060392	
0.23987219303480978	
0.2397573726400002	
0.23964269694402301	
0.23952816577049116	
0.23941377894416013	
0.23929953629087053	
0.23918543763749472	
0.2390714828118852	
0.23895767164282436	
0.2388440039599776	
0.23873047959384833	
0.23861709837573344	
0.2385038601376836	
0.2383907647124611	
0.23827781193350414	
0.23816500163488913	
0.23805233365129672	
0.23793980781797794	
0.23782742397072365	
0.2377151819458328	
0.23760308158008486	
0.23749112271071163	
0.23737930517537092	
0.23726762881212135	
0.23715609345939867	
0.23704469895599298	
0.23693344514102674	
0.23682233185393403	
0.23671135893444054	
0.23660052622254568	
0.23648983355850342	
0.23637928078280596	
0.23626886773616773	
0.2361585942595093	
0.2360484601939433	
0.23593846538075997	
0.235828609661414	
0.23571889287751296	
0.23560931487080378	
0.23549987548316242	
0.23539057455658374	
0.23528141193316923	
0.23517238745512	
0.23506350096472597	
0.23495475230435808	
0.23484614131645934	
0.23473766784353822	
0.23462933172816064	
0.23452113281294354	
0.2344130709405484	
0.23430514595367513	
0.2341973576950563	
0.23408970600745177	
0.23398219073364437	
0.2338748117164344	
0.23376756879863547	
0.23366046182307068	
0.23355349063256853	
0.2334466550699595	
0.23333995497807303	
0.2332333901997334	
0.23312696057775859	
0.23302066595495632	
0.23291450617412185	
0.2328084810780367	
0.23270259050946543	
0.23259683431115458	
0.2324912123258311	
0.2323857243962	
0.23228037036494395	
0.23217515007472178	
0.23207006336816757	
0.23196511008788934	
0.2318602900764684	
0.2317556031764596	
0.23165104923038937	
0.2315466280807561	
0.23144233957003005	
0.2313381835406526	
0.23123415983503673	
0.2311302682955659	
0.23102650876459568	
0.23092288108445244	
0.23081938509743477	
0.23071602064581284	
0.23061278757182907	
0.23050968571769953	
0.2304067149256122	
0.23030387503773	
0.23020116589618997	
0.2300985873431042	
0.22999613922056086	
0.22989382137062433	
0.22979163363533706	
0.22968957585671926	
0.22958764787677058	
0.2294858495374711	
0.2293841806807815	
0.22928264114864486	
0.22918123078298744	
0.22907994942571985	
0.22897879691873765	
0.22887777310392315	
0.22877687782314612	
0.22867611091826556	
0.2285754722311297	
0.22847496160357852	
0.22837457887744403	
0.22827432389455224	
0.2281741964967238	
0.22807419652577574	
0.22797432382352215	
0.22787457823177668	
0.22777495959235203	
0.22767546774706343	
0.22757610253772798	
0.22747686380616733	
0.2273777513942084	
0.22727876514368503	
0.2271799048964392	
0.22708117049432208	
0.2269825617791962	
0.22688407859293577	
0.22678572077742978	
0.22668748817458087	
0.22658938062630887	
0.2264913979745511	
0.22639354006126447	
0.22629580672842572	
0.2261981978180344	
0.22610071317211256	
0.22600335263270732	
0.22590611604189215	
0.22580900324176728	
0.2257120140744626	
0.22561514838213753	
0.22551840600698325	
0.225421786791224	
0.22532529057711828	
0.22522891720696014	
0.2251326665230808	
0.22503653836784968	
0.2249405325836761	
0.22484464901301005	
0.2247488874983443	
0.2246532478822151	
0.22455773000720372	
0.22446233371593788	
0.22436705885109262	
0.22427190525539265	
0.22417687277161236	
0.22408196124257732	
0.223987170511167	
0.2238925004203141	
0.22379795081300685	
0.22370352153229045	
0.2236092124212674	
0.22351502332310005	
0.22342095408101068	
0.22332700453828322	
0.22323317453826455	
0.22313946392436523	
0.2230458725400617	
0.2229524002288966	
0.2228590468344799	
0.22276581220049085	
0.22267269617067872	
0.2225796985888635	
0.22248681929893815	
0.22239405814486884	
0.22230141497069617	
0.22220888962053692	
0.22211648193858463	
0.2220241917691109	
0.2219320189564665	
0.2218399633450822	
0.22174802477947067	
0.22165620310422662	
0.2215644981640284	
0.22147290980363885	
0.22138143786790654	
0.2212900822017667	
0.2211988426502423	
0.22110771905844545	
0.22101671127157752	
0.22092581913493115	
0.22083504249389035	
0.22074438119393266	
0.22065383508062852	
0.22056340399964472	
0.22047308779674213	
0.22038288631777922	
0.2202927994087125	
0.2202028269155965	
0.2201129686845862	
0.2200232245619362	
0.21993359439400328	
0.21984407802724634	
0.219754675308228	
0.21966538608361463	
0.2195762102001779	
0.21948714750479556	
0.2193981978444524	
0.2193093610662405	
0.21922063701736116	
0.2191320255451246	
0.2190435264969521	
0.21895513972037542	
0.2188668650630385	
0.2187787023726985	
0.21869065149722547	
0.21860271228460476	
0.21851488458293628	
0.21842716824043631	
0.218339563105438	
0.21825206902639185	
0.21816468585186694	
0.2180774134305515	
0.21799025161125324	
0.21790320024290105	
0.21781625917454495	
0.2177294282553567	
0.21764270733463173	
0.21755609626178796	
0.21746959488636847	
0.2173832030580408	
0.2172969206265981	
0.21721074744196014	
0.21712468335417318	
0.21703872821341183	
0.21695288186997852	
0.21686714417430483	
0.21678151497695203	
0.2166959941286117	
0.21661058148010634	
0.21652527688238973	
0.21644008018654812	
0.21635499124380064	
0.21627000990549955	
0.21618513602313125	
0.216100369448317	
0.2160157100328125	
0.21593115762851023	
0.2158467120874381	
0.21576237326176134	
0.21567814100378277	
0.21559401516594323	
0.21550999560082176	
0.21542608216113707	
0.2153422746997473	
0.21525857306965032	
0.21517497712398578	
0.21509148671603345	
0.21500810169921566	
0.21492482192709625	
0.21484164725338267	
0.21475857753192484	
0.21467561261671722	
0.21459275236189762	
0.21450999662174883	
0.21442734525069929	
0.21434479810332244	
0.21426235503433821	
0.21418001589861257	
0.21409778055115916	
0.21401564884713847	
0.21393362064185906	
0.21385169579077765	
0.21376987414949983	
0.21368815557378013	
0.2136065399195231	
0.2135250270427824	
0.21344361679976268	
0.213362309046819	
0.21328110364045783	
0.2132000004373368	
0.21311899929426595	
0.2130381000682069	
0.2129573026162743	
0.21287660679573586	
0.21279601246401275	
0.21271551947867923	
0.21263512769746423	
0.21255483697825103	
0.2124746471790771	
0.2123945581581358	
0.21231456977377539	
0.21223468188449973	
0.2121548943489692	
0.21207520702600002	
0.2119956197745657	
0.21191613245379623	
0.21183674492297888	
0.2117574570415586	
0.21167826866913816	
0.21159917966547892	
0.21152018989049984	
0.21144129920427943	
0.21136250746705426	
0.211283814539221	
0.2112052202813352	
0.21112672455411274	
0.2110483272184289	
0.21097002813531973	
0.21089182716598184	
0.21081372417177194	
0.2107357190142082	
0.21065781155496996	
0.21058000165589832	
0.21050228917899538	
0.21042467398642595	
0.21034715594051606	
0.2102697349037549	
0.21019241073879352	
0.21011518330844636	
0.2100380524756902	
0.2099610181036653	
0.20988408005567522	
0.20980723819518676	
0.20973049238583097	
0.20965384249140248	
0.20957728837585968	
0.20950082990332575	
0.20942446693808786	
0.20934819934459803	
0.2092720269874729	
0.20919594973149389	
0.20911996744160763	
0.20904407998292626	
0.20896828722072636	
0.20889258902045094	
0.20881698524770836	
0.20874147576827234	
0.20866606044808295	
0.20859073915324655	
0.20851551175003483	
0.20844037810488647	
0.20836533808440644	
0.20829039155536622	
0.20821553838470355	
0.20814077843952355	
0.20806611158709792	
0.20799153769486534	
0.2079170566304314	
0.20784266826156889	
0.20776837245621854	
0.2076941690824875	
0.20762005800865083	
0.20754603910315114	
0.20747211223459855	
0.20739827727177115	
0.20732453408361431	
0.20725088253924176	
0.20717732250793489	
0.2071038538591429	
0.20703047646248368	
0.20695719018774242	
0.20688399490487336	
0.20681089048399853	
0.20673787679540806	
0.2066649537095607	
0.20659212109708366	
0.2065193788287726	
0.20644672677559142	
0.20637416480867288	
0.20630169279931795	
0.20622931061899671	
0.2061570181393475	
0.20608481523217717	
0.20601270176946188	
0.20594067762334625	
0.20586874266614352	
0.20579689677033547	
0.20572513980857352	
0.20565347165367695	
0.20558189217863476	
0.20551040125660394	
0.20543899876091096	
0.20536768456505083	
0.20529645854268788	
0.20522532056765444	
0.20515427051395263	
0.2050833082557527	
0.20501243366739438	
0.20494164662338588	
0.2048709469984043	
0.20480033466729594	
0.2047298095050753	
0.20465937138692608	
0.20458902018820083	
0.20451875578442102	
0.20444857805127606	
0.20437848686462523	
0.20430848210049557	
0.20423856363508336	
0.20416873134475344	
0.20409898510603905	
0.20402932479564226	
0.20395975029043376	
0.2038902614674525	
0.2038208582039059	
0.20375154037717025	
0.2036823078647896	
0.203613160544477	
0.20354409829411335	
0.2034751209917481	
0.20340622851559878	
0.20333742074405095	
0.20326869755565857	
0.2032000588291436	
0.2031315044433957	
0.20306303427747302	
0.20299464821060081	
0.20292634612217303	
0.20285812789175064	
0.20278999339906292	
0.20272194252400624	
0.20265397514664493	
0.20258609114721052	
0.202518290406102	
0.2024505728038863	
0.20238293822129638	
0.20231538653923375	
0.20224791763876626	
0.20218053140112885	
0.20211322770772366	
0.20204600644011972	
0.20197886748005242	
0.20191181070942446	
0.20184483601030467	
0.20177794326492882	
0.20171113235569882	
0.2016444031651831	
0.2015777555761166	
0.20151118947139968	
0.2014447047340998	
0.20137830124744957	
0.2013119788948478	
0.2012457375598594	
0.20117957712621434	
0.2011134974778086	
0.20104749849870368	
0.20098158007312653	
0.20091574208546878	
0.20084998442028798	
0.20078430696230634	
0.20071870959641125	
0.20065319220765507	
0.2005877546812542	
0.2005223969025905	
0.2004571187572099	
0.20039192013082305	
0.2003268009093045	
0.20026176097869333	
0.20019680022519246	
0.2001319185351688	
0.20006711579515313	
0.20000239189184	
0.19993774671208742	
0.19987318014291697	
0.1998086920715134	
0.19974428238522468	
0.1996799509715622	
0.19961569771820004	
0.19955152251297487	
0.19948742524388666	
0.1994234057990975	
0.19935946406693206	
0.1992955999358774	
0.19923181329458292	
0.19916810403185917	
0.19910447203668	
0.19904091719818	
0.19897743940565574	
0.19891403854856535	
0.19885071451652842	
0.1987874671993254	
0.19872429648689824	
0.1986612022693497	
0.19859818443694321	
0.19853524288010307	
0.198472377489414	
0.198409588155621	
0.19834687476962978	
0.1982842372225056	
0.19822167540547414	
0.19815918920992032	
0.19809677852738916	
0.19803444324958525	
0.19797218326837224	
0.1979099984757729	
0.19784788876396964	
0.19778585402530321	
0.19772389415227354	
0.19766200903753908	
0.19760019857391617	
0.19753846265438016	
0.19747680117206465	
0.19741521402026013	
0.19735370109241637	
0.19729226228213997	
0.19723089748319503	
0.19716960658950344	
0.1971083894951441	
0.1970472460943527	
0.1969861762815222	
0.19692517995120237	
