0.34838301057373744	
0.14854670009184306	
0.13551549637564378	
0.14545053554200468	
0.16902769582822458	
0.21690627512462965	
0.30408282290968763	
0.3823516308474272	
0.38799657268698	
0.3754874766650904	
0.3653223049942733	
0.3576019851187437	
0.35178728149266586	
0.3474180733963847	
0.3441293624240323	
0.3416434510417086	
0.33975391183053705	
0.3383088980406832	
0.3371969964110083	
0.33633628465862725	
0.33566623595661066	
0.3351418546222103	
0.33472946368669704	
0.33440368288188915	
0.33414525449518045	
0.33393947112120076	
0.333775031345972	
0.3336432009975007	
0.33353719388373626	
0.3334517112625047	
0.3333825969354145	
0.33332657718365893	
0.3332810634115866	
0.3332440014667295	
0.3332137559403357	
0.33318902085374	
0.333168750370478	
0.33315210479562163	
0.3331384083090164	
0.3331271157512422	
0.33311778642733547	
0.3331100633751148	
0.33310365690645394	
0.3330983315027022	
0.3330938953525036	
0.33309019197828177	
0.33308709351882637	
0.3330844953287963	
0.33308231162821716	
0.3330804719912223	
0.3330789185071631	
0.3330776034815083	
0.3330764875709949	
0.3330755382687556	
0.3330747286719867	
0.3330740364781149	
0.3330734431660062	
0.33307293332724963	
0.33307249411934503	
0.33307211481800186	
0.33307178645015023	
0.3330715014927386	
0.3330712536252268	
0.333071037525948	
0.3330708487043476	
0.33307068336260953	
0.3330705382813607	
0.3330704107251403	
0.3330702983641043	
0.33307019920907754	
0.333070111557602	
0.3330700339490452	
0.3330699651271788	
0.33306990400894954	
0.3330698496583429	
0.3330698012644964	
0.3330697581233176	
0.3330697196220217	
0.33306968522609726	
0.33306965446829434	
0.33306962693930287	
0.3330696022798389	
0.3330695801739239	
0.3330695603431384	
0.3330695425417322	
0.3330695265524188	
0.33306951218277697	
0.33306949926214474	
0.3330694876389457	
0.33306947717837637	
0.3330694677603968	
0.3330694592779918	
0.33306945163565344	
0.3330694447480552	
0.333069438538896	
0.3330694329398855	
0.33306942788985366	
0.3330694233339664	
0.33306941922303573	
0.33306941551290903	
0.3330694121639312	
0.3330694091404671	
0.33306940641047594	
0.3330694039451394	
0.3330694017185205	
0.33306939970727334	
0.33306939789036955	
0.3330693962488681	
0.3330693947656984	
0.3330693934254725	
0.33306939221431986	
0.3330693911197259	
0.3330693901304064	
0.3330693892361766	
0.33306938842784894	
0.33306938769713046	
0.333069387036532	
0.3330693864392962	
0.33306938589931984	
0.3330693854110912	
0.33306938496963123	
0.3330693845704448	
0.3330693842094696	
0.3330693838830359	
0.33306938358782806	
0.33306938332085045	
0.3330693830793959	
0.3330693828610171	
0.3330693826635032	
0.33306938248485546	
0.3330693823232677	
0.33306938217710536	
0.33306938204489484	
0.33306938192529945	
0.3330693818171145	
0.33306938171924777	
0.33306938163071365	
0.33306938155062016	
0.3330693814781612	
0.3330693814126069	
0.3330693813532994	
0.3330693812996414	
0.3330693812510947	
0.33306938120717045	
0.33306938116742746	
0.33306938113146867	
0.33306938109893186	
0.3330693810694912	
0.33306938104285216	
0.3330693810187458	
0.33306938099693306	
0.33306938097719485	
0.3330693809593329	
0.3330693809431687	
0.3330693809285406	
0.33306938091530386	
0.3330693809033241	
0.33306938089248256	
0.33306938088267046	
0.33306938087379084	
0.3330693808657543	
0.33306938085848065	
0.3330693808518975	
0.33306938084593907	
0.33306938084054694	
0.33306938083566556	
0.33306938083124754	
0.33306938082724874	
0.3330693808236292	
0.3330693808203528	
0.33306938081738735	
0.33306938081470294	
0.3330693808122735	
0.3330693808100735	
0.3330693808080827	
0.33306938080627985	
0.3330693808046488	
0.3330693808031712	
0.33306938080183424	
0.3330693808006236	
0.33306938079952825	
0.3330693807985359	
0.33306938079763804	
0.33306938079682447	
0.33306938079608805	
0.33306938079542187	
0.33306938079481807	
0.333069380794272	
0.3330693807937779	
0.33306938079332943	
0.3330693807929245	
0.33306938079255705	
0.3330693807922247	
0.3330693807919237	
0.33306938079165177	
0.3330693807914047	
0.33306938079118126	
0.3330693807909785	
0.33306938079079634	
0.3330693807906297	
0.33306938079047943	
0.333069380790344	
0.33306938079022025	
0.3330693807901085	
0.3330693807900077	
0.3330693807899163	
0.3330693807898331	
0.3330693807897587	
0.3330693807896913	
0.33306938078962955	
0.3330693807895734	
0.3330693807895225	
0.33306938078947734	
0.33306938078943665	
0.33306938078939907	
0.33306938078936477	
0.33306938078933485	
0.3330693807893061	
0.33306938078928044	
0.3330693807892587	
0.3330693807892379	
0.3330693807892187	
0.3330693807892015	
0.3330693807891867	
0.33306938078917264	
0.3330693807891599	
0.33306938078914883	
0.3330693807891385	
0.33306938078912884	
0.3330693807891205	
0.3330693807891125	
0.33306938078910603	
0.3330693807890997	
0.33306938078909354	
0.3330693807890889	
0.33306938078908377	
0.33306938078907944	
0.3330693807890757	
0.33306938078907194	
0.3330693807890684	
0.3330693807890666	
0.33306938078906384	
0.3330693807890616	
0.33306938078905873	
0.3330693807890574	
0.3330693807890563	
0.3330693807890538	
0.33306938078905274	
0.3330693807890511	
0.33306938078905046	
0.33306938078904974	
0.3330693807890485	
0.33306938078904674	
0.33306938078904696	
0.333069380789045	
0.33306938078904513	
0.33306938078904513	
0.33306938078904424	
0.33306938078904336	
0.333069380789043	
0.33306938078904264	
0.33306938078904225	
0.3330693807890418	
0.3330693807890413	
0.3330693807890418	
0.33306938078904147	
0.33306938078904136	
0.33306938078904086	
0.33306938078904064	
0.3330693807890404	
0.3330693807890406	
0.33306938078903947	
0.33306938078904014	
0.33306938078903986	
0.3330693807890401	
0.33306938078903936	
0.3330693807890398	
0.3330693807890396	
0.33306938078903964	
0.33306938078903947	
0.33306938078903964	
0.3330693807890392	
0.33306938078903936	
0.3330693807890392	
0.33306938078903897	
0.3330693807890389	
0.33306938078903925	
0.33306938078903947	
0.33306938078903925	
0.3330693807890392	
0.33306938078903914	
0.33306938078903914	
0.33306938078903914	
0.33306938078903864	
0.333069380789039	
0.33306938078903914	
0.3330693807890388	
0.3330693807890388	
0.33306938078903897	
0.33306938078903897	
0.33306938078903914	
0.333069380789039	
0.33306938078903897	
0.3330693807890388	
0.3330693807890389	
0.3330693807890388	
0.3330693807890389	
0.33306938078903875	
0.33306938078903875	
0.33306938078903875	
0.3330693807890385	
0.33306938078903864	
0.3330693807890387	
0.3330693807890389	
0.33306938078903875	
0.3330693807890387	
0.3330693807890389	
0.3330693807890388	
0.33306938078903875	
0.33306938078903864	
0.3330693807890385	
0.3330693807890385	
0.3330693807890385	
0.3330693807890383	
0.3330693807890383	
0.3330693807890384	
0.3330693807890384	
0.3330693807890384	
0.33306938078903836	
0.3330693807890385	
0.3330693807890385	
0.3330693807890386	
0.3330693807890384	
0.3330693807890386	
0.3330693807890386	
0.33306938078903864	
0.3330693807890386	
0.33306938078903864	
0.3330693807890386	
0.3330693807890385	
0.3330693807890385	
0.3330693807890386	
0.3330693807890386	
0.3330693807890386	
0.3330693807890386	
0.3330693807890386	
0.3330693807890386	
0.3330693807890386	
0.3330693807890386	
0.3330693807890386	
0.3330693807890386	
0.3330693807890386	
0.3330693807890386	
0.3330693807890386	
0.3330693807890386	
0.3330693807890386	
0.3330693807890386	
0.3330693807890386	
0.3330693807890386	
0.3330693807890386	
0.3330693807890386	
0.3330693807890386	
0.3330693807890386	
0.3330693807890386	
0.3330693807890386	
0.3330693807890386	
0.3330693807890386	
0.3330693807890386	
0.3330693807890386	
0.3330693807890386	
0.3330693807890386	
0.3330693807890386	
0.3330693807890386	
0.3330693807890386	
0.3330693807890386	
0.3330693807890386	
0.3330693807890386	
0.3330693807890386	
0.3330693807890386	
0.3330693807890386	
0.3330693807890386	
0.3330693807890386	
0.3330693807890386	
0.3330693807890386	
0.3330693807890386	
0.3330693807890386	
0.3330693807890386	
0.3330693807890386	
0.3330693807890386	
0.3330693807890386	
0.3330693807890386	
0.3330693807890386	
0.3330693807890386	
0.3330693807890386	
0.3330693807890386	
0.3330693807890386	
0.3330693807890386	
0.3330693807890386	
0.3330693807890386	
0.3330693807890386	
0.3330693807890386	
0.3330693807890386	
0.3330693807890386	
0.3330693807890386	
0.3330693807890386	
0.3330693807890386	
0.3330693807890386	
0.3330693807890386	
0.3330693807890386	
0.3330693807890386	
0.3330693807890386	
0.3330693807890386	
0.3330693807890386	
0.3330693807890386	
0.3330693807890386	
0.3330693807890386	
0.3330693807890386	
0.3330693807890386	
0.3330693807890386	
0.3330693807890386	
0.3330693807890386	
0.3330693807890386	
0.3330693807890386	
0.3330693807890386	
0.3330693807890386	
0.3330693807890386	
0.3330693807890386	
0.3330693807890386	
0.3330693807890386	
0.3330693807890386	
0.3330693807890386	
0.3330693807890386	
0.3330693807890386	
0.3330693807890386	
0.3330693807890386	
0.3330693807890386	
0.3330693807890386	
0.3330693807890386	
0.3330693807890386	
0.3330693807890386	
0.3330693807890386	
0.3330693807890386	
0.3330693807890386	
0.3330693807890386	
0.3330693807890386	
0.3330693807890386	
0.3330693807890386	
0.3330693807890386	
0.3330693807890386	
0.3330693807890386	
0.3330693807890386	
0.3330693807890386	
0.3330693807890386	
0.3330693807890386	
0.3330693807890386	
0.3330693807890386	
0.3330693807890386	
0.3330693807890386	
0.3330693807890386	
0.3330693807890386	
0.3330693807890386	
0.3330693807890386	
0.3330693807890386	
0.3330693807890386	
0.3330693807890386	
0.3330693807890386	
0.3330693807890386	
0.3330693807890386	
0.3330693807890386	
0.3330693807890386	
0.3330693807890386	
0.3330693807890386	
0.3330693807890386	
0.3330693807890386	
0.3330693807890386	
0.3330693807890386	
0.3330693807890386	
0.3330693807890386	
0.3330693807890386	
0.3330693807890386	
0.3330693807890386	
0.3330693807890386	
0.3330693807890386	
0.3330693807890386	
0.3330693807890386	
0.3330693807890386	
0.3330693807890386	
0.3330693807890386	
0.3330693807890386	
0.3330693807890386	
0.3330693807890386	
0.3330693807890386	
0.3330693807890386	
0.3330693807890386	
0.3330693807890386	
0.3330693807890386	
0.3330693807890386	
0.3330693807890386	
0.3330693807890386	
0.3330693807890386	
0.3330693807890386	
0.3330693807890386	
0.3330693807890386	
0.3330693807890386	
0.3330693807890386	
0.3330693807890386	
0.3330693807890386	
0.3330693807890386	
0.3330693807890386	
0.3330693807890386	
0.3330693807890386	
0.3330693807890386	
0.3330693807890386	
0.3330693807890386	
0.3330693807890386	
0.3330693807890386	
0.3330693807890386	
0.3330693807890386	
0.3330693807890386	
0.3330693807890386	
0.3330693807890386	
0.3330693807890386	
0.3330693807890386	
0.3330693807890386	
0.3330693807890386	
0.3330693807890386	
0.3330693807890386	
0.3330693807890386	
0.3330693807890386	
0.3330693807890386	
0.3330693807890386	
0.3330693807890386	
0.3330693807890386	
0.3330693807890386	
0.3330693807890386	
0.3330693807890386	
0.3330693807890386	
0.3330693807890386	
0.3330693807890386	
0.3330693807890386	
0.3330693807890386	
0.3330693807890386	
0.3330693807890386	
0.3330693807890386	
0.3330693807890386	
0.3330693807890386	
0.3330693807890386	
0.3330693807890386	
0.3330693807890386	
0.3330693807890386	
0.3330693807890386	
0.3330693807890386	
0.3330693807890386	
0.3330693807890386	
0.3330693807890386	
0.3330693807890386	
0.3330693807890386	
0.3330693807890386	
0.3330693807890386	
0.3330693807890386	
0.3330693807890386	
0.3330693807890386	
0.3330693807890386	
0.3330693807890386	
0.3330693807890386	
0.3330693807890386	
0.3330693807890386	
0.3330693807890386	
0.3330693807890386	
0.3330693807890386	
0.3330693807890386	
0.3330693807890386	
0.3330693807890386	
0.3330693807890386	
0.3330693807890386	
0.3330693807890386	
0.3330693807890386	
0.3330693807890386	
0.3330693807890386	
0.3330693807890386	
0.3330693807890386	
0.3330693807890386	
0.3330693807890386	
0.3330693807890386	
0.3330693807890386	
0.3330693807890386	
0.3330693807890386	
0.3330693807890386	
0.3330693807890386	
0.3330693807890386	
0.3330693807890386	
0.3330693807890386	
0.3330693807890386	
0.3330693807890386	
0.3330693807890386	
0.3330693807890386	
0.3330693807890386	
0.3330693807890386	
0.3330693807890386	
0.3330693807890386	
0.3330693807890386	
0.3330693807890386	
0.3330693807890386	
0.3330693807890386	
0.3330693807890386	
0.3330693807890386	
0.3330693807890386	
0.3330693807890386	
0.3330693807890386	
0.3330693807890386	
0.3330693807890386	
0.3330693807890386	
0.3330693807890386	
0.3330693807890386	
0.3330693807890386	
0.3330693807890386	
0.3330693807890386	
0.3330693807890386	
0.3330693807890386	
0.3330693807890386	
0.3330693807890386	
0.3330693807890386	
0.3330693807890386	
0.3330693807890386	
0.3330693807890386	
0.3330693807890386	
0.3330693807890386	
0.3330693807890386	
0.3330693807890386	
0.3330693807890386	
0.3330693807890386	
0.3330693807890386	
0.3330693807890386	
0.3330693807890386	
0.3330693807890386	
0.3330693807890386	
0.3330693807890386	
0.3330693807890386	
0.3330693807890386	
0.3330693807890386	
0.3330693807890386	
0.3330693807890386	
0.3330693807890386	
0.3330693807890386	
0.3330693807890386	
0.3330693807890386	
0.3330693807890386	
0.3330693807890386	
0.3330693807890386	
0.3330693807890386	
0.3330693807890386	
0.3330693807890386	
0.3330693807890386	
0.3330693807890386	
0.3330693807890386	
0.3330693807890386	
0.3330693807890386	
0.3330693807890386	
0.3330693807890386	
0.3330693807890386	
0.3330693807890386	
0.3330693807890386	
0.3330693807890386	
0.3330693807890386	
0.3330693807890386	
0.3330693807890386	
0.3330693807890386	
0.3330693807890386	
0.3330693807890386	
0.3330693807890386	
0.3330693807890386	
0.3330693807890386	
0.3330693807890386	
0.3330693807890386	
0.3330693807890386	
0.3330693807890386	
0.3330693807890386	
0.3330693807890386	
0.3330693807890386	
0.3330693807890386	
0.3330693807890386	
0.3330693807890386	
0.3330693807890386	
0.3330693807890386	
0.3330693807890386	
0.3330693807890386	
0.3330693807890386	
0.3330693807890386	
0.3330693807890386	
0.3330693807890386	
0.3330693807890386	
0.3330693807890386	
0.3330693807890386	
0.3330693807890386	
0.3330693807890386	
0.3330693807890386	
0.3330693807890386	
0.3330693807890386	
0.3330693807890386	
0.3330693807890386	
0.3330693807890386	
0.3330693807890386	
0.3330693807890386	
0.3330693807890386	
0.3330693807890386	
0.3330693807890386	
0.3330693807890386	
0.3330693807890386	
0.3330693807890386	
0.3330693807890386	
0.3330693807890386	
0.3330693807890386	
0.3330693807890386	
0.3330693807890386	
0.3330693807890386	
0.3330693807890386	
0.3330693807890386	
0.3330693807890386	
0.3330693807890386	
0.3330693807890386	
0.3330693807890386	
0.3330693807890386	
0.3330693807890386	
0.3330693807890386	
0.3330693807890386	
0.3330693807890386	
0.3330693807890386	
0.3330693807890386	
0.3330693807890386	
0.3330693807890386	
0.3330693807890386	
0.3330693807890386	
0.3330693807890386	
0.3330693807890386	
0.3330693807890386	
0.3330693807890386	
0.3330693807890386	
0.3330693807890386	
0.3330693807890386	
0.3330693807890386	
0.3330693807890386	
0.3330693807890386	
0.3330693807890386	
0.3330693807890386	
0.3330693807890386	
0.3330693807890386	
0.3330693807890386	
0.3330693807890386	
0.3330693807890386	
0.3330693807890386	
0.3330693807890386	
0.3330693807890386	
0.3330693807890386	
0.3330693807890386	
0.3330693807890386	
0.3330693807890386	
0.3330693807890386	
0.3330693807890386	
0.3330693807890386	
0.3330693807890386	
0.3330693807890386	
0.3330693807890386	
0.3330693807890386	
0.3330693807890386	
0.3330693807890386	
0.3330693807890386	
0.3330693807890386	
0.3330693807890386	
0.3330693807890386	
0.3330693807890386	
0.3330693807890386	
0.3330693807890386	
0.3330693807890386	
0.3330693807890386	
0.3330693807890386	
0.3330693807890386	
0.3330693807890386	
0.3330693807890386	
0.3330693807890386	
0.3330693807890386	
0.3330693807890386	
0.3330693807890386	
0.3330693807890386	
0.3330693807890386	
0.3330693807890386	
0.3330693807890386	
0.3330693807890386	
0.3330693807890386	
0.3330693807890386	
0.3330693807890386	
0.3330693807890386	
0.3330693807890386	
0.3330693807890386	
0.3330693807890386	
0.3330693807890386	
0.3330693807890386	
0.3330693807890386	
0.3330693807890386	
0.3330693807890386	
0.3330693807890386	
0.3330693807890386	
0.3330693807890386	
0.3330693807890386	
0.3330693807890386	
0.3330693807890386	
0.3330693807890386	
0.3330693807890386	
0.3330693807890386	
0.3330693807890386	
0.3330693807890386	
0.3330693807890386	
0.3330693807890386	
0.3330693807890386	
0.3330693807890386	
0.3330693807890386	
0.3330693807890386	
0.3330693807890386	
0.3330693807890386	
0.3330693807890386	
0.3330693807890386	
0.3330693807890386	
0.3330693807890386	
0.3330693807890386	
0.3330693807890386	
0.3330693807890386	
0.3330693807890386	
0.3330693807890386	
0.3330693807890386	
0.3330693807890386	
0.3330693807890386	
0.3330693807890386	
0.3330693807890386	
0.3330693807890386	
0.3330693807890386	
0.3330693807890386	
0.3330693807890386	
0.3330693807890386	
0.3330693807890386	
0.3330693807890386	
0.3330693807890386	
0.3330693807890386	
0.3330693807890386	
0.3330693807890386	
0.3330693807890386	
0.3330693807890386	
0.3330693807890386	
0.3330693807890386	
0.3330693807890386	
0.3330693807890386	
0.3330693807890386	
0.3330693807890386	
0.3330693807890386	
0.3330693807890386	
0.3330693807890386	
0.3330693807890386	
0.3330693807890386	
0.3330693807890386	
0.3330693807890386	
0.3330693807890386	
0.3330693807890386	
0.3330693807890386	
0.3330693807890386	
0.3330693807890386	
0.3330693807890386	
0.3330693807890386	
0.3330693807890386	
0.3330693807890386	
0.3330693807890386	
0.3330693807890386	
0.3330693807890386	
0.3330693807890386	
0.3330693807890386	
0.3330693807890386	
0.3330693807890386	
0.3330693807890386	
0.3330693807890386	
0.3330693807890386	
0.3330693807890386	
0.3330693807890386	
0.3330693807890386	
0.3330693807890386	
0.3330693807890386	
0.3330693807890386	
0.3330693807890386	
0.3330693807890386	
0.3330693807890386	
0.3330693807890386	
0.3330693807890386	
0.3330693807890386	
0.3330693807890386	
0.3330693807890386	
0.3330693807890386	
0.3330693807890386	
0.3330693807890386	
0.3330693807890386	
0.3330693807890386	
0.3330693807890386	
0.3330693807890386	
0.3330693807890386	
0.3330693807890386	
0.3330693807890386	
0.3330693807890386	
0.3330693807890386	
0.3330693807890386	
0.3330693807890386	
0.3330693807890386	
0.3330693807890386	
0.3330693807890386	
0.3330693807890386	
0.3330693807890386	
0.3330693807890386	
0.3330693807890386	
0.3330693807890386	
0.3330693807890386	
0.3330693807890386	
0.3330693807890386	
0.3330693807890386	
0.3330693807890386	
0.3330693807890386	
0.3330693807890386	
0.3330693807890386	
0.3330693807890386	
0.3330693807890386	
0.3330693807890386	
0.3330693807890386	
0.3330693807890386	
0.3330693807890386	
0.3330693807890386	
0.3330693807890386	
0.3330693807890386	
0.3330693807890386	
0.3330693807890386	
0.3330693807890386	
0.3330693807890386	
0.3330693807890386	
0.3330693807890386	
0.3330693807890386	
0.3330693807890386	
0.3330693807890386	
0.3330693807890386	
0.3330693807890386	
0.3330693807890386	
0.3330693807890386	
0.3330693807890386	
0.3330693807890386	
0.3330693807890386	
0.3330693807890386	
0.3330693807890386	
0.3330693807890386	
0.3330693807890386	
0.3330693807890386	
0.3330693807890386	
0.3330693807890386	
0.3330693807890386	
0.3330693807890386	
0.3330693807890386	
0.3330693807890386	
0.3330693807890386	
0.3330693807890386	
0.3330693807890386	
0.3330693807890386	
0.3330693807890386	
0.3330693807890386	
0.3330693807890386	
0.3330693807890386	
0.3330693807890386	
0.3330693807890386	
0.3330693807890386	
0.3330693807890386	
0.3330693807890386	
0.3330693807890386	
0.3330693807890386	
0.3330693807890386	
0.3330693807890386	
0.3330693807890386	
0.3330693807890386	
0.3330693807890386	
0.3330693807890386	
0.3330693807890386	
0.3330693807890386	
0.3330693807890386	
0.3330693807890386	
0.3330693807890386	
0.3330693807890386	
0.3330693807890386	
0.3330693807890386	
0.3330693807890386	
0.3330693807890386	
0.3330693807890386	
0.3330693807890386	
0.3330693807890386	
0.3330693807890386	
0.3330693807890386	
0.3330693807890386	
0.3330693807890386	
0.3330693807890386	
0.3330693807890386	
0.3330693807890386	
0.3330693807890386	
0.3330693807890386	
