0.47840524089889336	
0.44375164741181894	
0.441079895964753	
0.44074147738122443	
0.44244998190260043	
0.4453350263372434	
0.44810823089274326	
0.4498308338095821	
0.45032626243646867	
0.44991107562817073	
0.4489924164908036	
0.44787262767194475	
0.446724165161983	
0.44562750282017777	
0.44461330976719643	
0.4436909980727778	
0.44286355247432707	
0.4421333013091722	
0.44150298488522277	
0.4409749722190296	
0.44055014114816593	
0.4402270639738106	
0.4400016659179156	
0.4398673096629561	
0.4398151881732334	
0.439834901471393	
0.4399151089468168	
0.4400441700966898	
0.44021070916129934	
0.44040406243048313	
0.4406145899200678	
0.4408338532725564	
0.44105467671932186	
0.4412711165118621	
0.4414783667071559	
0.441672627072087	
0.44185095409773256	
0.4420111104386431	
0.44215142273772506	
0.44227065340897254	
0.4423678887200335	
0.44244244335947225	
0.44249378037917003	
0.4425214447353003	
0.4425250084041545	
0.4425040250610297	
0.4424579924677857	
0.44238632094316044	
0.4422883065447174	
0.4421631078478533	
0.4420097254550914	
0.4418269836058663	
0.4416135134866932	
0.4413677380709778	
0.44108785855570903	
0.44077184271955694	
0.4404174158147796	
0.44002205493603297	
0.4395829881949218	
0.4390972004818199	
0.43856144812696785	
0.43797228538907723	
0.4373261064056801	
0.43661920703158497	
0.43584787185525936	
0.43500849258486224	
0.43409772487470516	
0.43311269141268066	
0.432051239531326	
0.43091226144834055	
0.42969608402493664	
0.4284049319482175	
0.4270434624850539	
0.42561936008648954	
0.42414396362443574	
0.42263287663481264	
0.42110648145300555	
0.41959024388905436	
0.41811466260839053	
0.416714698527574	
0.41542853080659103	
0.4142955443082103	
0.41335356764384146	
0.41263554194856966	
0.4121659746280264	
0.4119576652946921	
0.4120092241960715	
0.4123037920219431	
0.41280908579152054	
0.41347839055796337	
0.4142512366355871	
0.4150509135615709	
0.41577379842097756	
0.41626887825177095	
0.4163455910702762	
0.41590868893212857	
0.4150061385049857	
0.4135704967596774	
0.41172549333978026	
0.40990152374874106	
0.40834682271808564	
0.40727413509458144	
0.4067245521357504	
0.4063854371284344	
0.40608509751173194	
0.4057696960882279	
0.40541975449504775	
0.4050444981944768	
0.4046542068211148	
0.40424311063086	
0.4037931089045672	
0.40328458823085395	
0.4027045639784638	
0.40204980484190167	
0.40132606866371606	
0.400545381444335	
0.39972294172075445	
0.3988745547991994	
0.39801495268619613	
0.39715706420075186	
0.39631217876861236	
0.39549089309024926	
0.3947047177421589	
0.3939682783367081	
0.39330219836021735	
0.3927369807535652	
0.3923183875710963	
0.3921146095756676	
0.3922243733412594	
0.3927830720345033	
0.3939640587316894	
0.395980244675205	
0.3990953511450735	
0.40361923031115515	
0.4099002657895158	
0.4184756478219508	
0.4297148899253047	
0.4423742098253858	
0.45463275206536036	
0.46408884638163495	
0.4691112633378092	
0.47086055659360276	
0.47119352023936173	
0.4714907767678274	
0.4721467500332269	
0.472879246036096	
0.4733485273316165	
0.4733445100557426	
0.47276514738254016	
0.4715970285030965	
0.46991561674606147	
0.46786697829073076	
0.4656291349133473	
0.46336828779378636	
0.46120767308910193	
0.4592190118630847	
0.4574320195366164	
0.45585008264910154	
0.45446352650405974	
0.4532579094835276	
0.45221809092520376	
0.45132961271689703	
0.45057872894692175	
0.4499520105264771	
0.44943605596175124	
0.4490175018779984	
0.4486832893334218	
0.4484210343655353	
0.4482193572717192	
0.4480680898984685	
0.44795834788984196	
0.4478824961006045	
0.4478340480233872	
0.44780753501437925	
0.44779836977162807	
0.4478027177864239	
0.44781738283755707	
0.44783970804946976	
0.44786749173890367	
0.44789891634493817	
0.4479324885292461	
0.4479669886539877	
0.4480014280829788	
0.4480350130069374	
0.44806711372443486	
0.4480972385044341	
0.4481250113142571	
0.44815015282352766	
0.44817246419573564	
0.44819181326011837	
0.4482081227217372	
0.44822136012069896	
0.4482315292948184	
0.44823866313595684	
0.44824281746015515	
0.4482440658368177	
0.44824249524344606	
0.4482382024304706	
0.4482312908962024	
0.4482218683851463	
0.44821004483437116	
0.4481959307024681	
0.4481796356241879	
0.44816126734126005	
0.4481409308663	
0.448118727842361	
0.4480947560654912	
0.4480691091419232	
0.4480418762551518	
0.4480131420213649	
0.44798298641437995	
0.44795148474361723	
0.4479187076706245	
0.44788472125133344	
0.44784958699264765	
0.44781336191307325	
0.4477760985980107	
0.4477378452410071	
0.4476986456626979	
0.44765853929947635	
0.4476175611539619	
0.4475757416992697	
0.44753310672878027	
0.44748967714264254	
0.4474454686616381	
0.44740049145821065	
0.4473547496935165	
0.4473082409482002	
0.44726095553334544	
0.44721287566658996	
0.44716397449687734	
0.44711421495965614	
0.4470635484426874	
0.447011913240933	
0.44695923277752886	
0.4469054135665749	
0.446850342892691	
0.44679388618228155	
0.4467358840424525	
0.44667614894618374	
0.4466144615471212	
0.4465505666151645	
0.44648416859579926	
0.4464149268132597	
0.44634245036154896	
0.44626629276016544	
0.44618594649514187	
0.4461008376233408	
0.4460103206912963	
0.44591367431179596	
0.4458100978534757	
0.44569870983117865	
0.4455785487352381	
0.44544857719904124	
0.4453076905625494	
0.44515473102139896	
0.4449885086210434	
0.4448078303123182	
0.4446115380635021	
0.444398556548044	
0.4441679501215241	
0.4439189876137052	
0.44365121189592005	
0.44336450934287597	
0.44305917243127174	
0.44273594719828585	
0.4423960566326782	
0.4420411918141087	
0.4416734651162141	
0.4412953240536335	
0.44090942989799714	
0.4405185110456712	
0.4401252060337808	
0.4397319138571605	
0.4393406690299878	
0.438953055527096	
0.4385701679477602	
0.43819262119502495	
0.4378206031582228	
0.4374539596782763	
0.43709229830166746	
0.4367350971385457	
0.43638180706739793	
0.4360319387446723	
0.4356851294937008	
0.4353411884455095	
0.4350001208504796	
0.43466213412388993	
0.43432762899729205	
0.43399717931596565	
0.4336715037889162	
0.43335143258294856	
0.4330378712218666	
0.43273176390189694	
0.4324340580923512	
0.43214567212934724	
0.43186746736810333	
0.43160022626259387	
0.4313446374284489	
0.43110128828481237	
0.43087066527541623	
0.43065316099482315	
0.430449086883891	
0.430258689614814	
0.4300821689560803	
0.4299196948524957	
0.4297714216873038	
0.429637498172397	
0.4295180719575147	
0.42941328875588325	
0.42932328644798345	
0.4292481851617129	
0.4291880746824495	
0.42914300070178873	
0.4291129513818746	
0.4290978455287895	
0.42909752338129076	
0.42911174068055624	
0.4291401663380626	
0.4291823836981006	
0.4292378951236762	
0.42930612943319935	
0.4293864515846976	
0.42947817394100246	
0.42958056844484166	
0.4296928790756173	
0.429814334036678	
0.42994415722050605	
0.43008157860762425	
0.43022584336354164	
0.43037621949907323	
0.4305320040477558	
0.4306925277868089	
0.43085715858402757	
0.4310253034925662	
0.4311964097401473	
0.43136996477109624	
0.43154549550100363	
0.43172256693746586	
0.4319007803083749	
0.43207977082385235	
0.4322592051806826	
0.4324387789004266	
0.4326182135752088	
0.4327972540791681	
0.43297566578911123	
0.4331532318452975	
0.433329750472473	
0.43350503237230603	
0.43367889819111616	
0.43385117606106965	
0.43402169920873085	
0.43419030362184396	
0.4343568257633424	
0.43452110032078595	
0.43468295797962736	
0.4348422232098794	
0.4349987120579818	
0.4351522299389283	
0.4353025694281769	
0.43544950805866767	
0.4355928061355087	
0.4357322045898365	
0.4358674229041245	
0.43599815715397205	
0.4361240782262205	
0.43624483029017497	
0.4363600296173928	
0.43646926386574936	
0.4365720919642272	
0.4366680447551551	
0.4367566265685164	
0.43683731791614644	
0.43690957949899983	
0.4369728577146327	
0.43702659183004994	
0.43707022294298425	
0.4371032047879008	
0.4371250163485227	
0.437135176114948	
0.4371332576721381	
0.437118906133177	
0.43709185474558626	
0.4370519408172497	
0.43699911994928425	
0.43693347744834354	
0.4368552357415171	
0.43676475665157544	
0.43666253752092365	
0.4365492004038864	
0.43642547387547237	
0.43629216741970145	
0.4361501388440319	
0.4360002556924306	
0.43584335216104725	
0.43568018350569615	
0.4355113803024759	
0.43533740510530455	
0.4351585139649385	
0.43497472488666106	
0.4347857946075726	
0.4345912041267448	
0.4343901523337995	
0.43418155599779906	
0.4339640534436009	
0.43373600856861183	
0.4334955114944392	
0.4332403720968455	
0.4329681028513136	
0.4326758877766707	
0.4323605346566351	
0.4320184080901296	
0.4316453412231141	
0.43123652424965486	
0.4307863679820071	
0.43028834105654507	
0.42973477976346613	
0.4291166701746333	
0.42842340332454726	
0.42764250586033287	
0.42675935116826524	
0.425756860252788	
0.42461520917916284	
0.42331157397620645	
0.42181997112778186	
0.42011130527428814	
0.41815384164981884	
0.41591453166453884	
0.4133620414041857	
0.41047316982288967	
0.40724595589607954	
0.4037256145812312	
0.4000533285170809	
0.3965491823530581	
0.3938261798558552	
0.39288190568014264	
0.3950364155683124	
0.40153710852709346	
0.4126542421570242	
0.42654262520542086	
0.43952159101090715	
0.44835110464961603	
0.4517534875143821	
0.4500776770599787	
0.4444920753971336	
0.436466795358842	
0.4274734893451702	
0.4187505269955907	
0.41112538107311036	
0.40496490827869125	
0.4002710464461868	
0.39684457115170585	
0.394424056557126	
0.3927635160223746	
0.39166073192692685	
0.39095988802106135	
0.3905447731021746	
0.3903302035149246	
0.390254376896816	
0.39027277700693197	
0.3903535355839439	
0.3904739792416231	
0.3906180884053065	
0.3907746407517641	
0.39093586153174303	
0.39109644607504773	
0.39125285390081566	
0.39140280009076694	
0.39154488939313814	
0.3916783533035793	
0.391802861290363	
0.39191838533839307	
0.3920251028176423	
0.3921233269042515	
0.3922134568262346	
0.3922959423917868	
0.39237125882420915	
0.39243988904748267	
0.3925023113670355	
0.39255899106250236	
0.3926103748188694	
0.3926568872160969	
0.39269892870852896	
0.3927368746777826	
0.3927710752532854	
0.39280185567501646	
0.392829517031857	
0.39285433725227165	
0.39287657225606576	
0.39289645719982375	
0.39291420776643704	
0.39293002146253814	
0.3929440788977516	
0.3929565450272788	
0.3929675703451535	
0.39297729201982884	
0.3929858349670916	
0.39299331285774675	
0.39299982905938274	
0.39300547751287884	
0.3930103435452911	
0.39301450462146037	
0.3930180310371424	
0.39302098655675827	
0.39302342899902615	
0.39302541077381126	
0.39302697937349473	
0.3930281778221224	
0.3930290450854691	
0.3930296164450458	
0.3930299238388807	
0.3930299961718063	
0.3930298595977526	
0.3930295377764275	
0.3930290521065762	
0.3930284219378497	
0.39302766476316214	
0.39302679639327864	
0.3930258311152108	
0.3930247818358912	
0.3930236602124588	
0.3930224767703726	
0.3930212410104901	
0.39301996150609575	
0.39301864599084185	
0.3930173014384241	
0.3930159341347637	
0.3930145497434058	
0.3930131533647475	
0.39301174958970053	
0.39301034254828077	
0.3930089359536177	
0.39300753314181497	
0.3930061371080405	
0.3930047505392052	
0.3930033758435603	
0.3930020151774867	
0.3930006704697488	
0.39299934344345827	
0.3929980356359499	
0.39299674841676885	
0.3929954830039612	
0.3929942404788038	
0.3929930217991386	
0.392991827811442	
0.3929906592617304	
0.3929895168054339	
0.3929884010163296	
0.392987312394602	
0.3929862513741475	
0.39298521832916883	
0.3929842135801331	
0.3929832373991585	
0.3929822900148728	
0.39298137161681124	
0.3929804823593757	
0.39297962236541445	
0.39297879172944544	
0.39297799052057075	
0.39297721878509617	
0.3929764765488976	
0.3929757638195483	
0.39297508058823394	
0.3929744268314814	
0.3929738025127039	
0.3929732075835996	
0.3929726419854026	
0.39297210565000307	
0.3929715985009596	
0.3929711204544053	
0.3929706714198476	
0.3929702513009043	
0.39296985999594225	
0.39296949739866055	
0.39296916339860677	
0.39296885788163616	
0.39296858073032	
0.3929683318243114	
0.3929681110406701	
0.39296791825414706	
0.392967753337436	
0.39296761616140524	
0.3929675065952876	
0.39296742450685784	
0.39296736976258406	
0.3929673422277657	
0.3929673417666436	
0.3929673682425067	
0.3929674215177783	
0.3929675014540951	
0.3929676079123662	
0.39296774075283836	
0.3929678998351369	
0.3929680850183076	
0.3929682961608541	
0.392968533120764	
0.3929687957555281	
0.3929690839221668	
0.3929693974772416	
0.39296973627686477	
0.39297010017671224	
0.3929704890320277	
0.3929709026976298	
0.39297134102791104	
0.392971803876842	
0.3929722910979697	
0.39297280254441697	
0.3929733380688827	
0.392973897523636	
0.39297448076051666	
0.39297508763092864	
0.39297571798583975	
0.3929763716757775	
0.39297704855082166	
0.39297774846060757	
0.39297847125431695	
0.3929792167806758	
0.3929799848879556	
0.3929807754239637	
0.3929815882360472	
0.39298242317108606	
0.392983280075494	
0.3929841587952171	
0.39298505917572935	
0.3929859810620379	
0.3929869242986761	
0.39298788872970913	
0.3929888741987309	
0.39298988054886663	
0.3929909076227736	
0.39299195526264175	
0.39299302331019764	
0.39299411160670616	
0.3929952199929721	
0.39299634830934377	
0.3929974963957183	
0.3929986640915419	
0.3929998512358162	
0.3930010576671032	
0.39300228322352865	
0.39300352774278724	
0.39300479106214636	
0.3930060730184558	
0.39300737344814796	
0.3930086921872505	
0.3930100290713852	
0.3930113839357797	
0.39301275661527363	
0.39301414694432196	
0.39301555475700584	
0.39301697988703804	
0.39301842216777094	
0.39301988143220357	
0.39302135751299094	
0.3930228502424486	
0.39302435945256353	
0.39302588497500207	
0.393027426641116	
0.39302898428195354	
0.3930305577282651	
0.39303214681051574	
0.39303375135888835	
0.39303537120329646	
0.39303700617339205	
0.3930386560985731	
0.3930403208079945	
0.39304200013057683	
0.3930436938950113	
0.3930454019297747	
0.3930471240631346	
0.39304886012315954	
0.3930506099377276	
0.3930523733345378	
0.3930541501411162	
0.3930559401848264	
0.3930577432928784	
0.39305955929233843	
0.39306138801013807	
0.39306322927308246	
0.39306508290786096	
0.3930669487410548	
0.3930688265991477	
0.3930707163085324	
0.3930726176955238	
0.3930745305863642	
0.3930764548072364	
0.39307839018426755	
0.3930803365435426	
0.39308229371111186	
0.39308426151299897	
0.39308623977521145	
0.39308822832374846	
0.3930902269846098	
0.39309223558380635	
0.39309425394736597	
0.3930962819013441	
0.393098319271833	
0.3931003658849686	
0.3931024215669404	
0.3931044861439988	
0.39310655944246575	
0.393108641288742	
0.39311073150931336	
0.3931128299307634	
0.3931149363797784	
0.39311705068315755	
0.39311917266781804	
0.3931213021608096	
0.3931234389893138	
0.39312558298065925	
0.39312773396232803	
0.3931298917619598	
0.39313205620736424	
0.39313422712652796	
0.39313640434761876	
0.39313858769899823	
0.39314077700922717	
0.3931429721070707	
0.39314517282151024	
0.393147378981749	
0.3931495904172191	
0.3931518069575872	
0.3931540284327665	
0.3931562546729191	
0.3931584855084653	
0.3931607207700915	
0.39316296028875475	
0.3931652038956934	
0.39316745142242815	
0.39316970270077733	
0.39317195756285506	
0.3931742158410833	
0.3931764773681965	
0.3931787419772495	
0.3931810095016222	
0.39318327977502726	
0.39318555263151767	
0.3931878279054898	
0.39319010543169236	
0.3931923850452329	
0.39319466658158214	
0.3931969498765805	
0.3931992347664441	
0.3932015210877737	
0.3932038086775565	
0.39320609737317147	
0.3932083870124026	
0.3932106774334338	
0.39321296847486276	
0.3932152599757059	
0.3932175517753962	
0.3932198437138012	
0.39322213563121755	
0.39322442736838115	
0.3932267187664729	
0.393229009667122	
0.39323129991241323	
0.39323358934489044	
0.3932358778075614	
0.39323816514390564	
0.3932404511978746	
0.39324273581390207	
0.3932450188369056	
0.39324730011229125	
0.3932495794859589	
0.3932518568043108	
0.3932541319142489	
0.3932564046631826	
0.39325867489903765	
0.39326094247025506	
0.39326320722579633	
0.3932654690151497	
0.3932677276883342	
0.39326998309590216	
0.3932722350889457	
0.39327448351909916	
0.3932767282385437	
0.3932789691000116	
0.39328120595679006	
0.3932834386627263	
0.39328566707222834	
0.39328789104027356	
0.39329011042240675	
0.3932923250747494	
0.3932945348539996	
0.3932967396174372	
0.3932989392229284	
0.39330113352892565	
0.3933033223944768	
0.3933055056792234	
0.393307683243405	
0.3933098549478665	
0.3933120206540555	
0.3933141802240315	
0.39331633352046397	
0.39331848040663797	
0.39332062074645796	
0.39332275440444975	
0.3933248812457622	
0.39332700113617386	
0.3933291139420932	
0.39333121953055933	
0.3933333177692521	
0.3933354085264865	
0.3933374916712216	
0.39333956707305845	
0.3933416346022489	
0.39334369412969	
0.3933457455269347	
0.3933477886661891	
0.3933498234203173	
0.39335184966284237	
0.3933538672679493	
0.39335587611048994	
0.39335787606597905	
0.39335986701060444	
0.39336184882122177	
0.3933638213753643	
0.39336578455123733	
0.3933677382277243	
0.3933696822843929	
0.39337161660148584	
0.39337354105993516	
0.3933754555413578	
0.3933773599280572	
0.3933792541030264	
0.39338113794995183	
0.3933830113532113	
0.3933848741978805	
0.39338672636972816	
0.393388567755225	
0.3933903982415396	
0.39339221771654437	
0.3933940260688141	
0.3933958231876288	
0.39339760896297393	
0.39339938328554513	
0.39340114604674614	
0.3934028971386919	
0.39340463645420903	
0.3934063638868383	
0.3934080793308348	
0.39340978268117205	
0.3934114738335369	
0.3934131526843389	
0.39341481913070453	
0.3934164730704824	
0.3934181144022442	
0.39341974302528243	
0.393421358839615	
0.39342296174598673	
0.39342455164586493	
0.3934261284414467	
0.3934276920356568	
0.3934292423321485	
0.39343077923530523	
0.39343230265024154	
0.3934338124828015	
0.39343530863956433	
0.3934367910278389	
0.39343825955567185	
0.39343971413183976	
0.3934411546658573	
0.3934425810679741	
0.3934439932491758	
0.39344539112118443	
0.39344677459646005	
0.39344814358820085	
0.3934494980103423	
0.39345083777756124	
0.3934521628052706	
0.39345347300962363	
0.3934547683075174	
0.3934560486165847	
0.39345731385520144	
0.39345856394248263	
0.3934597987982893	
0.3934610183432193	
0.39346222249861473	
0.39346341118655875	
0.39346458432987796	
0.39346574185213906	
0.39346688367765564	
0.39346800973148	
0.39346911993940725	
0.393470214227979	
0.39347129252447666	
0.3934723547569253	
0.3934734008540928	
0.3934744307454896	
0.39347544436137144	
0.3934764416327317	
0.3934774224913131	
0.3934783868695959	
0.39347933470080426	
0.39348026591890456	
0.3934811804586068	
0.39348207825536086	
0.39348295924535975	
0.39348382336553617	
0.393484670553567	
0.3934855007478678	
0.3934863138875946	
0.3934871099126458	
0.3934878887636573	
0.39348865038200725	
0.3934893947098109	
0.39349012168992326	
0.39349083126593815	
0.39349152338218735	
0.3934921979837404	
0.39349285501640313	
0.39349349442671977	
0.3934941161619676	
0.39349472017016285	
0.3934953064000559	
0.39349587480113196	
0.3934964253236081	
0.3934969579184383	
0.39349747253730694	
0.39349796913263096	
0.3934984476575591	
0.39349890806597143	
0.39349935031247785	
0.39349977435242006	
0.39350018014186366	
0.3935005676376075	
0.393500936797176	
0.3935012875788181	
0.3935016199415131	
0.3935019338449625	
0.3935022292495927	
0.39350250611655424	
0.3935027644077201	
0.3935030040856863	
0.39350322511376784	
0.3935034274560017	
0.39350361107714454	
0.39350377594266917	
0.3935039220187692	
0.3935040492723542	
0.3935041576710479	
0.39350424718318955	
0.39350431777783323	
0.3935043694247455	
0.3935044020944051	
0.39350441575800127	
0.39350441038743467	
0.3935043859553123	
0.39350434243495225	
0.39350427980037744	
0.39350419802631736	
0.3935040970882076	
0.39350397696218403	
0.3935038376250901	
0.3935036790544678	
0.3935035012285603	
0.3935033041263103	
0.39350308772735815	
0.3935028520120427	
0.3935025969613982	
0.39350232255715334	
0.3935020287817314	
0.39350171561824776	
0.393501383050509	
0.39350103106301265	
0.3935006596409445	
0.39350026877017785	
0.39349985843727375	
0.3934994286294777	
0.3934989793347195	
0.3934985105416124	
0.3934980222394492	
0.3934975144182064	
0.3934969870685363	
0.3934964401817713	
0.3934958737499192	
0.3934952877656627	
0.3934946822223584	
0.3934940571140367	
0.39349341243539954	
0.3934927481818144	
0.3934920643493229	
0.3934913609346314	
0.39349063793511246	
0.3934898953488022	
0.39348913317440176	
0.3934883514112715	
0.3934875500594337	
0.39348672911957044	
0.39348588859302036	
0.39348502848177846	
0.3934841487884941	
0.3934832495164694	
0.3934823306696605	
0.39348139225267204	
0.393480434270759	
0.3934794567298224	
0.39347845963641126	
0.39347744299771803	
