0.4231999435724419	
0.17879701899569225	
0.12867398811448222	
0.14283787501679715	
0.1957444511518952	
0.27945757914846464	
0.3175746743523775	
0.3014632428129285	
0.28283462376583635	
0.2670242362120057	
0.2537052178332367	
0.2424718825707709	
0.23297624465761635	
0.22492500525250766	
0.2180735378831449	
0.21221938842518429	
0.20719584346782524	
0.2028659788314484	
0.1991174114316203	
0.195857823800833	
0.1930112336600801	
0.19051493143772688	
0.18831699054466733	
0.18637425507231076	
0.18465071826077947	
0.18311621712400603	
0.18174538105943291	
0.18051678369537671	
0.17941225709285952	
0.178416335630626	
0.17751580358669383	
0.17669932579434133	
0.17595714501753215	
0.17528083306696804	
0.1746630853417349	
0.1740975505809794	
0.17357868926515782	
0.17310165541265918	
0.17266219755045695	
0.17225657545599407	
0.17188148991795701	
0.17153402328200473	
0.1712115889619378	
0.17091188842921928	
0.1706328744612046	
0.17037271964442433	
0.17012978930419137	
0.16990261817401403	
0.16968989023425354	
0.16949042124433758	
0.1693031435707314	
0.16912709297698308	
0.1689613970951373	
0.16880526534168894	
0.16865798007772587	
0.1685188888433009	
0.16838739752147522	
0.16826296430877202	
0.16814509438666742	
0.16803333520383054	
0.16792727229156315	
0.16782652554566874	
0.1677307459171527	
0.16763961246195078	
0.1675528297065212	
0.1674701252918356	
0.1673912478631692	
0.1673159651772789	
0.16724406240214973	
0.16717534058760433	
0.16710961528775017	
0.16704671531855667	
0.1669864816358714	
0.16692876632093884	
0.1668734316619997	
0.1668203493218866	
0.1667693995826837	
0.1667204706595433	
0.16667345807662745	
0.166628264098944	
0.16658479721451228	
0.16654297166191467	
0.16650270699881065	
0.1664639277074714	
0.1664265628338048	
0.16639054565670197	
0.16635581338488173	
0.1663223068786777	
0.16628997039448765	
0.16625875134982226	
0.16622860010710733	
0.16619946977456482	
0.1661713160226602	
0.1661440969147694	
0.1661177727508165	
0.1660923059227811	
0.16606766078105903	
0.1660438035107643	
0.16602070201714034	
0.1659983258193263	
0.16597664595179148	
0.16595563487281872	
0.16593526637946332	
0.16591551552846834	
0.16589635856267246	
0.16587777284247	
0.1658597367819377	
0.1658422297892571	
0.16582523221111892	
0.16580872528079046	
0.16579269106958616	
0.16577711244147664	
0.1657619730106069	
0.1657472571015155	
0.16573294971184901	
0.1657190364774042	
0.16570550363931794	
0.16569233801326527	
0.16567952696051602	
0.16566705836072507	
0.16565492058633519	
0.16564310247848343	
0.1656315933243067	
0.16562038283555425	
0.165609461128422	
0.1655988187045205	
0.1655884464329159	
0.165578335533157	
0.16556847755923965	
0.1655588643844411	
0.16554948818697215	
0.1655403414363936	
0.1655314168807518	
0.1655227075343874	
0.16551420666637745	
0.16550590778957192	
0.16549780465018799	
0.1654898912179318	
0.1654821616766126	
0.1654746104152237	
0.16546723201946234	
0.16546002126366333	
0.16545297310312143	
0.16544608266678026	
0.16543934525027484	
0.16543275630929366	
0.16542631145325778	
0.1654200064392892	
0.16541383716645633	
0.16540779967028513	
0.16540189011751455	
0.1653961048010905	
0.16539044013538004	
0.1653848926516002	
0.16537945899344417	
0.16537413591289854	
0.16536892026624347	
0.16536380901022166	
0.1653587991983717	
0.16535388797751446	
0.16534907258439135	
0.165344350342438	
0.1653397186586929	
0.16533517502083345	
0.1653307169943334	
0.1653263422197352	
0.16532204841002995	
0.16531783334814767	
0.1653136948845392	
0.16530963093486217	
0.16530563947775181	
0.16530171855268183	
0.16529786625790527	
0.1652940807484784	
0.16529036023435845	
0.16528670297857181	
0.16528310729545578	
0.16527957154896222	
0.16527609415102845	
0.16527267356000658	
0.1652693082791502	
0.16526599685515933	
0.16526273787677792	
0.16525952997343893	
0.165256371813965	
0.1652532621053094	
0.1652501995913466	
0.16524718305170447	
0.16524421130063652	
0.16524128318593734	
0.16523839758789255	
0.16523555341826812	
0.16523274961933196	
0.16522998516291476	
0.1652272590494964	
0.16522457030732926	
0.16522191799158775	
0.16521930118354974	
0.16521671898980334	
0.16521417054148232	
0.1652116549935256	
0.16520917152396228	
0.16520671933322098	
0.1652042976434611	
0.165201905697927	
0.16519954276032228	
0.1651972081142054	
0.16519490106240703	
0.16519262092646056	
0.16519036704605797	
0.16518813877851782	
0.16518593549827407	
0.16518375659637935	
0.16518160148002373	
0.16517946957206928	
0.16517736031060204	
0.16517527314849217	
0.16517320755297407	
0.1651711630052363	
0.16516913900002378	
0.16516713504525585	
0.16516515066165183	
0.1651631853823711	
0.16516123875266425	
0.16515931032953204	
0.16515739968139964	
0.1651555063877951	
0.1651536300390424	
0.1651517702359617	
0.16514992658957764	
0.16514809872083852	
0.16514628626034528	
0.16514448884808147	
0.1651427061331591	
0.16514093777357117	
0.16513918343594416	
0.1651374427953083	
0.16513571553486633	
0.16513400134577272	
0.1651322999269209	
0.16513061098473208	
0.16512893423295402	
0.16512726939246336	
0.16512561619107816	
0.16512397436336693	
0.16512234365047412	
0.1651207237999423	
0.16511911456554232	
0.16511751570710917	
0.1651159269903824	
0.16511434818684928	
0.16511277907359323	
0.16511121943314827	
0.16510966905335508	
0.16510812772722266	
0.16510659525279375	
0.16510507143301292	
0.1651035560755991	
0.16510204899292372	
0.16510055000188717	
0.1650990589238035	
0.16509757558428773	
0.16509609981314172	
0.1650946314442502	
0.16509317031547377	
0.16509171626854854	
0.16509026914898617	
0.1650888288059776	
0.1650873950922996	
0.16508596786422414	
0.16508454698142846	
0.16508313230691152	
0.1650817237069065	
0.16508032105080184	
0.16507892421106005	
0.16507753306314288	
0.1650761474854327	
0.1650747673591621	
0.16507339256834141	
0.16507202299968962	
0.16507065854256675	
0.1650692990889078	
0.1650679445331596	
0.16506659477221894	
0.16506524970536873	
0.16506390923422395	
0.16506257326267001	
0.16506124169680841	
0.1650599144449034	
0.16505859141732573	
0.16505727252650418	
0.1650559576868737	
0.16505464681482662	
0.16505333982866438	
0.16505203664855214	
0.16505073719647273	
0.16504944139618138	
0.16504814917316618	
0.1650468604546017	
0.1650455751693118	
0.16504429324772754	
0.1650430146218502	
0.16504173922521165	
0.16504046699283903	
0.16503919786121912	
0.16503793176826065	
0.165036668653265	
0.16503540845688774	
0.1650341511211099	
0.16503289658920536	
0.1650316448057096	
0.16503039571639072	
0.16502914926821927	
0.16502790540933981	
0.1650266640890444	
0.16502542525774413	
0.1650241888669434	
0.1650229548692135	
0.16502172321816894	
0.1650204938684411	
0.16501926677565595	
0.16501804189641012	
0.16501681918824787	
0.16501559860963966	
0.1650143801199598	
0.16501316367946667	
0.16501194924928145	
0.165010736791366	
0.16500952626850746	
0.16500831764429646	
0.16500711088310843	
0.16500590595008754	
0.1650047028111258	
0.16500350143284903	
0.16500230178259853	
0.1650011038284135	
0.16499990753901744	
0.16499871288380105	
0.16499751983280744	
0.16499632835671543	
0.1649951384268289	
0.1649939500150589	
0.16499276309391098	
0.1649915776364729	
0.16499039361639967	
0.1649892110079023	
0.16498802978573276	
0.16498684992517523	
0.16498567140203155	
0.16498449419260905	
0.1649833182737123	
0.16498214362262917	
0.16498097021711972	
0.16497979803540874	
0.16497862705617197	
0.16497745725852803	
0.16497628862202654	
0.1649751211266421	
0.16497395475275994	
0.16497278948117183	
0.1649716252930627	
0.1649704621700056	
0.1649693000939492	
0.1649681390472138	
0.16496697901247984	
0.16496581997278162	
0.16496466191149758	
0.1649635048123459	
0.16496234865937445	
0.16496119343695415	
0.16496003912977206	
0.16495888572282538	
0.16495773320141266	
0.16495658155112916	
0.16495543075785907	
0.1649542808077698	
0.1649531316873056	
0.16495198338318276	
0.1649508358823811	
0.16494968917214115	
0.16494854323995606	
0.16494739807356773	
0.16494625366096138	
0.16494510999035977	
0.16494396705021755	
0.16494282482921768	
0.16494168331626619	
0.1649405425004853	
0.16493940237121327	
0.16493826291799385	
0.1649371241305779	
0.1649359859989143	
0.16493484851314938	
0.16493371166361911	
0.16493257544084808	
0.16493143983554395	
0.16493030483859428	
0.16492917044106234	
0.1649280366341834	
0.16492690340936145	
0.16492577075816495	
0.16492463867232482	
0.16492350714372886	
0.16492237616441996	
0.16492124572659395	
0.16492011582259308	
0.1649189864449061	
0.16491785758616398	
0.16491672923913575	
0.16491560139672926	
0.16491447405198337	
0.1649133471980698	
0.16491222082828746	
0.1649110949360603	
0.16490996951493608	
0.16490884455858285	
0.16490772006078633	
0.1649065960154469	
0.1649054724165806	
0.16490434925831066	
0.16490322653487222	
0.16490210424060436	
0.1649009823699516	
0.16489986091746084	
0.16489873987777695	
0.16489761924564525	
0.16489649901590556	
0.1648953791834921	
0.16489425974343133	
0.1648931406908397	
0.16489202202092276	
0.16489090372897142	
0.16488978581036373	
0.16488866826055854	
0.16488755107509825	
0.164886434249604	
0.16488531777977627	
0.16488420166139148	
0.16488308589030215	
0.16488197046243325	
0.164880855373784	
0.16487974062042324	
0.16487862619848961	
0.16487751210419005	
0.16487639833379825	
0.16487528488365313	
0.1648741717501578	
0.16487305892977888	
0.16487194641904465	
0.16487083421454327	
0.16486972231292288	
0.16486861071088918	
0.16486749940520617	
0.1648663883926918	
0.16486527767022097	
0.16486416723472158	
0.16486305708317375	
0.16486194721260972	
0.16486083762011333	
0.16485972830281684	
0.16485861925790257	
0.16485751048260014	
0.16485640197418622	
0.16485529372998375	
0.16485418574736038	
0.16485307802372937	
0.16485197055654602	
0.16485086334330906	
0.1648497563815596	
0.1648486496688793	
0.16484754320288927	
0.16484643698125254	
0.1648453310016683	
0.16484422526187645	
0.16484311975965232	
0.16484201449280886	
0.16484090945919438	
0.16483980465669393	
0.16483870008322526	
0.16483759573674298	
0.1648364916152315	
0.16483538771671077	
0.164834284039233	
0.16483318058087995	
0.16483207733976651	
0.1648309743140368	
0.1648298715018654	
0.16482876890145656	
0.16482766651104228	
0.1648265643288839	
0.16482546235327059	
0.1648243605825175	
0.16482325901496853	
0.16482215764899302	
0.16482105648298553	
0.16481995551536646	
0.16481885474458166	
0.16481775416910072	
0.16481665378741828	
0.16481555359805108	
0.16481445359954053	
0.16481335379045026	
0.16481225416936648	
0.16481115473489613	
0.1648100554856699	
0.1648089564203384	
0.16480785753757324	
0.16480675883606663	
0.16480566031453073	
0.1648045619716976	
0.16480346380631888	
0.1648023658171658	
0.16480126800302683	
0.16480017036271052	
0.1647990728950426	
0.1647979755988661	
0.16479687847304364	
0.16479578151645272	
0.16479468472798892	
0.16479358810656414	
0.16479249165110738	
0.16479139536056225	
0.1647902992338893	
0.16478920327006366	
0.16478810746807715	
0.16478701182693495	
0.16478591634565853	
0.16478482102328226	
0.1647837258588557	
0.16478263085144249	
0.1647815360001192	
0.1647804413039776	
0.16477934676212094	
0.16477825237366708	
0.16477715813774485	
0.16477606405349804	
0.1647749701200813	
0.1647738763366622	
0.16477278270242027	
0.16477168921654628	
0.16477059587824378	
0.16476950268672708	
0.16476840964122152	
0.1647673167409642	
0.16476622398520255	
0.16476513137319565	
0.16476403890421115	
0.16476294657753018	
0.16476185439244118	
0.164760762348244	
0.16475967044424844	
0.16475857867977345	
0.16475748705414858	
0.1647563955667114	
0.16475530421681012	
0.16475421300380097	
0.16475312192705002	
0.1647520309859315	
0.16475094017982847	
0.16474984950813368	
0.16474875897024668	
0.1647476685655764	
0.16474657829353895	
0.16474548815355936	
0.16474439814507055	
0.1647433082675131	
0.16474221852033433	
0.16474112890299095	
0.16474003941494536	
0.1647389500556683	
0.16473786082463707	
0.16473677172133683	
0.16473568274525935	
0.16473459389590278	
0.1647335051727726	
0.1647324165753811	
0.16473132810324695	
0.16473023975589465	
0.16472915153285572	
0.16472806343366872	
0.16472697545787657	
0.1647258876050297	
0.1647247998746839	
0.16472371226640128	
0.16472262477974964	
0.16472153741430126	
0.16472045016963605	
0.1647193630453389	
0.16471827604099915	
0.16471718915621264	
0.16471610239058013	
0.16471501574370706	
0.1647139292152057	
0.1647128428046919	
0.16471175651178566	
0.1647106703361147	
0.16470958427730903	
0.16470849833500495	
0.16470741250884288	
0.16470632679846778	
0.16470524120352964	
0.16470415572368266	
0.16470307035858542	
0.16470198510790093	
0.1647008999712966	
0.16469981494844443	
0.16469873003901975	
0.1646976452427029	
0.16469656055917778	
0.16469547598813272	
0.16469439152925905	
0.16469330718225308	
0.16469222294681501	
0.16469113882264802	
0.16469005480945956	
0.16468897090696008	
0.1646878871148645	
0.1646868034328911	
0.16468571986076222	
0.16468463639820183	
0.1646835530449394	
0.16468246980070694	
0.1646813866652391	
0.16468030363827552	
0.16467922071955743	
0.16467813790882982	
0.16467705520584125	
0.16467597261034303	
0.1646748901220895	
0.16467380774083795	
0.16467272546634884	
0.1646716432983859	
0.16467056123671475	
0.16466947928110515	
0.16466839743132858	
0.1646673156871595	
0.16466623404837616	
0.1646651525147581	
0.16466407108608866	
0.16466298976215246	
0.16466190854273766	
0.16466082742763616	
0.1646597464166397	
0.16465866550954433	
0.16465758470614847	
0.1646565040062519	
0.16465542340965833	
0.16465434291617245	
0.16465326252560214	
0.16465218223775732	
0.16465110205244968	
0.16465002196949433	
0.16464894198870703	
0.16464786210990714	
0.16464678233291496	
0.16464570265755463	
0.1646446230836499	
0.16464354361102929	
0.16464246423952095	
0.16464138496895625	
0.16464030579916897	
0.16463922672999384	
0.1646381477612675	
0.1646370688928297	
0.16463599012452118	
0.16463491145618478	
0.1646338328876641	
0.16463275441880632	
0.16463167604945944	
0.1646305977794733	
0.16462951960869981	
0.16462844153699158	
0.1646273635642037	
0.16462628569019414	
0.1646252079148196	
0.16462413023794115	
0.1646230526594196	
0.16462197517911836	
0.1646208977969027	
0.1646198205126379	
0.1646187433261922	
0.16461766623743498	
0.16461658924623726	
0.16461551235247043	
0.16461443555600913	
0.16461335885672754	
0.16461228225450242	
0.16461120574921193	
0.16461012934073566	
0.16460905302895315	
0.16460797681374728	
0.16460690069500108	
0.16460582467259918	
0.16460474874642708	
0.16460367291637237	
0.16460259718232337	
0.16460152154416924	
0.16460044600180124	
0.16459937055511142	
0.16459829520399333	
0.16459721994834065	
0.16459614478804951	
0.16459506972301652	
0.16459399475313954	
0.16459291987831806	
0.16459184509845096	
0.16459077041344042	
0.16458969582318822	
0.1645886213275985	
0.16458754692657476	
0.1645864726200229	
0.16458539840784903	
0.1645843242899608	
0.16458325026626633	
0.16458217633667563	
0.16458110250109856	
0.16458002875944708	
0.16457895511163295	
0.16457788155756967	
0.16457680809717154	
0.16457573473035372	
0.16457466145703148	
0.16457358827712282	
0.16457251519054428	
0.16457144219721628	
0.1645703692970562	
0.1645692964899861	
0.16456822377592667	
0.16456715115479903	
0.16456607862652775	
0.1645650061910347	
0.16456393384824594	
0.16456286159808564	
0.16456178944048003	
0.16456071737535585	
0.16455964540264068	
0.16455857352226322	
0.16455750173415212	
0.16455643003823722	
0.16455535843444935	
0.16455428692271937	
0.16455321550297916	
0.1645521441751613	
0.16455107293919952	
0.16455000179502674	
0.16454893074257906	
0.16454785978179098	
0.1645467889125986	
0.16454571813493868	
0.16454464744874814	
0.1645435768539651	
0.164542506350528	
0.16454143593837606	
0.16454036561744903	
0.16453929538768747	
0.16453822524903183	
0.16453715520142365	
0.16453608524480556	
0.16453501537912005	
0.16453394560431042	
0.1645328759203199	
0.16453180632709363	
0.16453073682457625	
0.1645296674127131	
0.1645285980914503	
0.16452752886073416	
0.16452645972051175	
0.1645253906707305	
0.1645243217113394	
0.1645232528422856	
0.16452218406351898	
0.16452111537498912	
0.1645200467766458	
0.16451897826843978	
0.1645179098503218	
0.16451684152224297	
0.16451577328415606	
0.16451470513601243	
0.16451363707776576	
0.164512569109369	
0.1645115012307761	
0.1645104334419404	
0.1645093657428171	
0.16450829813336137	
0.16450723061352823	
0.1645061631832738	
0.16450509584255413	
0.16450402859132524	
0.1645029614295456	
0.164501894357171	
0.16450082737416097	
0.1644997604804722	
0.16449869367606434	
0.164497626960896	
0.1644965603349262	
0.16449549379811484	
0.16449442735042238	
0.16449336099180895	
0.1644922947222353	
0.1644912285416624	
0.16449016245005205	
0.16448909644736617	
0.16448803053356661	
0.1644869647086163	
0.1644858989724771	
0.1644848333251135	
0.1644837677664879	
0.16448270229656498	
0.16448163691530834	
0.1644805716226821	
0.16447950641865128	
0.16447844130318104	
0.16447737627623726	
0.16447631133778476	
0.16447524648778963	
0.16447418172621805	
0.16447311705303724	
0.16447205246821262	
0.16447098797171258	
0.16446992356350404	
0.16446885924355412	
0.1644677950118316	
0.16446673086830418	
0.16446566681294003	
0.16446460284570835	
0.16446353896657798	
0.1644624751755175	
0.16446141147249696	
0.1644603478574866	
0.16445928433045515	
0.16445822089137355	
0.16445715754021212	
0.16445609427694152	
0.1644550311015328	
0.1644539680139565	
0.16445290501418483	
0.16445184210218927	
0.16445077927794055	
0.16444971654141238	
0.16444865389257554	
0.16444759133140327	
0.16444652885786815	
0.1644454664719433	
0.16444440417360146	
0.16444334196281588	
0.16444227983956047	
0.16444121780380885	
0.16444015585553487	
0.16443909399471282	
0.16443803222131687	
0.16443697053532086	
0.16443590893670082	
0.16443484742543052	
0.1644337860014859	
0.16443272466484155	
0.16443166341547355	
0.16443060225335687	
0.1644295411784678	
0.16442848019078202	
0.16442741929027563	
0.16442635847692516	
0.16442529775070747	
0.16442423711159837	
0.16442317655957506	
0.16442211609461468	
0.16442105571669424	
0.16441999542579103	
0.1644189352218828	
0.16441787510494654	
0.16441681507496053	
0.164415755131903	
0.16441469527575145	
0.16441363550648436	
0.1644125758240801	
0.16441151622851677	
0.16441045671977375	
0.164409397297829	
0.1644083379626627	
0.16440727871425273	
0.16440621955257934	
0.164405160477621	
0.16440410148935763	
0.16440304258776878	
0.16440198377283435	
0.16440092504453402	
0.1643998664028483	
0.16439880784775668	
0.16439774937923987	
0.16439669099727797	
0.1643956327018518	
0.1643945744929419	
0.164393516370529	
0.16439245833459415	
0.1643914003851176	
0.16439034252208207	
0.16438928474546696	
0.16438822705525458	
0.16438716945142634	
0.164386111933964	
0.1643850545028485	
0.16438399715806223	
0.1643829398995868	
0.16438188272740453	
0.16438082564149734	
0.1643797686418475	
0.16437871172843693	
0.16437765490124817	
0.16437659816026418	
0.16437554150546732	
0.16437448493684015	
0.1643734284543656	
0.1643723720580266	
0.1643713157478062	
0.16437025952368733	
0.1643692033856524	
0.1643681473336861	
0.16436709136777106	
0.16436603548789117	
0.16436497969402908	
0.16436392398616914	
0.1643628683642947	
0.16436181282838952	
0.16436075737843825	
0.16435970201442354	
0.16435864673633058	
0.1643575915441429	
0.16435653643784476	
0.16435548141742062	
0.16435442648285448	
0.16435337163413152	
0.1643523168712354	
0.1643512621941511	
0.164350207602863	
0.16434915309735634	
0.164348098677616	
0.16434704434362588	
0.16434599009537187	
0.1643449359328388	
0.16434388185601156	
0.16434282786487528	
0.1643417739594154	
0.164340720139617	
0.16433966640546593	
0.16433861275694717	
0.16433755919404647	
0.16433650571674907	
0.1643354523250411	
0.1643343990189074	
0.16433334579833456	
0.1643322926633078	
0.16433123961381385	
0.16433018664983748	
0.16432913377136552	
0.16432808097838356	
0.16432702827087797	
0.16432597564883528	
0.16432492311224092	
0.16432387066108167	
0.16432281829534404	
0.1643217660150136	
0.16432071382007798	
0.16431966171052248	
0.1643186096863346	
0.16431755774750034	
0.16431650589400665	
0.1643154541258401	
0.16431440244298764	
0.16431335084543583	
0.16431229933317185	
0.1643112479061824	
0.16431019656445447	
0.1643091453079749	
0.16430809413673095	
0.1643070430507101	
0.16430599204989846	
0.16430494113428426	
0.1643038903038542	
0.16430283955859543	
0.16430178889849612	
0.16430073832354264	
0.16429968783372315	
0.16429863742902442	
0.16429758710943487	
0.16429653687494075	
0.16429548672553076	
0.16429443666119223	
0.1642933866819127	
0.16429233678767968	
0.1642912869784817	
0.16429023725430567	
0.16428918761513986	
0.16428813806097195	
0.16428708859179023	
0.1642860392075821	
0.16428498990833587	
0.16428394069403915	
0.1642828915646804	
0.16428184252024788	
0.16428079356072944	
0.16427974468611276	
