1.418432639423911	
1.2265239412435143	
1.0660477523697371	
0.9362093677749523	
0.8332373966588608	
0.7523059352248909	
0.6887686442973833	
0.6386905417544201	
0.5989497529825885	
0.5671493606865995	
0.5414755081326109	
0.5205609381501595	
0.5033728243354977	
0.4891266487409556	
0.47722214337475444	
0.4671962857330966	
0.45868893544265815	
0.4514176645537406	
0.44515922762121085	
0.4397358259755239	
0.4350048462797502	
0.43085113178528056	
0.42718111316668284	
0.4239183154119355	
0.4209998912036073	
0.41837392622223435	
0.4159973295437624	
0.4138341709320387	
0.41185436199271047	
0.410032603778138	
0.40834754224731895	
0.406781086905347	
0.405317858323897	
0.4039447380360461	
0.4026505001907521	
0.4014255088379186	
0.400261468152189	
0.39915121555386524	
0.39808854974104	
0.39706808725063736	
0.39608514242381043	
0.39513562664276625	
0.39421596349176635	
0.3933230171205005	
0.3924540315881764	
0.3916065793683252	
0.3907785175182318	
0.38996795027909026	
0.3891731970860667	
0.3883927651411787	
0.3876253258440808	
0.3868696944925232	
0.38612481276037014	
0.38538973354040384	
0.38466360780487907	
0.3839456731913722	
0.38323524406690945	
0.38253170286130445	
0.3818344924923527	
0.38114310973215837	
0.38045709938623107	
0.3797760491758211	
0.37909958522986764	
0.37842736810637567	
0.37775908927441526	
0.3770944679976266	
0.3764332485683082	
0.3757751978481906	
0.37512010307795896	
0.37446776992270053	
0.3738180207248283	
0.3731706929397748	
0.372525637732978	
0.3718827187194436	
0.37124181082956836	
0.37060279928695	
0.3699655786857079	
0.3693300521563664	
0.3686961306106946	
0.3680637320570538	
0.36743278097881094	
0.36680320776925396	
0.36617494821721114	
0.365547943038244	
0.3649221374468652	
0.36429748076574786	
0.36367392606833926	
0.3630514298516858	
0.3624299517366213	
0.3618094541927802	
0.36118990228616243	
0.36057126344721335	
0.3599535072575972	
0.35933660525402494	
0.3587205307476633	
0.3581052586578005	
0.35749076535857083	
0.35687702853766057	
0.35626402706602023	
0.3556517408776976	
0.3550401508589962	
0.35442923874622867	
0.35381898703140924	
0.35320937887528703	
0.35260039802716986	
0.3519920287510489	
0.35138425575756616	
0.3507770641414113	
0.3501704393237737	
0.3495643669995004	
0.34895883308864817	
0.34835382369213297	
0.34774932505122236	
0.34714532351061705	
0.34654180548490554	
0.34593875742818503	
0.3453361658066594	
0.34473401707404466	
0.3441322976496203	
0.34353099389878305	
0.3429300921159677	
0.34232957850981405	
0.3417294391904647	
0.3411296601588911	
0.3405302272981534	
0.33993112636650535	
0.3393323429922631	
0.33873386267036865	
0.3381356707605745	
0.33753775248719414	
0.33694009294035443	
0.3363426770787074	
0.3357454897335462	
0.33514851561428693	
0.3345517393152757	
0.3339551453238866	
0.3333587180298758	
0.33276244173596586	
0.3321663006696297	
0.3315702789960554	
0.3309743608322643	
0.3303785302623665	
0.32978277135393524	
0.3291870681754828	
0.328591404815024	
0.32799576539971376	
0.32740013411654534	
0.32680449523409955	
0.3262088331253299	
0.32561313229138	
0.32501737738641545	
0.3244215532434656	
0.3238256449012612	
0.32322963763206214	
0.3226335169704596	
0.3220372687431428	
0.3214408790996199	
0.3208443345438766	
0.3202476219669598	
0.31965072868046857	
0.3190536424509356	
0.3184563515350801	
0.31785884471590714	
0.3172611113396333	
0.31666314135340856	
0.31606492534380637	
0.3154664545760487	
0.3148677210339315	
0.3142687174604091	
0.3136694373987954	
0.31306987523453644	
0.3124700262375	
0.3118698866047298	
0.3112694535036029	
0.3106687251153233	
0.3100677006786855	
0.3094663805340304	
0.30886476616731395	
0.3082628602541998	
0.3076606667040885	
0.30705819070398177	
0.3064554387620803	
0.3058524187510029	
0.3052491399505133	
0.3046456130896334	
0.3040418503880101	
0.30343786559640684	
0.3028336740361758	
0.3022292926375669	
0.30162473997671774	
0.3010200363111725	
0.30041520361375984	
0.29981026560466806	
0.2992052477815399	
0.2986001774474125	
0.2979950837363205	
0.2973899976363781	
0.29678495201015326	
0.29617998161214576	
0.2955751231031768	
0.2949704150615008	
0.2943658979904498	
0.293761614322418	
0.29315760841900196	
0.292553926567112	
0.2919506169708733	
0.2913477297391457	
0.2907453168684919	
0.2901434322214357	
0.2895421314998589	
0.2889414722133989	
0.288341513642716	
0.28774231679751705	
0.2871439443692358	
0.2865464606782823	
0.28594993161579824	
0.28535442457986465	
0.2847600084061376	
0.28416675329290114	
0.28357473072055284	
0.28298401336555995	
0.28239467500894805	
0.2818067904394106	
0.2812204353511522	
0.2806356862366075	
0.28005262027420225	
0.2794713152113553	
0.2788918492429412	
0.27831430088547116	
0.27773874884726735	
0.2771652718949429	
0.2765939487165194	
0.2760248577815467	
0.2754580771986115	
0.27489368457064534	
0.2743317568484701	
0.27377237018303596	
0.27321559977682985	
0.2726615197349487	
0.27211020291635024	
0.27156172078580165	
0.2710161432670665	
0.2704735385978715	
0.2699339731872015	
0.2693975114754764	
0.2688642157981621	
0.26833414625336227	
0.2678073605739334	
0.2672839140046553	
0.26676385918497314	
0.2662472460378175	
0.26573412166497945	
0.26522453024950504	
0.2647185129655403	
0.2642161078960325	
0.2637173499586615	
0.26322227084034155	
0.26273089894059376	
0.2622432593240548	
0.2617593736823449	
0.26127926030547644	
0.26080293406293587	
0.26033040639453514	
0.2598616853110736	
0.2593967754048109	
0.2589356778697011	
0.25847839053129384	
0.2580249078861583	
0.25757522115064435	
0.25712931831874697	
0.2566871842287988	
0.25624880063867095	
0.2558141463091256	
0.2553831970949265	
0.25495592604327233	
0.2545323034990935	
0.2541122972167147	
0.25369587247736924	
0.2532829922120151	
0.25287361712889334	
0.2524677058452463	
0.25206521502260476	
0.2516660995050374	
0.2512703124597563	
0.2508778055194659	
0.25048852892584617	
0.2501024316735629	
0.24971946165421016	
0.2493395657995967	
0.24896269022380657	
0.24858878036347842	
0.24821778111577383	
0.24784963697351914	
0.24748429215704026	
0.24712169074223225	
0.24676177678443423	
0.24640449443771711	
0.2460497880692171	
0.24569760236818936	
0.24534788244948558	
0.24500057395119698	
0.2446556231262427	
0.24431297692771586	
0.2439725830878404	
0.24363439019042238	
0.24329834773672387	
0.24296440620470944	
0.24263251710166628	
0.24230263301021587	
0.2419747076277769	
0.24164869579956694	
0.2413245535452573	
0.2410022380794261	
0.24068170782597664	
0.240362922426715	
0.2400458427442979	
0.23973043085978718	
0.23941665006505947	
0.23910446485033826	
0.23879384088712827	
0.23848474500684097	
0.23817714517541494	
0.2378710104642338	
0.23756631101765793	
0.23726301801748292	
0.2369611036446423	
0.23666054103847187	
0.23636130425384794	
0.23606336821651064	
0.23576670867687857	
0.2354713021626495	
0.23517712593048018	
0.23488415791702494	
0.2345923766896025	
0.23430176139674963	
0.23401229171890994	
0.23372394781948855	
0.23343671029649474	
0.2331505601349762	
0.2328654786604365	
0.23258144749341225	
0.23229844850537096	
0.23201646377607274	
0.23173547555253116	
0.23145546620968405	
0.23117641821287732	
0.2308983140822472	
0.23062113635907333	
0.23034486757415906	
0.2300694902182825	
0.22979498671475435	
0.22952133939409597	
0.22924853047084828	
0.22897654202250664	
0.22870535597056874	
0.228434954063671	
0.22816531786277888	
0.22789642872839427	
0.22762826780972717	
0.22736081603577762	
0.22709405410826783	
0.22682796249635576	
0.2265625214330586	
0.22629771091331297	
0.2260335106935888	
0.22576990029297975	
0.22550685899568462	
0.2252443658547924	
0.22498239969729017	
0.2247209391302024	
0.2244599625477784	
0.22419944813964	
0.2239393738998078	
0.22367971763651742	
0.2234204569827499	
0.2231615694073915	
0.22290303222694824	
0.22264482261773794	
0.22238691762849105	
0.22212929419328623	
0.2218719291447584	
0.22161479922751356	
0.22135788111169152	
0.22110115140662	
0.2208445866745079	
0.22058816344412444	
0.2203318582244235	
0.2200756475180647	
0.21981950783479506	
0.21956341570465368	
0.2193073476909663	
0.2190512804031003	
0.21879519050895235	
0.21853905474714483	
0.21828284993891162	
0.2180265529996524	
0.21777014095014022	
0.21751359092736958	
0.21725688019503483	
0.2169999861536271	
0.21674288635014569	
0.21648555848741863	
0.21622798043302743	
0.21597013022783867	
0.21571198609413703	
0.21545352644336807	
0.21519472988348726	
0.21493557522592402	
0.21467604149216477	
0.2144161079199608	
0.2141557539691666	
0.21389495932722066	
0.2136337039142734	
0.2133719678879733	
0.21310973164792016	
0.21284697583979684	
0.2125836813591874	
0.21231982935509575	
0.2120554012331719	
0.21179037865866238	
0.21152474355908776	
0.21125847812666898	
0.21099156482050332	
0.21072398636851047	
0.210455725769151	
0.2101867662929387	
0.20991709148374527	
0.20964668515992008	
0.20937553141522747	
0.2091036146196153	
0.20883091941982374	
0.20855743073984595	
0.2082831337812473	
0.20800801402335475	
0.20773205722332472	
0.2074552494160981	
0.20717757691425126	
0.20689902630774956	
0.2066195844636147	
0.20633923852550873	
0.20605797591324646	
0.2057757843222402	
0.20549265172288428	
0.20520856635988619	
0.20492351675155004	
0.20463749168901763	
0.20435048023547303	
0.20406247172531594	
0.20377345576330833	
0.20348342222369928	
0.20319236124933207	
0.20290026325073793	
0.20260711890522015	
0.20231291915593236	
0.20201765521095394	
0.2017213185423656	
0.20142390088532924	
0.20112539423717363	
0.20082579085648777	
0.20052508326222745	
0.20022326423283215	
0.19992032680535912	
0.19961626427463336	
0.19931107019241545	
0.19900473836659044	
0.19869726286037678	
0.19838863799155737	
0.19807885833173494	
0.19776791870560878	
0.19745581419027997	
0.19714254011457777	
0.19682809205841434	
0.19651246585216423	
0.1961956575760709	
0.1958776635596784	
0.19555848038128995	
0.19523810486745338	
0.1949165340924705	
0.1945937653779348	
0.1942697962922928	
0.19394462465043003	
0.1936182485132829	
0.19329066618747354	
0.19296187622496658	
0.1926318774227507	
0.19230066882254	
0.19196824971049609	
0.19163461961697148	
0.1912997783162696	
0.1909637258264247	
0.19062646240899717	
0.19028798856888546	
0.1899483050541509	
0.18960741285585755	
0.18926531320792347	
0.18892200758698194	
0.1885774977122534	
0.18823178554542444	
0.1878848732905343	
0.18753676339386555	
0.18718745854384128	
0.18683696167092026	
0.1864852759474982	
0.18613240478780455	
0.1857783518477995	
0.18542312102506614	
0.18506671645869865	
0.18470914252918322	
0.18435040385827012	
0.18399050530883776	
0.18362945198474379	
0.18326724923066326	
0.18290390263191408	
0.1825394180142634	
0.18217380144371942	
0.1818070592263005	
0.1814391979077867	
0.1810702242734462	
0.18070014534773837	
0.18032896839399137	
0.1799567009140527	
0.17958335064790995	
0.17920892557328139	
0.17883343390517484	
0.17845688409541358	
0.1780792848321241	
0.17770064503919317	
0.17732097387567933	
0.1769402807351915	
0.17655857524522223	
0.17617586726644097	
0.17579216689194163	
0.175407484446446	
0.17502183048546094	
0.17463521579438532	
0.17424765138757145	
0.17385914850733153	
0.17346971862289662	
0.17307937342931887	
0.17268812484632232	
0.1722959850170964	
0.1719029663070346	
0.17150908130241382	
0.17111434280901716	
0.17071876385069495	
0.17032235766786763	
0.1699251377159649	
0.169527117663804	
0.16912831139190462	
0.16872873299073946	
0.1683283967589208	
0.16792731720132098	
0.1675255090271277	
0.16712298714783252	
0.16671976667515165	
0.16631586291888067	
0.16591129138467992	
0.165506067771792	
0.16510020797069103	
0.16469372806066274	
0.16428664430731552	
0.16387897316002184	
0.16347073124929148	
0.16306193538407385	
0.16265260254899314	
0.16224274990151183	
0.16183239476902705	
0.16142155464589814	
0.16101024719040444	
0.16059849022163591	
0.16018630171631576	
0.15977369980555609	
0.15936070277154657	
0.15894732904417694	
0.15853359719759463	
0.15811952594669693	
0.15770513414355936	
0.1572904407738025	
0.15687546495289412	
0.15646022592239225	
0.15604474304612778	
0.15562903580632725	
0.15521312379967883	
0.1547970267333411	
0.1543807644208973	
0.15396435677825457	
0.15354782381949197	
0.15313118565265693	
0.15271446247551154	
0.15229767457123272	
0.1518808423040637	
0.15146398611492357	
0.15104712651697222	
0.15063028409113466	
0.1502134794815866	
0.14979673339120303	
0.14938006657697023	
0.14896349984536553	
0.1485470540477064	
0.14813075007546836	
0.1477146088555774	
0.1472986513456775	
0.14688289852937478	
0.1464673714114608	
0.14605209101311942	
0.1456370783671156	
0.1452223545129717	
0.14480794049213253	
0.1443938573431217	
0.14398012609669011	
0.14356676777096222	
0.14315380336657943	
0.14274125386184472	
0.1423291402078701	
0.14191748332373047	
0.14150630409162515	
0.1410956233520501	
0.14068546189898343	
0.1402758404750868	
0.13986677976692366	
0.13945830040020035	
0.13905042293502803	
0.13864316786121134	
0.1382365555935645	
0.1378306064672582	
0.13742534073319929	
0.13702077855344502	
0.13661693999665514	
0.1362138450335851	
0.13581151353261942	
0.13540996525535082	
0.1350092198522062	
0.13460929685812142	
0.13421021568826694	
0.13381199563382745	
0.133414655857836	
0.13301821539106715	
0.13262269312798855	
0.13222810782277347	
0.1318344780853795	
0.13144182237768887	
0.13105015900971895	
0.1306595061359006	
0.1302698817514267	
0.12988130368867437	
0.12949378961369915	
0.12910735702280687	
0.1287220232392011	
0.12833780540970904	
0.12795472050158807	
0.12757278529941254	
0.12719201640204264	
0.12681243021967842	
0.12643404297099556	
0.12605687068036917	
0.1256809291751834	
0.12530623408322794	
0.12493280083018318	
0.12456064463719442	
0.12418978051853591	
0.12382022327936489	
0.12345198751356638	
0.12308508760169044	
0.1227195377089792	
0.1223553517834875	
0.12199254355429552	
0.12163112652981392	
0.12127111399618123	
0.12091251901575446	
0.1205553544256923	
0.12019963283663135	
0.11984536663145315	
0.11949256796414631	
0.11914124875875805	
0.11879142070843883	
0.11844309527457807	
0.11809628368603048	
0.11775099693843262	
0.11740724579360962	
0.11706504077906996	
0.11672439218759084	
0.11638531007688846	
0.11604780426937658	
0.11571188435201148	
0.11537755967622144	
0.11504483935791986	
0.1147137322776024	
0.11438424708052577	
0.11405639217696738	
0.11373017574256514	
0.11340560571873606	
0.1130826898131716	
0.11276143550041032	
0.11244185002248365	
0.11212394038963783	
0.11180771338112558	
0.11149317554607022	
0.11118033320439882	
0.11086919244784224	
0.11055975914100398	
0.11025203892249157	
0.10994603720611343	
0.10964175918213638	
0.10933920981860405	
0.10903839386271498	
0.10873931584225582	
0.10844198006709281	
0.10814639063071554	
0.10785255141183375	
0.10756046607602467	
0.10727013807743069	
0.10698157066050236	
0.10669476686179	
0.10640972951177724	
0.10612646123675869	
0.10584496446075785	
0.10556524140748512	
0.10528729410233213	
0.1050111243744044	
0.1047367338585861	
0.10446412399763884	
0.10419329604433253	
0.10392425106360381	
0.1036569899347449	
0.10339151335361703	
0.10312782183488993	
0.1028659157143051	
0.10260579515095875	
0.1023474601296087	
0.10209091046299719	
0.10183614579419217	
0.10158316559894506	
0.10133196918806225	
0.10108255570979045	
0.10083492415221329	
0.10058907334565884	
0.10034500196511544	
0.10010270853265621	
0.09986219141986927	
