1.1228018873820227	
0.9173636023711543	
0.7814211269243938	
0.6936125768985738	
0.6369069840697447	
0.599835560015973	
0.5751778305845668	
0.5584735262336638	
0.5469565375237113	
0.5388868698913837	
0.5331499367437204	
0.5290180555629383	
0.526007310810478	
0.5237903222642112	
0.5221421095786771	
0.5209058575002519	
0.5199708633972546	
0.519258081337872	
0.5187104899124108	
0.5182865767231141	
0.5179558697642587	
0.517695833751703	
0.5174896895949175	
0.5173248663874448	
0.5171918920002888	
0.5170835911646581	
0.5169945012967649	
0.5169204439299404	
0.5168582082823339	
0.5168053162502445	
0.5167598469387714	
0.516720305001239	
0.516685521400318	
0.516654578290268	
0.5166267519316421	
0.5166014691466385	
0.5165782739839465	
0.5165568021108277	
0.5165367610745784	
0.516517915037238	
0.5165000729304535	
0.5164830792334034	
0.5164668067685079	
0.5164511510539034	
0.5164360258605248	
0.5164213597040457	
0.5164070930645037	
0.5163931761740768	
0.5163795672498465	
0.5163662310762077	
0.5163531378629406	
0.5163402623213708	
0.5163275829136941	
0.5163150812403126	
0.5163027415375971	
0.5162905502643526	
0.5162784957598376	
0.5162665679597476	
0.5162547581593487	
0.5162430588151381	
0.5162314633781206	
0.5162199661531396	
0.5162085621797756	
0.5161972471311715	
0.5161860172278153	
0.5161748691638639	
0.5161638000440062	
0.5161528073292317	
0.5161418887901374	
0.5161310424666439	
0.5161202666331722	
0.5161095597684965	
0.516098920529592	
0.5160883477289298	
0.516077840314728	
0.5160673973537637	
0.5160570180163898	
0.5160467015634695	
0.5160364473349679	
0.5160262547399863	
0.5160161232480499	
0.5160060523814873	
0.5159960417087595	
0.5159860908386207	
0.5159761994150033	
0.5159663671125332	
0.5159565936326019	
0.5159468786999204	
0.5159372220594972	
0.5159276234739878	
0.5159180827213677	
0.515908599592893	
0.5158991738913079	
0.5158898054292719	
0.5158804940279813	
0.5158712395159555	
0.5158620417279749	
0.515852900504146	
0.5158438156890832	
0.5158347871311869	
0.5158258146820147	
0.5158168981957256	
0.5158080375285938	
0.5157992325385834	
0.5157904830849731	
0.5157817890280288	
0.5157731502287173	
0.5157645665484528	
0.5157560378488784	
0.5157475639916733	
0.5157391448383835	
0.5157307802502755	
0.5157224700882093	
0.5157142142125248	
0.5157060124829472	
0.5156978647585003	
0.515689770897436	
0.5156817307571705	
0.5156737441942296	
0.5156658110642041	
0.515657931221709	
0.5156501045203499	
0.5156423308126963	
0.5156346099502561	
0.5156269417834585	
0.5156193261616362	
0.5156117629330147	
0.5156042519447008	
0.5155967930426786	
0.5155893860718009	
0.5155820308757895	
0.5155747272972315	
0.5155674751775833	
0.515560274357168	
0.5155531246751821	
0.515546025969698	
0.5155389780776699	
0.5155319808349387	
0.5155250340762403	
0.5155181376352118	
0.515511291344401	
0.5155044950352732	
0.5154977485382226	
0.5154910516825798	
0.5154844042966233	
0.5154778062075901	
0.5154712572416849	
0.5154647572240919	
0.5154583059789873	
0.5154519033295489	
0.5154455490979701	
0.5154392431054692	
0.5154329851723038	
0.5154267751177827	
0.5154206127602778	
0.5154144979172377	
0.5154084304051995	
0.5154024100398024	
0.5153964366358014	
0.5153905100070789	
0.5153846299666595	
0.515378796326723	
0.5153730088986168	
0.5153672674928713	
0.5153615719192125	
0.5153559219865754	
0.515350317503119	
0.5153447582762385	
0.5153392441125815	
0.5153337748180598	
0.5153283501978643	
0.5153229700564796	
0.5153176341976977	
0.5153123424246319	
0.5153070945397312	
0.5153018903447956	
0.5152967296409879	
0.5152916122288518	
0.515286537908322	
0.5152815064787425	
0.5152765177388782	
0.515271571486931	
0.5152666675205533	
0.5152618056368634	
0.5152569856324594	
0.5152522073034334	
0.5152474704453875	
0.5152427748534465	
0.5152381203222732	
0.5152335066460847	
0.5152289336186633	
0.5152244010333745	
0.5152199086831798	
0.5152154563606515	
0.5152110438579882	
0.5152066709670278	
0.5152023374792633	
0.5151980431858566	
0.5151937878776538	
0.5151895713451992	
0.5151853933787497	
0.5151812537682892	
0.5151771523035434	
0.5151730887739948	
0.5151690629688955	
0.5151650746772833	
0.5151611236879945	
0.5151572097896797	
0.5151533327708168	
0.5151494924197263	
0.5151456885245851	
0.5151419208734404	
0.5151381892542237	
0.5151344934547668	
0.5151308332628124	
0.5151272084660314	
0.5151236188520354	
0.5151200642083904	
0.5151165443226308	
0.5151130589822746	
0.5151096079748343	
0.5151061910878336	
0.51510280810882	
0.5150994588253769	
0.5150961430251393	
0.515092860495806	
0.5150896110251535	
0.5150863944010489	
0.515083210411464	
0.5150800588444876	
0.5150769394883387	
0.5150738521313803	
0.5150707965621323	
0.5150677725692829	
0.5150647799417032	
0.5150618184684594	
0.5150588879388257	
0.5150559881422957	
0.5150531188685965	
0.5150502799076999	
0.5150474710498361	
0.5150446920855044	
0.515041942805486	
0.5150392230008571	
0.5150365324629991	
0.5150338709836118	
0.5150312383547243	
0.5150286343687079	
0.5150260588182867	
0.5150235114965489	
0.5150209921969597	
0.5150185007133707	
0.5150160368400334	
0.5150136003716075	
0.5150111911031746	
0.5150088088302474	
0.5150064533487817	
0.5150041244551855	
0.5150018219463315	
0.514999545619567	
0.5149972952727223	
0.5149950707041248	
0.5149928717126057	
0.514990698097512	
0.514988549658716	
0.5149864261966245	
0.5149843275121896	
0.5149822534069171	
0.5149802036828779	
0.5149781781427153	
0.5149761765896554	
0.5149741988275157	
0.5149722446607152	
0.5149703138942819	
0.5149684063338631	
0.5149665217857323	
0.5149646600567999	
0.5149628209546194	
0.5149610042873981	
0.514959209864003	
0.5149574374939709	
0.5149556869875148	
0.514953958155533	
0.5149522508096158	
0.5149505647620543	
0.5149488998258461	
0.5149472558147047	
0.5149456325430654	
0.5149440298260934	
0.5149424474796892	
0.5149408853204978	
0.5149393431659129	
0.5149378208340858	
0.5149363181439308	
0.5149348349151311	
0.5149333709681468	
0.514931926124219	
0.5149305002053775	
0.5149290930344451	
0.5149277044350453	
0.5149263342316068	
0.514924982249368	
0.514923648314385	
0.5149223322535349	
0.5149210338945212	
0.5149197530658792	
0.5149184895969823	
0.5149172433180433	
0.5149160140601228	
0.5149148016551313	
0.5149136059358348	
0.5149124267358588	
0.5149112638896924	
0.5149101172326925	
0.5149089866010882	
0.5149078718319835	
0.5149067727633618	
0.5149056892340903	
0.5149046210839214	
0.5149035681534984	
0.5149025302843567	
0.5149015073189284	
0.5149004991005448	
0.5148995054734391	
0.5148985262827495	
0.5148975613745221	
0.5148966105957126	
0.5148956737941898	
0.5148947508187367	
0.5148938415190547	
0.5148929457457633	
0.5148920633504042	
0.5148911941854415	
0.5148903381042657	
0.5148894949611919	
0.514888664611465	
0.5148878469112597	
0.5148870417176806	
0.5148862488887659	
0.5148854682834866	
0.5148846997617484	
0.5148839431843928	
0.514883198413197	
0.5148824653108762	
0.5148817437410826	
0.5148810335684072	
0.514880334658379	
0.5148796468774672	
0.5148789700930793	
0.5148783041735628	
0.5148776489882047	
0.5148770044072312	
0.5148763703018084	
0.5148757465440412	
0.5148751330069735	
0.5148745295645876	
0.5148739360918039	
0.5148733524644798	
0.5148727785594097	
0.5148722142543243	
0.5148716594278885	
0.5148711139597022	
0.5148705777302981	
0.5148700506211412	
0.5148695325146271	
0.5148690232940814	
0.5148685228437571	
0.5148680310488356	
0.5148675477954228	
0.5148670729705482	
0.5148666064621642	
0.5148661481591428	
0.5148656979512752	
0.5148652557292694	
0.5148648213847478	
0.5148643948102463	
0.5148639758992113	
0.5148635645459974	
0.5148631606458653	
0.5148627640949812	
0.5148623747904115	
0.514861992630123	
0.5148616175129783	
0.514861249338735	
0.5148608880080423	
0.5148605334224382	
0.5148601854843466	
0.514859844097076	
0.514859509164814	
0.5148591805926273	
0.5148588582864565	
0.5148585421531141	
0.5148582321002817	
0.5148579280365055	
0.5148576298711957	
0.5148573375146193	
0.5148570508779018	
0.5148567698730192	
0.5148564944127979	
0.514856224410909	
0.5148559597818672	
0.5148557004410249	
0.5148554463045704	
0.5148551972895231	
0.5148549533137305	
0.5148547142958652	
0.5148544801554193	
0.5148542508127022	
0.5148540261888366	
0.5148538062057539	
0.5148535907861911	
0.5148533798536867	
0.5148531733325766	
0.5148529711479903	
0.5148527732258464	
0.5148525794928495	
0.514852389876485	
0.5148522043050163	
0.5148520227074795	
0.5148518450136799	
0.514851671154187	
0.514851501060332	
0.5148513346642014	
0.5148511718986348	
0.5148510126972187	
0.5148508569942836	
0.5148507047248988	
0.5148505558248694	
0.5148504102307297	
0.514850267879741	
0.5148501287098853	
0.5148499926598634	
0.5148498596690869	
0.5148497296776774	
0.514849602626459	
0.5148494784569564	
0.5148493571113881	
0.5148492385326635	
0.5148491226643779	
0.5148490094508065	
0.5148488988369033	
0.5148487907682928	
0.5148486851912675	
0.5148485820527832	
0.5148484813004537	
0.5148483828825463	
0.5148482867479779	
0.5148481928463099	
0.5148481011277433	
0.5148480115431147	
0.5148479240438909	
0.5148478385821659	
0.514847755110653	
0.5148476735826845	
0.5148475939522028	
0.5148475161737596	
0.5148474402025083	
0.5148473659942004	
0.5148472935051819	
0.5148472226923863	
0.5148471535133328	
0.5148470859261196	
0.5148470198894194	
0.5148469553624764	
0.5148468923050991	
0.5148468306776588	
0.5148467704410822	
0.5148467115568479	
0.5148466539869823	
0.514846597694054	
0.5148465426411704	
0.514846488791972	
0.5148464361106282	
0.514846384561833	
0.5148463341108003	
0.5148462847232589	
0.5148462363654489	
0.514846189004116	
0.5148461426065087	
0.5148460971403716	
0.5148460525739427	
0.514846008875948	
0.5148459660155974	
0.5148459239625801	
0.5148458826870603	
0.5148458421596727	
0.5148458023515176	
0.5148457632341574	
0.5148457247796119	
0.5148456869603537	
0.5148456497493032	
0.5148456131198267	
0.5148455770457284	
0.5148455415012498	
0.5148455064610628	
0.5148454719002663	
0.5148454377943825	
0.514845404119352	
0.5148453708515293	
0.514845337967679	
0.5148453054449728	
0.5148452732609825	
0.514845241393679	
0.5148452098214259	
0.5148451785229763	
0.5148451474774689	
0.5148451166644233	
0.5148450860637367	
0.514845055655679	
0.5148450254208896	
0.5148449953403726	
0.5148449653954945	
0.514844935567978	
0.5148449058398993	
0.5148448761936842	
0.5148448466121043	
0.5148448170782726	
0.5148447875756398	
0.5148447580879913	
0.5148447285994423	
0.5148446990944346	
0.5148446695577328	
0.5148446399744203	
0.5148446103298964	
0.5148445806098714	
0.5148445508003638	
0.5148445208876969	
0.5148444908584942	
0.514844460699676	
0.5148444303984578	
0.5148443999423431	
0.5148443693191238	
0.5148443385168734	
0.5148443075239455	
0.5148442763289705	
0.5148442449208502	
0.5148442132887572	
0.5148441814221285	
0.5148441493106649	
0.514844116944326	
0.514844084313327	
0.5148440514081366	
0.514844018219472	
0.5148439847382977	
0.51484395095582	
0.5148439168634859	
0.5148438824529785	
0.5148438477162147	
0.5148438126453415	
0.5148437772327337	
0.5148437414709901	
0.5148437053529309	
0.5148436688715937	
0.5148436320202325	
0.5148435947923129	
0.5148435571815098	
0.5148435191817047	
0.5148434807869823	
0.5148434419916283	
0.5148434027901261	
0.5148433631771541	
0.5148433231475826	
0.5148432826964716	
0.5148432418190674	
0.514843200510801	
0.5148431587672836	
0.5148431165843057	
0.5148430739578336	
0.5148430308840064	
0.5148429873591343	
0.5148429433796955	
0.5148428989423338	
0.5148428540438561	
0.514842808681229	
0.5148427628515782	
0.5148427165521839	
0.51484266978048	
0.5148426225340512	
0.51484257481063	
0.5148425266080945	
0.5148424779244676	
0.5148424287579122	
0.51484237910673	
0.5148423289693604	
0.5148422783443769	
0.5148422272304838	
0.5148421756265171	
0.5148421235314397	
0.5148420709443395	
0.5148420178644285	
0.51484196429104	
0.5148419102236261	
0.5148418556617563	
0.5148418006051144	
0.5148417450534982	
0.5148416890068157	
0.514841632465084	
0.5148415754284275	
0.5148415178970749	
0.5148414598713589	
0.5148414013517125	
0.5148413423386685	
0.5148412828328568	
0.5148412228350031	
0.5148411623459267	
0.5148411013665387	
0.5148410398978401	
0.5148409779409209	
0.514840915496957	
0.5148408525672096	
0.5148407891530226	
0.5148407252558216	
0.514840660877112	
0.514840596018477	
0.5148405306815766	
0.5148404648681459	
0.5148403985799928	
0.5148403318189962	
0.5148402645871067	
0.5148401968863425	
0.5148401287187885	
0.5148400600865963	
0.5148399909919803	
0.5148399214372188	
0.5148398514246498	
0.5148397809566719	
0.5148397100357418	
0.5148396386643733	
0.5148395668451352	
0.5148394945806509	
0.5148394218735961	
0.5148393487266985	
0.5148392751427355	
0.5148392011245341	
0.5148391266749675	
0.5148390517969565	
0.5148389764934669	
0.5148389007675072	
0.5148388246221296	
0.5148387480604276	
0.5148386710855342	
0.5148385937006222	
0.5148385159089022	
0.5148384377136213	
0.5148383591180625	
0.5148382801255431	
0.5148382007394146	
0.5148381209630595	
0.5148380407998929	
0.51483796025336	
0.5148378793269346	
0.5148377980241189	
0.514837716348443	
0.5148376343034625	
0.5148375518927585	
0.5148374691199364	
0.5148373859886254	
0.5148373025024761	
0.5148372186651613	
0.5148371344803745	
0.5148370499518287	
0.5148369650832556	
0.514836879878405	
0.5148367943410435	
0.5148367084749543	
0.5148366222839362	
0.5148365357718024	
0.5148364489423795	
0.5148363617995074	
0.5148362743470385	
0.5148361865888366	
0.5148360985287752	
0.5148360101707399	
0.5148359215186235	
0.5148358325763279	
0.5148357433477635	
0.5148356538368472	
0.5148355640475021	
0.5148354739836576	
0.5148353836492477	
0.5148352930482111	
0.514835202184491	
0.5148351110620316	
0.514835019684782	
0.5148349280566923	
0.5148348361817134	
0.5148347440637975	
0.514834651706897	
0.5148345591149638	
0.5148344662919485	
0.5148343732418004	
0.5148342799684671	
0.5148341864758929	
0.514834092768019	
0.5148339988487842	
0.5148339047221213	
0.51483381039196	
0.5148337158622239	
0.5148336211368314	
0.5148335262196951	
0.5148334311147206	
0.5148333358258066	
0.5148332403568444	
0.5148331447117179	
0.5148330488943021	
0.5148329529084638	
0.5148328567580607	
0.5148327604469398	
0.5148326639789403	
0.5148325673578897	
0.5148324705876048	
0.5148323736718922	
0.5148322766145464	
0.5148321794193511	
0.5148320820900765	
0.5148319846304814	
0.5148318870443117	
0.5148317893353004	
0.5148316915071666	
0.5148315935636159	
0.5148314955083398	
0.514831397345016	
0.5148312990773072	
0.5148312007088611	
0.5148311022433107	
0.514831003684273	
0.5148309050353501	
0.5148308063001272	
0.5148307074821741	
0.5148306085850439	
0.5148305096122725	
0.51483041056738	
0.5148303114538683	
0.5148302122752226	
0.5148301130349102	
0.5148300137363806	
0.5148299143830656	
0.5148298149783788	
0.5148297155257148	
0.5148296160284502	
0.5148295164899431	
0.5148294169135317	
0.5148293173025358	
0.5148292176602562	
0.5148291179899738	
0.5148290182949492	
0.5148289185784253	
0.5148288188436225	
0.5148287190937436	
0.5148286193319697	
0.5148285195614619	
0.514828419785361	
0.5148283200067875	
0.5148282202288408	
0.5148281204545994	
0.5148280206871213	
0.5148279209294433	
0.5148278211845811	
0.5148277214555294	
0.5148276217452608	
0.5148275220567275	
0.5148274223928597	
0.5148273227565657	
0.5148272231507329	
0.5148271235782265	
0.5148270240418897	
0.5148269245445446	
0.5148268250889905	
0.514826725678005	
0.5148266263143438	
0.5148265270007406	
0.5148264277399064	
0.5148263285345303	
0.5148262293872793	
0.514826130300798	
0.5148260312777083	
0.5148259323206101	
0.5148258334320812	
0.5148257346146761	
0.5148256358709278	
0.514825537203346	
0.5148254386144182	
0.5148253401066095	
0.5148252416823625	
0.5148251433440972	
0.5148250450942107	
0.5148249469350776	
0.5148248488690508	
0.5148247508984595	
0.5148246530256109	
0.5148245552527895	
0.5148244575822571	
0.5148243600162532	
0.5148242625569946	
0.5148241652066758	
0.5148240679674684	
0.5148239708415219	
0.514823873830963	
0.5148237769378958	
0.5148236801644024	
0.5148235835125429	
0.5148234869843532	
0.514823390581849	
0.5148232943070222	
0.5148231981618431	
0.5148231021482601	
0.5148230062681982	
0.514822910523561	
0.5148228149162299	
0.5148227194480643	
0.5148226241209013	
0.5148225289365556	
0.5148224338968215	
0.5148223390034692	
0.5148222442582486	
0.5148221496628874	
0.5148220552190913	
0.5148219609285445	
0.5148218667929094	
0.5148217728138273	
0.5148216789929171	
0.5148215853317769	
0.5148214918319834	
0.5148213984950917	
0.5148213053226354	
0.5148212123161271	
0.5148211194770588	
0.5148210268069003	
0.5148209343071016	
0.5148208419790907	
0.5148207498242754	
0.5148206578440424	
0.5148205660397579	
0.514820474412767	
0.5148203829643948	
0.5148202916959453	
0.5148202006087027	
0.5148201097039302	
0.5148200189828714	
0.5148199284467492	
0.5148198380967665	
0.5148197479341063	
0.5148196579599316	
0.5148195681753853	
0.5148194785815909	
0.5148193891796524	
0.5148192999706535	
0.5148192109556586	
0.5148191221357126	
0.5148190335118417	
0.5148189450850523	
0.5148188568563312	
0.5148187688266473	
0.5148186809969492	
0.5148185933681675	
0.5148185059412135	
0.5148184187169801	
0.5148183316963414	
0.514818244880153	
0.5148181582692523	
0.5148180718644576	
0.5148179856665698	
0.5148178996763708	
0.5148178138946256	
0.5148177283220801	
0.5148176429594626	
0.514817557807484	
0.5148174728668373	
0.5148173881381978	
0.5148173036222233	
0.5148172193195547	
0.5148171352308146	
0.5148170513566093	
0.5148169676975277	
0.5148168842541416	
0.5148168010270059	
0.5148167180166588	
0.514816635223622	
0.5148165526483997	
0.5148164702914808	
0.5148163881533373	
0.5148163062344242	
0.514816224535181	
0.5148161430560314	
0.5148160617973824	
0.5148159807596251	
0.5148158999431351	
0.5148158193482725	
0.5148157389753811	
0.5148156588247897	
0.5148155788968117	
0.5148154991917447	
0.5148154197098719	
0.5148153404514603	
0.5148152614167629	
0.5148151826060172	
0.5148151040194462	
0.5148150256572581	
0.5148149475196463	
0.5148148696067897	
0.5148147919188534	
0.5148147144559873	
0.5148146372183273	
0.5148145602059961	
0.5148144834191013	
0.5148144068577367	
0.514814330521983	
0.5148142544119064	
0.5148141785275604	
0.5148141028689835	
0.5148140274362026	
0.5148139522292302	
0.5148138772480653	
0.5148138024926948	
0.514813727963092	
0.5148136536592174	
0.5148135795810181	
0.5148135057284299	
0.5148134321013744	
0.5148133586997617	
0.514813285523489	
0.5148132125724418	
0.5148131398464919	
0.5148130673455009	
0.5148129950693173	
0.5148129230177774	
0.5148128511907063	
0.5148127795879169	
0.5148127082092111	
0.5148126370543787	
0.5148125661231977	
0.5148124954154357	
0.5148124249308486	
0.5148123546691803	
0.5148122846301652	
0.5148122148135258	
0.5148121452189733	
0.5148120758462094	
0.5148120066949237	
0.514811937764796	
0.5148118690554958	
0.5148118005666813	
0.514811732298001	
0.5148116642490931	
0.5148115964195857	
0.5148115288090966	
0.5148114614172338	
0.5148113942435958	
0.5148113272877703	
0.5148112605493363	
0.5148111940278629	
0.5148111277229096	
0.5148110616340265	
0.5148109957607545	
0.5148109301026254	
0.5148108646591613	
0.5148107994298752	
0.5148107344142726	
0.514810669611848	
0.5148106050220884	
0.5148105406444718	
0.5148104764784679	
0.5148104125235371	
0.514810348779132	
0.5148102852446966	
0.5148102219196666	
0.5148101588034695	
0.5148100958955246	
0.5148100331952437	
0.5148099707020298	
0.5148099084152788	
0.5148098463343781	
0.5148097844587082	
0.5148097227876415	
0.5148096613205431	
0.51480960005677	
0.5148095389956729	
0.5148094781365944	
0.5148094174788703	
0.5148093570218286	
0.5148092967647916	
0.514809236707073	
0.5148091768479812	
0.5148091171868163	
0.5148090577228726	
0.5148089984554377	
0.5148089393837921	
0.5148088805072104	
0.5148088218249603	
0.5148087633363037	
0.5148087050404957	
0.5148086469367851	
0.5148085890244151	
0.5148085313026227	
0.5148084737706392	
0.5148084164276888	
0.5148083592729913	
0.5148083023057599	
0.5148082455252027	
0.514808188930522	
