0.4806587332232058	
0.4553166109278815	
0.4514082358404807	
0.4480897820563364	
0.4464545863088383	
0.44872005120117414	
0.45399451152773196	
0.45231155177679505	
0.44565549693813755	
0.442065414060529	
0.44249724829694187	
0.4447339798586611	
0.44668008046071955	
0.44760885699630054	
0.44779061683291255	
0.4476540764304116	
0.447450304734004	
0.44727498152639217	
0.4471460709403224	
0.447052367687221	
0.4469764729145459	
0.44690393240608145	
0.4468255966762072	
0.4467370407386703	
0.4466371248344619	
0.4465266594466595	
0.4464074520484677	
0.44628170007577855	
0.4461516228016654	
0.44601924830779105	
0.4458863048270014	
0.4457541840173842	
0.44562395133302374	
0.44549638323970675	
0.4453720158825243	
0.44525119492412024	
0.44513412074138936	
0.44502088645103277	
0.44491150829927556	
0.4448059490533006	
0.44470413549154086	
0.44460597117623346	
0.44451134559141636	
0.44442014055642926	
0.4443322346403189	
0.44424750613517944	
0.4441658350066831	
0.44408710412916796	
0.4440112000274506	
0.4439380132836993	
0.44386743872075557	
0.4437993754393067	
0.4437337267620316	
0.44367040012072817	
0.4436093069104794	
0.44355036232670136	
0.44349348519532095	
0.4434385978025191	
0.4433856257280244	
0.4433344976842288	
0.443285145362379	
0.44323750328639144	
0.4431915086744332	
0.4431471013081287	
0.4431042234091509	
0.4430628195228272	
0.4430228364083788	
0.4429842229354198	
0.4429469299862961	
0.4429109103639216	
0.4428761187047288	
0.4428425113964262	
0.4428100465002245	
0.4427786836772611	
0.44274838411893747	
0.4427191104809294	
0.442690826820625	
0.4426634985377794	
0.44263709231818904	
0.44261157608018836	
0.4425869189238039	
0.4425630910823991	
0.44254006387667066	
0.44251780967083404	
0.4424963018309029	
0.44247551468490554	
0.4424554234849582	
0.44243600437106434	
0.442417234336564	
0.4423990911951285	
0.4423815535492188	
0.44236460075993406	
0.442348212918173	
0.44233237081702925	
0.4423170559253799	
0.44230225036257803	
0.4422879368742108	
0.44227409880887236	
0.44226072009588663	
0.44224778522394104	
0.44223527922059214	
0.4422231876325955	
0.4422114965070179	
0.4422001923731059	
0.4421892622248637	
0.4421786935043197	
0.4421684740854374	
0.44215859225865345	
0.4421490367160147	
0.4421397965368724	
0.4421308611741328	
0.4421222204410207	
0.4421138644983489	
0.44210578384225474	
0.44209796929240797	
0.44209041198064264	
0.4420831033400224	
0.4420760350943015	
0.44206919924777693	
0.4420625880755093	
0.44205619411390107	
0.4420500101516213	
0.44204402922085406	
0.44203824458886487	
0.4420326497498725	
0.4420272384172125	
0.44202200451578055	
0.4420169421747462	
0.4420120457205284	
0.44200730967001733	
0.4420027287240411	
0.44199829776106014	
0.4419940118310902	
0.44198986614982966	
0.44198585609300767	
0.4419819771909167	
0.44197822512314716	
0.44197459571350434	
0.44197108492509934	
0.4419676888556141	
0.44196440373273366	
0.44196122590973663	
0.44195815186123144	
0.4419551781790561	
0.44195230156830506	
0.4419495188434996	
0.44194682692489806	
0.44194422283491747	
0.44194170369469454	
0.4419392667207558	
0.4419369092218048	
0.4419346285956234	
0.441932422326071	
0.4419302879801989	
0.44192822320545166	
0.441926225726971	
0.44192429334499406	
0.44192242393233455	
0.4419206154319484	
0.4419188658545969	
0.4419171732765709	
0.4419155358375053	
0.4419139517382657	
0.4419124192388955	
0.4419109366566561	
0.4419095023641095	
0.4419081147872826	
0.44190677240388154	
0.44190547374158057	
0.441904217376354	
0.4419030019308755	
0.441901826072965	
0.44190068851409287	
0.4418995880079287	
0.4418985233489498	
0.4418974933710802	
0.44189649694639066	
0.4418955329838367	
0.44189460042803574	
0.4418936982580892	
0.44189282548644515	
0.4418919811577968	
0.4418911643480194	
0.4418903741631366	
0.44188960973833386	
0.44188887023699475	
0.441888154849771	
0.44188746279368674	
0.44188679331127306	
0.4418861456697229	
0.4418855191600873	
0.4418849130964915	
0.44188432681537243	
0.4418837596747488	
0.4418832110535161	
0.4418826803507599	
0.44188216698509286	
0.44188167039401965	
0.44188119003331144	
0.44188072537641737	
0.441880275913876	
0.441879841152767	
0.44187942061616114	
0.4418790138426056	
0.4418786203856123	
0.4418782398131751	
0.44187787170729226	
0.4418775156635151	
0.4418771712904997	
0.4418768382095863	
0.44187651605437883	
0.4418762044703547	
0.4418759031144699	
0.44187561165479083	
0.4418753297701294	
0.441875057149697	
0.44187479349276393	
0.4418745385083311	
0.4418742919148203	
0.44187405343975983	
0.44187382281949616	
0.4418735997989025	
0.4418733841311048	
0.4418731755772147	
0.44187297390606867	
0.4418727788939776	
0.4418725903244856	
0.4418724079881374	
0.4418722316822467	
0.4418720612106804	
0.4418718963836482	
0.44187173701749133	
0.44187158293449325	
0.4418714339626748	
0.4418712899356233	
0.44187115069229815	
0.4418710160768695	
0.4418708859385408	
0.44187076013139265	
0.44187063851421987	
0.44187052095038254	
0.44187040730765814	
0.44187029745809886	
0.44187019127789184	
0.44187008864722704	
0.44186998945016936	
0.4418698935745304	
0.44186980091175104	
0.4418697113567821	
0.44186962480797276	
0.44186954116695665	
0.44186946033855345	
0.4418693822306593	
0.4418693067541499	
0.4418692338227878	
0.4418691633531223	
0.44186909526440676	
0.4418690294785053	
0.44186896591981567	
0.44186890451517946	
0.4418688451938102	
0.4418687878872138	
0.4418687325291129	
0.44186867905538085	
0.44186862740396676	
0.44186857751483377	
0.4418685293298877	
0.44186848279292074	
0.4418684378495486	
0.44186839444714865	
0.44186835253480927	
0.4418683120632687	
0.44186827298486486	
0.4418682352534863	
0.44186819882451445	
0.44186816365478454	
0.44186812970253203	
0.4418680969273524	
0.4418680652901531	
0.4418680347531146	
0.44186800527964687	
0.44186797683435236	
0.44186794938298507	
0.4418679228924134	
0.4418678973305878	
0.4418678726665021	
0.44186784887015956	
0.44186782591254503	
0.4418678037655872	
0.44186778240213304	
0.4418677617959147	
0.44186774192152467	
0.44186772275438346	
0.4418677042707174	
0.4418676864475281	
0.44186766926257176	
0.4418676526943319	
0.4418676367219981	
0.4418676213254392	
0.4418676064851875	
0.4418675921824118	
0.44186757839889823	
0.44186756511703323	
0.4418675523197806	
0.4418675399906645	
0.44186752811375046	
0.4418675166736285	
0.441867505655397	
0.4418674950446436	
0.4418674848274329	
0.4418674749902861	
0.4418674655201741	
0.44186745640449343	
0.4418674476310602	
0.44186743918809074	
0.44186743106419246	
0.4418674232483525	
0.44186741572991833	
0.44186740849859335	
0.44186740154442355	
0.44186739485778126	
0.44186738842936457	
0.44186738225017536	
0.4418673763115193	
0.44186737060498743	
0.44186736512245456	
0.4418673598560647	
0.4418673547982247	
0.4418673499415957	
0.44186734527908245	
0.441867340803829	
0.441867336509209	
0.44186733238881676	
0.44186732843646315	
0.44186732464616435	
0.44186732101214155	
0.44186731752880654	
0.4418673141907639	
0.44186731099279514	
0.44186730792986095	
0.44186730499709265	
0.4418673021897825	
0.44186729950338716	
0.4418672969335148	
0.44186729447592255	
0.4418672921265103	
0.4418672898813201	
0.4418672877365298	
0.44186728568844297	
0.44186728373349177	
0.4418672818682302	
0.44186728008933107	
0.4418672783935805	
0.4418672767778749	
0.44186727523921626	
0.441867273774711	
0.4418672723815667	
0.44186727105708135	
0.44186726979865415	
0.44186726860376807	
0.4418672674699967	
0.44186726639499607	
0.44186726537650506	
0.44186726441233976	
0.4418672635003937	
0.4418672626386336	
0.4418672618250964	
0.44186726105788954	
0.4418672603351851	
0.4418672596552199	
0.4418672590162941	
0.4418672584167654	
0.441867257855053	
0.44186725732962917	
0.4418672568390221	
0.44186725638180996	
0.4418672559566251	
0.4418672555621448	
0.4418672551970971	
0.44186725486025297	
0.4418672545504317	
0.44186725426648893	
0.44186725400732657	
0.4418672537718836	
0.4418672535591392	
0.4418672533681083	
0.44186725319784315	
0.4418672530474288	
0.4418672529159855	
0.44186725280266476	
0.44186725270665017	
0.4418672526271542	
0.44186725256341974	
0.44186725251471837	
0.44186725248034636	
0.44186725245962816	
0.44186725245191255	
0.44186725245657443	
0.44186725247301184	
0.4418672525006432	
0.44186725253891107	
0.4418672525872795	
0.44186725264523247	
0.44186725271227306	
0.44186725278792527	
0.44186725287172995	
0.4418672529632459	
0.4418672530620494	
0.44186725316773545	
0.44186725327991033	
0.44186725339820027	
0.44186725352224293	
0.4418672536516938	
0.4418672537862191	
0.44186725392550097	
0.44186725406923066	
0.4418672542171168	
0.44186725436887775	
0.44186725452424136	
0.4418672546829502	
0.44186725484475564	
0.44186725500941904	
0.4418672551767136	
0.4418672553464201	
0.44186725551833045	
0.4418672556922431	
0.4418672558679678	
0.44186725604532145	
0.44186725622412804	
0.4418672564042207	
0.4418672565854398	
0.4418672567676323	
0.44186725695065177	
0.4418672571343602	
0.44186725731862386	
0.44186725750331557	
0.44186725768831536	
0.441867257873508	
0.4418672580587831	
0.4418672582440377	
0.441867258429171	
0.44186725861408943	
0.44186725879870387	
0.44186725898292883	
0.4418672591666829	
0.44186725934989035	
0.44186725953247785	
0.4418672597143773	
0.4418672598955226	
0.44186726007585564	
0.44186726025531486	
0.44186726043384594	
0.4418672606113991	
0.4418672607879247	
0.4418672609633773	
0.44186726113771474	
0.44186726131089665	
0.4418672614828852	
0.4418672616536453	
0.44186726182314584	
0.4418672619913533	
0.4418672621582425	
0.4418672623237873	
0.44186726248796165	
0.44186726265074455	
0.44186726281211514	
0.4418672629720553	
0.44186726313054936	
0.4418672632875795	
0.4418672634431331	
0.44186726359719847	
0.44186726374976365	
0.44186726390082137	
0.4418672640503606	
0.4418672641983762	
0.4418672643448612	
0.4418672644898117	
0.44186726463322495	
0.4418672647750964	
0.44186726491542533	
0.4418672650542105	
0.44186726519145303	
0.44186726532715226	
0.44186726546131283	
0.4418672655939343	
0.44186726572502105	
0.44186726585457753	
0.44186726598260734	
0.4418672661091169	
0.44186726623411127	
0.44186726635759616	
0.4418672664795788	
0.44186726660006703	
0.4418672667190673	
0.44186726683658945	
0.44186726695264134	
0.44186726706723134	
0.44186726718036984	
0.4418672672920658	
0.4418672674023294	
0.4418672675111711	
0.4418672676186014	
0.4418672677246305	
0.44186726782927077	
0.4418672679325317	
0.441867268034427	
0.44186726813496574	
0.4418672682341619	
0.44186726833202566	
0.441867268428571	
0.4418672685238089	
0.4418672686177515	
0.44186726871041226	
0.44186726880180266	
0.44186726889193706	
0.44186726898082584	
0.44186726906848245	
0.4418672691549211	
0.4418672692401535	
0.44186726932419323	
0.44186726940705223	
0.44186726948874355	
0.4418672695692801	
0.44186726964867556	
0.441867269726942	
0.44186726980409236	
0.4418672698801398	
0.4418672699550975	
0.4418672700289786	
0.44186727010179333	
0.44186727017355737	
0.4418672702442811	
0.44186727031397943	
0.4418672703826627	
0.44186727045034496	
0.4418672705170376	
0.44186727058275366	
0.4418672706475056	
0.4418672707113049	
0.4418672707741639	
0.4418672708360954	
0.4418672708971097	
0.44186727095722056	
0.4418672710164385	
0.44186727107477547	
0.44186727113224394	
0.44186727118885355	
0.44186727124461794	
0.4418672712995468	
0.44186727135365184	
0.4418672714069451	
0.4418672714594357	
0.4418672715111358	
0.4418672715620561	
0.4418672716122072	
0.44186727166159917	
0.44186727171024326	
0.44186727175814966	
0.44186727180532914	
0.4418672718517899	
0.4418672718975441	
0.4418672719426013	
0.44186727198697	
0.4418672720306625	
0.44186727207368565	
0.44186727211605004	
0.44186727215776656	
0.44186727219884225	
0.4418672722392872	
0.4418672722791098	
0.44186727231832174	
0.44186727235692785	
0.4418672723949399	
0.4418672724323658	
0.44186727246921337	
0.4418672725054922	
0.44186727254120917	
0.4418672725763735	
0.4418672726109936	
0.44186727264507636	
0.44186727267863163	
0.4418672727116651	
0.44186727274418564	
0.44186727277620075	
0.44186727280771815	
0.44186727283874405	
0.4418672728692873	
0.4418672728993542	
0.4418672729289528	
0.4418672729580895	
0.44186727298677086	
0.44186727301500484	
0.44186727304279727	
0.4418672730701542	
0.4418672730970843	
0.4418672731235926	
0.44186727314968566	
0.44186727317537017	
0.44186727320065167	
0.44186727322553715	
0.44186727325003095	
0.4418672732741417	
0.4418672732978729	
0.4418672733212322	
0.4418672733442233	
0.44186727336685394	
0.44186727338912823	
0.4418672734110522	
0.4418672734326305	
0.4418672734538703	
0.44186727347477417	
0.4418672734953506	
0.44186727351560123	
0.4418672735355335	
0.44186727355515004	
0.44186727357445876	
0.44186727359346206	
0.44186727361216643	
0.44186727363057426	
0.4418672736486926	
0.441867273666524	
0.4418672736840738	
0.44186727370134626	
0.44186727371834605	
0.4418672737350773	
0.44186727375154317	
0.44186727376774987	
0.4418672737836994	
0.4418672737993974	
0.44186727381484586	
0.44186727383005053	
0.44186727384501484	
0.4418672738597424	
0.44186727387423624	
0.4418672738885003	
0.441867273902539	
0.44186727391635516	
0.4418672739299528	
0.4418672739433343	
0.4418672739565046	
0.44186727396946507	
0.4418672739822217	
0.44186727399477477	
0.44186727400713044	
0.44186727401928866	
0.44186727403125486	
0.4418672740430318	
0.4418672740546203	
0.4418672740660264	
0.44186727407725174	
0.4418672740882985	
0.44186727409917015	
0.44186727410986987	
0.44186727412039917	
0.4418672741307625	
0.4418672741409596	
0.4418672741509962	
0.4418672741608731	
0.44186727417059346	
0.4418672741801599	
0.4418672741895744	
0.44186727419883964	
0.4418672742079579	
0.441867274216931	
0.4418672742257622	
0.4418672742344536	
0.44186727424300537	
0.441867274251423	
0.44186727425970734	
0.44186727426785916	
0.44186727427588296	
0.44186727428377814	
0.4418672742915484	
0.4418672742991952	
0.44186727430672074	
0.44186727431412715	
0.4418672743214156	
0.44186727432858897	
0.441867274335648	
0.4418672743425948	
0.441867274349432	
0.44186727435616113	
0.4418672743627829	
0.44186727436929946	
0.44186727437571355	
0.4418672743820253	
0.44186727438823664	
0.44186727439434964	
0.4418672744003664	
0.4418672744062866	
0.4418672744121141	
0.4418672744178479	
0.44186727442349144	
0.44186727442904533	
0.44186727443451146	
0.44186727443989077	
0.441867274445185	
0.44186727445039414	
0.4418672744555227	
0.4418672744605683	
0.4418672744655345	
0.4418672744704219	
0.441867274475232	
0.4418672744799657	
0.4418672744846243	
0.4418672744892094	
0.4418672744937222	
0.4418672744981624	
0.4418672745025331	
0.44186727450683433	
0.44186727451106705	
0.4418672745152334	
0.441867274519333	
0.44186727452336844	
0.4418672745273394	
0.4418672745312481	
0.44186727453509483	
0.44186727453888053	
0.4418672745426062	
0.44186727454627295	
0.44186727454988084	
0.4418672745534329	
0.4418672745569284	
0.4418672745603686	
0.4418672745637543	
0.44186727456708674	
0.4418672745703659	
0.4418672745735927	
0.4418672745767692	
0.44186727457989533	
0.44186727458297187	
0.4418672745860009	
0.4418672745889804	
0.44186727459191355	
0.44186727459479996	
0.4418672745976409	
0.44186727460043757	
0.4418672746031884	
0.44186727460589703	
0.4418672746085632	
0.4418672746111862	
0.44186727461376857	
0.4418672746163099	
0.4418672746188113	
0.4418672746212725	
0.4418672746236953	
0.4418672746260793	
0.4418672746284262	
0.44186727463073616	
0.44186727463301007	
0.44186727463524667	
0.44186727463744896	
0.4418672746396156	
0.44186727464174874	
0.44186727464384784	
0.44186727464591496	
0.44186727464794884	
0.44186727464994985	
0.44186727465192	
0.44186727465385855	
0.44186727465576725	
0.4418672746576456	
0.4418672746594936	
0.4418672746613136	
0.4418672746631046	
0.4418672746648672	
0.4418672746666012	
0.4418672746683096	
0.44186727466998993	
0.44186727467164405	
0.44186727467327197	
0.441867274674874	
0.44186727467645176	
0.4418672746780036	
0.4418672746795306	
0.4418672746810346	
0.4418672746825144	
0.44186727468397113	
0.44186727468540554	
0.44186727468681647	
0.44186727468820564	
0.44186727468957254	
0.44186727469091763	
0.44186727469224213	
0.44186727469354603	
0.4418672746948291	
0.44186727469609144	
0.44186727469733506	
0.4418672746985571	
0.4418672746997612	
0.44186727470094705	
0.44186727470211357	
0.44186727470326165	
0.4418672747043916	
0.4418672747055045	
0.44186727470659887	
0.4418672747076765	
0.44186727470873705	
0.4418672747097815	
0.44186727471080894	
0.44186727471181975	
0.4418672747128157	
0.4418672747137955	
0.4418672747147598	
0.44186727471570875	
0.44186727471664333	
0.44186727471756365	
0.4418672747184685	
0.44186727471936005	
0.44186727472023674	
0.44186727472110005	
0.4418672747219495	
0.44186727472278686	
0.4418672747236096	
0.44186727472442017	
0.4418672747252176	
0.4418672747260027	
0.44186727472677484	
0.44186727472753595	
0.4418672747282839	
0.44186727472902126	
0.44186727472974713	
0.4418672747304614	
0.44186727473116255	
0.4418672747318553	
0.4418672747325361	
0.4418672747332066	
0.4418672747338663	
0.44186727473451487	
0.4418672747351544	
0.44186727473578297	
0.4418672747364022	
0.44186727473701265	
0.44186727473761245	
0.4418672747382028	
0.44186727473878473	
0.4418672747393561	
0.44186727473991977	
0.4418672747404737	
0.4418672747410189	
0.44186727474155607	
0.4418672747420852	
0.4418672747426061	
0.4418672747431183	
0.4418672747436228	
0.4418672747441188	
0.4418672747446081	
0.44186727474508863	
0.4418672747455616	
0.4418672747460278	
0.4418672747464864	
0.4418672747469373	
0.4418672747473822	
0.44186727474782	
0.44186727474825055	
0.4418672747486744	
0.4418672747490916	
0.44186727474950255	
0.4418672747499061	
0.4418672747503046	
0.4418672747506962	
0.441867274751081	
0.4418672747514616	
0.4418672747518348	
0.4418672747522022	
0.4418672747525652	
0.4418672747529206	
0.44186727475327187	
0.4418672747536168	
0.44186727475395643	
0.4418672747542914	
0.44186727475462073	
0.44186727475494453	
0.44186727475526455	
0.44186727475557824	
0.4418672747558874	
0.4418672747561913	
0.44186727475649096	
0.441867274756786	
0.44186727475707677	
0.4418672747573623	
0.44186727475764376	
0.44186727475792065	
0.4418672747581932	
0.4418672747584612	
0.44186727475872584	
0.44186727475898474	
0.44186727475924104	
0.4418672747594931	
0.4418672747597411	
0.44186727475998483	
0.44186727476022525	
0.44186727476046195	
0.4418672747606948	
0.44186727476092413	
0.4418672747611492	
0.4418672747613719	
0.4418672747615905	
0.44186727476180526	
0.44186727476201715	
0.4418672747622249	
0.4418672747624312	
0.4418672747626335	
0.44186727476283194	
0.4418672747630278	
0.4418672747632204	
0.44186727476341053	
0.4418672747635969	
0.44186727476378124	
0.44186727476396187	
0.44186727476413995	
0.44186727476431537	
0.4418672747644886	
0.44186727476465804	
0.44186727476482546	
0.44186727476499005	
0.4418672747651517	
0.44186727476531124	
0.44186727476546883	
0.4418672747656233	
0.44186727476577564	
0.44186727476592524	
0.44186727476607335	
0.44186727476621773	
0.4418672747663614	
0.44186727476650195	
0.44186727476664	
0.4418672747667764	
0.4418672747669107	
0.4418672747670429	
0.44186727476717386	
0.4418672747673008	
0.4418672747674265	
0.4418672747675518	
0.4418672747676731	
0.44186727476779414	
0.4418672747679115	
0.44186727476802834	
0.44186727476814314	
0.44186727476825616	
0.4418672747683673	
0.44186727476847687	
0.441867274768584	
0.44186727476869064	
0.4418672747687944	
0.4418672747688971	
0.44186727476899884	
0.44186727476909804	
0.4418672747691961	
0.44186727476929283	
0.44186727476938714	
0.44186727476948057	
0.44186727476957255	
0.4418672747696635	
0.4418672747697528	
0.44186727476984006	
0.4418672747699273	
0.44186727477001136	
0.4418672747700953	
0.4418672747701785	
0.4418672747702593	
0.4418672747703388	
0.4418672747704185	
0.44186727477049603	
0.4418672747705715	
0.4418672747706463	
0.4418672747707205	
0.4418672747707931	
0.44186727477086485	
0.4418672747709353	
0.4418672747710052	
0.4418672747710732	
0.44186727477113996	
0.44186727477120674	
0.44186727477127186	
0.4418672747713352	
0.4418672747713984	
0.44186727477146126	
0.4418672747715222	
0.44186727477158216	
0.44186727477164156	
0.4418672747717	
0.4418672747717567	
0.4418672747718139	
0.4418672747718702	
0.44186727477192433	
0.4418672747719784	
0.44186727477203164	
0.4418672747720843	
0.4418672747721355	
0.4418672747721859	
0.44186727477223636	
0.4418672747722856	
0.44186727477233373	
0.4418672747723805	
0.44186727477242743	
0.4418672747724742	
0.4418672747725193	
0.44186727477256416	
0.4418672747726082	
