0.7699329077127708	
0.6513976463339879	
0.5749746441056289	
0.5242583692789011	
0.4893633799231435	
0.464478965022968	
0.4461397319722009	
0.43221986308299415	
0.42137349429613913	
0.41272193113264344	
0.4056749118419452	
0.39982556367153826	
0.3948868460070388	
0.3906520002877634	
0.38696928458126495	
0.383725439029454	
0.3808346236520914	
0.3782308670124806	
0.3758628161658228	
0.37369002503944876	
0.37168029001876635	
0.36980771028276715	
0.36805125743046563	
0.36639370805610777	
0.36482083835997386	
0.3633208102264207	
0.36188369877566784	
0.3605011255417262	
0.35916597128144956	
0.35787214936532913	
0.35661442565260615	
0.3553882743212687	
0.3541897617199225	
0.35301545221560343	
0.3518623314247082	
0.35072774326998274	
0.34960933810153944	
0.34850502972297936	
0.347412959624485	
0.34633146707914836	
0.34525906403314033	
0.344194413933986	
0.3431363138085805	
0.3420836790344418	
0.34103553035211503	
0.33999098274978223	
0.3389492359176266	
0.33790956602297334	
0.3368713186003729	
0.33583390238582284	
0.3347967839528187	
0.3337594830312508	
0.332721568409299	
0.331682654334256	
0.3306423973412532	
0.3296004934496945	
0.3285566756762189	
0.32751071182055136	
0.32646240248691816	
0.3254115793090111	
0.32435810335097504	
0.32330186366066826	
0.32224277595467815	
0.32118078141729667	
0.32011584559800427	
0.31904795739400005	
0.31797712810604034	
0.3169033905573144	
0.3158267982663614	
0.31474742466613703	
0.3136653623622938	
0.3125807224245675	
0.3114936337058955	
0.31040424218452883	
0.30931271032495805	
0.3082192164539689	
0.307123954148586	
0.3060271316330457	
0.3049289711822925	
0.3038297085298052	
0.302729592277836	
0.30162888330840487	
0.3005278541936188	
0.29942678860409655	
0.29832598071447547	
0.2972257346051493	
0.2961263636595539	
0.2950281899564694	
0.29393154365694507	
0.2928367623855931	
0.291744190606112	
0.2906541789910261	
0.2895670837857279	
0.2884832661670234	
0.28740309159647015	
0.2863269291688922	
0.2852551509565509	
0.28418813134951926	
0.283126246392902	
0.28206987312160525	
0.2810193888934378	
0.2799751707213871	
0.2789375946059811	
0.27790703486870016	
0.27688386348746163	
0.27586844943524946	
0.27486115802301075	
0.27386235024797895	
0.27287238214863235	
0.27189160416752056	
0.2709203605232363	
0.26995898859282436	
0.2690078183059513	
0.26806717155217585	
0.26713736160267115	
0.2662186925477609	
0.2653114587516359	
0.2644159443256119	
0.2635324226212863	
0.2626611557449347	
0.26180239409446854	
0.26095637592025034	
0.2601233269110287	
0.2593034598062144	
0.2584969740356714	
0.2577040553881461	
0.25692487570938644	
0.2561595926309429	
0.25540834933056	
0.25467127432498304	
0.2539484812959121	
0.2532400689497382	
0.25254612091158757	
0.2518667056540886	
0.25120187646115716	
0.25055167142697277	
0.24991611349018905	
0.2492952105032899	
0.24868895533686708	
0.24809732601845869	
0.2475202859054489	
0.24695778389138948	
0.24640975464497142	
0.24587611888073158	
0.24535678366045488	
0.24485164272410082	
0.24436057684896176	
0.24388345423564473	
0.24342013091936066	
0.24297045120490354	
0.2425342481236128	
0.24211134391053057	
0.2417015504998964	
0.24130467003705894	
0.2409204954048435	
0.24054881076237333	
0.2401893920943179	
0.23984200776853715	
0.23950641910008244	
0.2391823809195327	
0.23886964214366674	
0.23856794634650624	
0.23827703232881256	
0.23799663468417093	
0.23772648435986699	
0.23746630921082726	
0.23721583454498119	
0.23697478365848748	
0.23674287835936342	
0.23651983947815342	
0.23630538736437573	
0.23609924236759736	
0.23590112530208796	
0.23571075789412305	
0.23552786321111036	
0.2353521660718294	
0.23518339343717903	
0.2350212747809431	
0.23486554244018065	
0.23471593194496065	
0.23457218232725	
0.23443403640886845	
0.2343012410685084	
0.2341735474879057	
0.2340507113773307	
0.23393249318064188	
0.23381865826021592	
0.2337089770621308	
0.23360322526204413	
0.23350118389225097	
0.23340263945046597	
0.23330738399090517	
0.2332152151982885	
0.23312593644540855	
0.23303935683494392	
0.2329552912262091	
0.23287356024755762	
0.23279399029516035	
0.23271641351889205	
0.2326406677960636	
0.23256659669373705	
0.23249404942035345	
0.23242288076740722	
0.2323529510418777	
0.23228412599013193	
0.23221627671398543	
0.2321492795795994	
0.2320830161198757	
0.23201737293098423	
0.2319522415636463	
0.23188751840976732	
0.2318231045849947	
0.23175890580775466	
0.231694832275288	
0.2316307985371972	
0.23156672336697584	
0.23150252963197815	
0.231438144162258	
0.23137349761868137	
0.23130852436069713	
0.2312431623141178	
0.2311773528392531	
0.2311110405997014	
0.23104417343209244	
0.23097670221704875	
0.23090858075161427	
0.23083976562337563	
0.23077021608648646	
0.23069989393978202	
0.23062876340715718	
0.23055679102036014	
0.23048394550434015	
0.23041019766527174	
0.23033552028136353	
0.23025988799653915	
0.2301832772170775	
0.23010566601127164	
0.23002703401216607	
0.22994736232341229	
0.2298666334282765	
0.22978483110182216	
0.22970194032627972	
0.22961794720960838	
0.229532838907246	
0.2294466035470369	
0.2293592301573139	
0.22927070859812027	
0.229181029495527	
0.22909018417902238	
0.22899816462192146	
0.2289049633847569	
0.22881057356159745	
0.22871498872924104	
0.22861820289922646	
0.2285202104726014	
0.22842100619738614	
0.2283205851286686	
0.22821894259125988	
0.22811607414484872	
0.22801197555157798	
0.22790664274597883	
0.22780007180718662	
0.2276922589333697	
0.22758320041829733	
0.22747289262997422	
0.22736133199127148	
0.22724851496248072	
0.22713443802572025	
0.22701909767112421	
0.226902490384743	
0.22678461263808708	
0.22666546087924966	
0.22654503152553565	
0.22642332095753814	
0.2263003255145956	
0.22617604149156972	
0.22605046513688024	
0.2259235926517439	
0.22579542019055454	
0.22566594386235447	
0.2255351597333393	
0.22540306383034947	
0.22526965214529557	
0.22513492064047244	
0.22499886525471435	
0.22486148191035038	
0.22472276652091694	
0.2245827149995874	
0.22444132326828314	
0.22429858726742885	
0.2241545029663193	
0.22400906637406512	
0.22386227355108904	
0.22371412062114354	
0.22356460378382437	
0.22341371932755508	
0.22326146364302107	
0.2231078332370317	
0.22295282474679196	
0.22279643495456458	
0.22263866080271047	
0.22247949940908882	
0.22231894808280714	
0.22215700434031016	
0.22199366592179542	
0.22182893080794938	
0.22166279723699675	
0.2214952637220553	
0.22132632906879512	
0.2211559923933953	
0.2209842531407983	
0.2208111111032603	
0.22063656643919716	
0.22046061969232705	
0.2202832718111121	
0.22010452416850104	
0.21992437858197922	
0.21974283733392552	
0.21955990319228672	
0.2193755794315729	
0.21918986985418132	
0.2190027788120552	
0.21881431122868808	
0.21862447262147947	
0.21843326912445432	
0.21824070751135297	
0.21804679521910486	
0.21785154037169585	
0.21765495180443967	
0.2174570390886657	
0.21725781255683757	
0.2170572833281112	
0.21685546333434808	
0.21665236534659602	
0.21644800300205144	
0.21624239083151614	
0.21603554428736232	
0.21582747977202385	
0.21561821466702083	
0.21540776736254152	
0.21519615728758773	
0.21498340494070406	
0.21476953192130493	
0.21455456096161318	
0.2143385159592266	
0.21412142201032808	
0.2139033054435533	
0.2136841938545323	
0.21346411614111904	
0.21324310253932577	
0.21302118465997566	
0.21279839552608815	
0.21257476961101385	
0.21235034287733073	
0.21212515281651756	
0.21189923848941622	
0.21167264056750024	
0.21144540137495607	
0.21121756493159466	
0.21098917699660336	
0.21076028511314743	
0.2105309386538334	
0.21030118886704202	
0.21007108892413928	
0.20984069396757238	
0.20961006115985703	
0.20937924973345795	
0.2091483210415683	
0.20891733860978629	
0.20868636818868863	
0.2084554778072975	
0.20822473782743603	
0.20799422099895976	
0.20776400251585941	
0.20753416007321265	
0.2073047739249727	
0.20707592694256677	
0.20684770467428135	
0.20662019540539994	
0.20639349021905795	
0.20616768305777342	
0.20594287078560383	
0.20571915325087328	
0.20549663334941	
0.20527541708822	
0.2050556136495222	
0.20483733545505228	
0.20462069823053927	
0.2044058210702437	
0.20419282650143614	
0.20398184054868213	
0.2037729927977845	
0.2035664164592187	
0.2033622484308854	
0.2031606293599792	
0.202961703703763	
0.2027656197890103	
0.20257252986986063	
0.20238259018381086	
0.20219596100554085	
0.2020128066982424	
0.20183329576210385	
0.20165760087955997	
0.20148589895690233	
0.20131837116179768	
0.20115520295624542	
0.2009965841244537	
0.20084270879509208	
0.20069377545732903	
0.20054998697003312	
0.20041155056346732	
0.20027867783277195	
0.20015158472248074	
0.20003049150128147	
0.19991562272617458	
0.1998072071951535	
0.19970547788747145	
0.1996106718905271	
0.19952303031234775	
0.19944279817861832	
0.19937022431314633	
0.19930556120063656	
0.19924906483059496	
0.1992009945211619	
0.19916161272164382	
0.19913118479249264	
0.19910997876146916	
0.19909826505471653	
0.19909631620147702	
0.19910440651119427	
0.1991228117217685	
0.19915180861776494	
0.1991916746174323	
0.1992426873274451	
0.19930512406437206	
0.19937926134197148	
0.19946537432352812	
0.19956373623859638	
0.19967461776366685	
0.19979828636646255	
0.19993500561377928	
0.20008503444301617	
0.20024862639780103	
0.20042602882839658	
0.20061748205788232	
0.20082321851543913	
0.20104346183841448	
0.2012784259452266	
0.2015283140815622	
0.20179331784272897	
0.2020736161754611	
0.20236937436290148	
0.20268074299693695	
0.2030078569425001	
0.20335083429888984	
0.20370977536359303	
0.20408476160449607	
0.20447585464676235	
0.20488309528099968	
0.20530650249966076	
0.20574607256887778	
0.20620177814314428	
0.20667356743040605	
0.20716136341519226	
0.20766506314742267	
0.20818453710444015	
0.2087196286336473	
0.20927015348286027	
0.20983589942513992	
0.21041662598440347	
0.21101206426757674	
0.2116219169084037	
0.21224585812730673	
0.212883533910874	
0.21353456231367335	
0.2141985338841303	
0.21487501221520797	
0.21556353461957456	
0.21626361292786528	
0.21697473440754844	
0.21769636279881727	
0.21842793946284733	
0.2191688846367127	
0.2199185987882588	
0.22067646406329078	
0.22144184581657406	
0.22221409421737479	
0.22299254591959744	
0.22377652578600626	
0.2245653486555877	
0.2253583211427724	
0.2261547434570549	
0.22695391123147232	
0.2277551173484687	
0.22855765375184817	
0.22936081323383484	
0.23016389118665373	
0.2309661873085857	
0.23176700725504473	
0.2325656642259344	
0.23336148048129898	
0.23415378877812243	
0.23494193372199124	
0.23572527302825755	
0.2365031786882596	
0.23727503803711014	
0.23804025472048604	
0.23879824955879944	
0.23954846130801444	
0.24029034731726479	
0.24102338408424714	
0.2417470677101629	
0.24246091425670338	
0.2431644600082592	
0.2438572616431467	
0.2445388963181857	
0.2452089616714574	
0.24586707574847427	
0.24651287685734458	
0.24714602335878488	
0.2477661933970498	
0.24837308457797583	
0.24896641360043018	
0.2495459158474499	
0.25011134494333076	
0.2506624722828121	
0.2511990865383513	
0.2517209931512898	
0.2522280138124517	
0.25271998593744754	
0.2531967621416199	
0.2536582097192278	
0.25410421013108814	
0.25453465850449386	
0.25494946314882067	
0.25534854508981397	
0.2557318376251145	
0.25609928590316544	
0.25645084652720807	
0.2567864871856673	
0.25710618630982607	
0.25740993275929475	
0.25769772553542497	
0.25796957352246624	
0.2582254952559489	
0.2584655187174849	
0.2586896811549126	
0.25889802892648117	
0.2590906173675688	
0.2592675106782488	
0.25942878182988355	
0.2595745124888139	
0.25970479295511695	
0.2598197221143611	
0.25991940740025	
0.26000396476603344	
0.26007351866259387	
0.26012820202112796	
0.2601681562384154	
0.26019353116271604	
0.2602044850784277	
0.26020118468771597	
0.26018380508743266	
0.260152529739743	
0.2601075504349867	
0.26004906724541466	
0.2599772884685615	
0.25989243055911715	
0.2597947180482882	
0.25968438344974526	
0.2595616671513675	
0.25942681729209516	
0.2592800896233213	
0.25912174735433635	
0.25895206098145657	
0.25877130810054216	
0.2585797732027194	
0.2583777474531963	
0.25816552845315077	
0.25794341998475084	
0.2577117317394424	
0.25747077902972215	
0.25722088248467695	
0.2569623677296521	
0.25669556505047597	
0.2564208090427367	
0.2561384382466712	
0.25584879476830197	
0.25555222388750254	
0.25524907365375266	
0.2549396944703954	
0.2546244386682699	
0.2543036600696468	
0.25397771354345927	
0.2536469545528629	
0.2533117386962188	
0.25297242124263497	
0.2526293566632522	
0.25228289815949745	
0.2519333971895677	
0.25158120299444275	
0.251226662124748	
0.25087011796982267	
0.250511910290358	
0.25015237475599006	
0.249791842489237	
0.249430639617173	
0.2490690868322235	
0.24870749896346211	
0.24834618455976115	
0.2479854454861335	
0.24762557653456307	
0.24726686505058798	
0.24690959057685197	
0.2465540245147916	
0.24620042980556006	
0.24584906063123463	
0.2455001621372701	
0.24515397017709917	
0.244810711079686	
0.24447060144075727	
0.2441338479383462	
0.24380064717318686	
0.243471185534398	
0.24314563909079617	
0.2428241735080749	
0.24250694399198386	
0.2421940952575325	
0.24188576152414584	
0.24158206653658654	
0.24128312361136517	
0.2409890357082512	
0.24069989552640497	
0.24041578562455423	
0.24013677856454524	
0.23986293707752215	
0.23959431425189492	
0.23933095374218522	
0.23907288999777315	
0.2388201485105016	
0.23857274608002943	
0.23833069109579139	
0.2380939838343603	
0.2378626167709848	
0.23763657490403456	
0.23741583609107544	
0.2372003713952671	
0.23699014544078034	
0.23678511677591998	
0.23658523824265087	
0.23639045735123188	
0.23620071665868314	
0.23601595414983184	
0.2358361036197133	
0.23566109505613916	
0.23549085502127648	
0.23532530703113208	
0.23516437193187711	
0.23500796827199766	
0.2348560126693142	
0.2347084201719566	
0.23456510461245259	
0.23442597895413247	
0.23429095562912183	
0.23415994686724786	
0.2340328650152465	
0.23390962284572	
0.2337901338553522	
0.23367431255194365	
0.23356207472989327	
0.2334533377338047	
0.23334802070994645	
0.23324604484535877	
0.2331473335944341	
0.2330518128928591	
0.23295941135884746	
0.23287006048162778	
0.2327836947972071	
0.23270025205145045	
0.23261967335056233	
0.2325419032990856	
0.23246689012555777	
0.23239458579599792	
0.23232494611541277	
0.23225793081753915	
0.2321935036430508	
0.23213163240647952	
0.2320722890521059	
0.23201544969909482	
0.23196109467615214	
0.2319092085459869	
0.23185978011987185	
0.23181280246258998	
0.23176827288806554	
0.23172619294596586	
0.23168656839956803	
0.23164940919517626	
0.23161472942337177	
0.23158254727236877	
0.23155288497375257	
0.23152576874085584	
0.23150122870003098	
0.2314792988150656	
0.23146001680497558	
0.23144342405540805	
0.2314295655238694	
0.23141848963899345	
0.23141024819404474	
0.2314048962348547	
0.2314024919423715	
0.23140309650999716	
0.23140677401588178	
0.2314135912903322	
0.23142361777848852	
0.23143692539841576	
0.23145358839474825	
0.23147368318802902	
0.23149728821986776	
0.2315244837940543	
0.23155535191374874	
0.23158997611487506	
0.23162844129584662	
0.23167083354374085	
0.23171723995706173	
0.23176774846520612	
0.23182244764478235	
0.23188142653290644	
0.23194477443762487	
0.23201258074561948	
0.2320849347273424	
0.23216192533975497	
0.23224364102684736	
0.23233016951812463	
0.23242159762525316	
0.23251801103708986	
0.23261949411330646	
0.23272612967685352	
0.2328379988055126	
0.2329551806228089	
0.23307775208855858	
0.23320578778935724	
0.23333935972931946	
0.2334785371213971	
0.23362338617963352	
0.23377396991270225	
0.23393034791912054	
0.23409257618452597	
0.23426070688142653	
0.23443478817185032	
0.23461486401332693	
0.23480097396865696	
0.23499315301992618	
0.23519143138723897	
0.23539583435264858	
0.23560638208977722	
0.2358230894996139	
0.2360459660529891	
0.23627501564022801	
0.23651023642847496	
0.2367516207271883	
0.2369991548622919	
0.23725281905947382	
0.23751258733709069	
0.2377784274091497	
0.23805030059880178	
0.23832816176277893	
0.23861195922717066	
0.2389016347349241	
0.2391971234054207	
0.23949835370644923	
0.23980524743886922	
0.24011771973421875	
0.2404356790654924	
0.24075902727125933	
0.24108765959326978	
0.2414214647276447	
0.24176032488969643	
0.24210411589238828	
0.2424527072383923	
0.24280596222565337	
0.24316373806632174	
0.243525886018866	
0.24389225153313304	
0.24426267440806346	
0.24463698896173902	
0.2450150242133734	
0.24539660407682734	
0.24578154756517862	
0.24616966900583348	
0.24656077826563333	
0.24695468098536894	
0.2473511788230784	
0.2477500697054843	
0.24815114808688327	
0.24855420521478963	
0.24895902940160888	
0.24936540630159867	
0.24977311919237016	
0.25018194926016074	
0.25059167588812176	
0.25100207694684695	
0.2514129290863854	
0.2518240080289802	
0.25223508886179236	
0.2526459463288811	
0.25305635512172614	
0.25346609016761473	
0.25387492691521846	
0.25428264161673886	
0.25468901160600516	
0.25509381557196426	
0.25549683382702304	
0.25589784856974174	
0.25629664414142506	
0.25669300727618266	
0.2570867273440836	
0.2574775965870596	
0.2578654103472606	
0.2582499672875995	
0.2586310696042659	
0.259008523231032	
0.25938213803519977	
0.259751728005087	
0.26011711142897476	
0.2604781110654839	
0.26083455430536273	
0.261186273324708	
0.2615331052296722	
0.26187489219271465	
0.2622114815804979	
0.2625427260735336	
0.2628684837777099	
0.2631886183278323	
0.26350299898333895	
0.26381150071634385	
0.26411400429217746	
0.2644103963425954	
0.26470056943182446	
0.26498442211562445	
0.2652618589935287	
0.2655327907544339	
0.26579713421569895	
0.26605481235590595	
0.26630575434142767	
0.2665498955469406	
0.2667871775700098	
0.2670175482398558	
0.26724096162041827	
0.2674573780077998	
0.26766676392217753	
0.2678690920942524	
0.2680643414462947	
0.2682524970678348	
0.2684335501860383	
0.268607498130795	
0.2687743442945433	
0.26893409808684204	
0.2690867748836957	
0.26923239597163695	
0.2693709884865616	
0.2695025853473061	
0.2696272251839683	
0.2697449522609533	
0.26985581639473916	
0.2699598728663647	
0.27005718232862047	
0.27014781070796495	
0.2702318291011559	
0.27030931366662847	
0.2703803455106317	
0.2704450105681654	
0.2705033994787599	
0.27055560745715146	
0.2706017341589283	
0.2706418835412237	
0.27067616371855907	
0.2707046868139418	
0.2707275688053516	
0.270744929367754	
0.2707568917108028	
0.2707635824124071	
0.2707651312483551	
0.270761671018208	
0.27075333736768387	
0.270740268607785	
0.27072260553091476	
0.2707004912242745	
0.27067407088082174	
0.27064349160809725	
0.27060890223524525	
0.27057045311855416	
0.27052829594587213	
0.27048258354024707	
0.2704334696631619	
0.270381108817748	
0.2703256560523519	
0.27026726676485524	
0.2702060965081429	
0.2701423007971212	
0.2700760349176863	
0.27000745373805446	
0.2699367115228505	
0.26986396175036	
0.26978935693334266	
0.2697130484437968	
0.2696351863420624	
0.2695559192106358	
0.26947539399306286	
0.26939375583826425	
0.2693111479506324	
0.26922771144622326	
0.26914358521535464	
0.2690589057918975	
0.26897380722953373	
0.2688884209852316	
0.2688028758101652	
0.26871729764828844	
0.26863180954274124	
0.2685465315502561	
0.2684615806636865	
0.2683770707427753	
0.26829311245324133	
0.26820981321423953	
0.2681272771542241	
0.26804560507521863	
0.2679648944254657	
0.26788523928040947	
0.2678067303319286	
0.26772945488572447	
0.2676534968667275	
0.267578936832378	
0.2675058519935992	
0.26743431624326713	
0.2673644001919524	
0.26729617121069726	
0.2672296934805609	
0.2671650280486573	
0.2671022328903855	
0.2670413629775413	
0.2669824703519833	
0.266925604204509	
0.26687081095859516	
0.2668181343586371	
0.2667676155623151	
0.2667192932367168	
0.2666732036578269	
0.2666293808130012	
0.2665878565060332	
0.2665486604644297	
0.26651182044849775	
0.26647736236186187	
0.26644531036302105	
0.26641568697757484	
0.26638851321073276	
0.26636380865974824	
0.2663415916259118	
0.26632187922575523	
0.2663046875011265	
0.26629003152779945	
0.2662779255223055	
0.2662683829466758	
0.26626141661080077	
0.2662570387721274	
0.26625526123242443	
0.2662560954313623	
0.2662595525366718	
0.2662656435306551	
0.2662743792928406	
0.2662857706785876	
0.2662998285934617	
0.26631656406321924	
0.26633598829925004	
0.2663581127593442	
0.26638294920366784	
0.26641050974584257	
0.26644080689903726	
0.2664738536170001	
0.26650966332996795	
0.2665482499754107	
0.2665896280235689	
0.2666338124977716	
0.266680818989525	
0.2667306636683736	
0.26678336328655505	
0.2668389351784768	
0.26689739725505085	
0.2669587679929455	
0.26702306641881046	
0.26709031208854583	
0.26716052506170823	
0.26723372587113414	
0.2673099354878899	
0.26738917528165596	
0.26747146697667057	
0.26755683260335156	
0.267645294445744	
0.2677368749849294	
0.2678315968385572	
0.26792948269665084	
0.26803055525386177	
