1.3042045622801426	
1.156405419843729	
1.0297934355376392	
0.9240964082606506	
0.8378936186972271	
0.7689385693794949	
0.7145794988880604	
0.6721429360500785	
0.6391939763211842	
0.6136617392297518	
0.5938640926411315	
0.5784751505602068	
0.5664692414874881	
0.557061426324971	
0.5496541087623719	
0.543792944900636	
0.5391320869762927	
0.5354075111740239	
0.532416858288074	
0.5300043169039198	
0.5280493236384095	
0.5264581169835769	
0.5251574113345403	
0.5240896429561643	
0.5232093820777691	
0.5224806121115392	
0.5218746559440739	
0.5213685871772616	
0.5209440065578914	
0.520586094805278	
0.5202828757219098	
0.5200246401222842	
0.519803493386504	
0.5196129985284641	
0.5194478934234592	
0.5193038658883765	
0.519177374099524	
0.5190655026958202	
0.5189658470872036	
0.5188764201445313	
0.5187955767166006	
0.5187219523973408	
0.518654413722339	
0.5185920175614486	
0.5185339779327991	
0.5184796388229536	
0.5184284518807731	
0.5183799580759686	
0.5183337725904469	
0.5182895723514985	
0.518247085728385	
0.5182060840039848	
0.5181663743055451	
0.5181277937368886	
0.5180902045015412	
0.518053489844376	
0.5180175506703588	
0.5179823027241679	
0.5179476742350198	
0.5179136039478248	
0.5178800394755486	
0.5178469359189305	
0.5178142547089752	
0.5177819626352727	
0.5177500310294634	
0.5177184350783802	
0.5176871532456665	
0.5176561667842253	
0.5176254593247999	
0.5175950165284112	
0.5175648257924196	
0.5175348760016453	
0.5175051573173959	
0.517475660998403	
0.5174463792486572	
0.5174173050879254	
0.5173884322414234	
0.5173597550456812	
0.5173312683681003	
0.5173029675381182	
0.5172748482882061	
0.5172469067032189	
0.5172191391768401	
0.5171915423740693	
0.5171641131988488	
0.5171368487660869	
0.5171097463774235	
0.5170828035002107	
0.5170560177492376	
0.5170293868708139	
0.5170029087288825	
0.5169765812928762	
0.516950402627075	
0.5169243708812706	
0.5168984842825466	
0.5168727411280386	
0.5168471397785372	
0.5168216786528312	
0.5167963562226864	
0.5167711710083889	
0.5167461215747765	
0.5167212065276999	
0.5166964245108613	
0.5166717742029829	
0.5166472543152714	
0.5166228635891355	
0.516598600794137	
0.5165744647261405	
0.5165504542056444	
0.516526568076271	
0.5165028052033996	
0.5164791644729259	
0.5164556447901347	
0.5164322450786746	
0.5164089642796242	
0.5163858013506379	
0.5163627552651675	
0.5163398250117486	
0.5163170095933461	
0.5162943080267547	
0.516271719342047	
0.5162492425820653	
0.5162268768019534	
0.5162046210687251	
0.516182474460864	
0.5161604360679531	
0.5161385049903329	
0.5161166803387811	
0.5160949612342184	
0.5160733468074307	
0.516051836198812	
0.5160304285581245	
0.5160091230442724	
0.5159879188250915	
0.5159668150771503	
0.5159458109855642	
0.5159249057438193	
0.5159040985536074	
0.5158833886246682	
0.5158627751746425	
0.5158422574289299	
0.5158218346205568	
0.5158015059900474	
0.515781270785305	
0.5157611282614942	
0.5157410776809316	
0.5157211183129787	
0.5157012494339417	
0.5156814703269736	
0.5156617802819797	
0.5156421785955273	
0.5156226645707599	
0.5156032375173107	
0.5155838967512227	
0.5155646415948699	
0.5155454713768796	
0.5155263854320584	
0.5155073831013215	
0.5154884637316205	
0.5154696266758753	
0.5154508712929085	
0.5154321969473795	
0.5154136030097202	
0.5153950888560742	
0.5153766538682357	
0.5153582974335884	
0.5153400189450498	
0.5153218178010113	
0.5153036934052841	
0.5152856451670429	
0.5152676725007723	
0.5152497748262135	
0.5152319515683121	
0.5152142021571662	
0.5151965260279769	
0.5151789226209971	
0.5151613913814829	
0.5151439317596462	
0.5151265432106056	
0.5151092251943399	
0.5150919771756424	
0.5150747986240746	
0.5150576890139206	
0.5150406478241444	
0.5150236745383433	
0.5150067686447071	
0.5149899296359733	
0.5149731570093864	
0.5149564502666546	
0.5149398089139096	
0.5149232324616652	
0.5149067204247768	
0.5148902723224029	
0.5148738876779633	
0.5148575660191026	
0.5148413068776495	
0.5148251097895808	
0.5148089742949814	
0.5147928999380089	
0.5147768862668559	
0.5147609328337136	
0.514745039194736	
0.5147292049100034	
0.5147134295434881	
0.5146977126630182	
0.5146820538402449	
0.5146664526506062	
0.5146509086732938	
0.5146354214912203	
0.5146199906909849	
0.514604615862841	
0.5145892966006635	
0.5145740325019172	
0.5145588231676245	
0.5145436682023332	
0.5145285672140866	
0.5145135198143912	
0.5144985256181868	
0.5144835842438167	
0.5144686953129968	
0.5144538584507857	
0.514439073285556	
0.5144243394489656	
0.5144096565759267	
0.5143950243045796	
0.5143804422762632	
0.5143659101354873	
0.5143514275299038	
0.5143369941102821	
0.5143226095304775	
0.5143082734474087	
0.5142939855210277	
0.5142797454142951	
0.5142655527931537	
0.5142514073265019	
0.5142373086861682	
0.5142232565468872	
0.5142092505862714	
0.5141952904847892	
0.5141813759257381	
0.5141675065952217	
0.514153682182124	
0.5141399023780866	
0.5141261668774836	
0.514112475377399	
0.5140988275776035	
0.5140852231805306	
0.5140716618912526	
0.5140581434174613	
0.5140446674694412	
0.5140312337600506	
0.5140178420046974	
0.5140044919213187	
0.5139911832303574	
0.5139779156547423	
0.5139646889198654	
0.5139515027535622	
0.5139383568860888	
0.5139252510501044	
0.5139121849806465	
0.5138991584151142	
0.5138861710932463	
0.513873222757101	
0.5138603131510373	
0.5138474420216947	
0.5138346091179735	
0.5138218141910159	
0.5138090569941866	
0.5137963372830547	
0.5137836548153735	
0.5137710093510632	
0.5137584006521917	
0.5137458284829564	
0.5137332926096672	
0.5137207928007261	
0.5137083288266125	
0.5136959004598629	
0.5136835074750553	
0.5136711496487903	
0.5136588267596757	
0.513646538588308	
0.5136342849172564	
0.5136220655310452	
0.5136098802161384	
0.5135977287609228	
0.513585610955691	
0.513573526592626	
0.513561475465786	
0.5135494573710864	
0.5135374721062863	
0.513525519470971	
0.5135135992665384	
0.5135017112961823	
0.5134898553648779	
0.5134780312793663	
0.51346623884814	
0.5134544778814286	
0.5134427481911821	
0.5134310495910591	
0.5134193818964105	
0.5134077449242659	
0.5133961384933189	
0.5133845624239145	
0.5133730165380332	
0.5133615006592784	
0.5133500146128627	
0.513338558225594	
0.5133271313258619	
0.5133157337436255	
0.513304365310398	
0.513293025859236	
0.5132817152247251	
0.5132704332429668	
0.5132591797515668	
0.5132479545896216	
0.5132367575977062	
0.5132255886178608	
0.5132144474935803	
0.5132033340698003	
0.5131922481928852	
0.5131811897106175	
0.5131701584721842	
0.5131591543281654	
0.5131481771305236	
0.5131372267325904	
0.5131263029890567	
0.513115405755959	
0.5131045348906706	
0.5130936902518888	
0.5130828716996236	
0.513072079095187	
0.5130613123011833	
0.5130505711814953	
0.5130398556012763	
0.5130291654269376	
0.5130185005261387	
0.5130078607677767	
0.5129972460219756	
0.5129866561600763	
0.5129760910546254	
0.5129655505793664	
0.5129550346092284	
0.5129445430203167	
0.5129340756899023	
0.5129236324964133	
0.5129132133194233	
0.5129028180396425	
0.5128924465389091	
0.5128820987001781	
0.5128717744075125	
0.5128614735460746	
0.5128511960021153	
0.5128409416629658	
0.5128307104170283	
0.5128205021537667	
0.5128103167636986	
0.5128001541383834	
0.5127900141704179	
0.5127798967534232	
0.5127698017820387	
0.5127597291519124	
0.5127496787596924	
0.5127396505030188	
0.5127296442805147	
0.5127196599917779	
0.5127096975373728	
0.5126997568188223	
0.5126898377385987	
0.512679940200117	
0.512670064107726	
0.5126602093666996	
0.5126503758832307	
0.5126405635644218	
0.5126307723182777	
0.5126210020536982	
0.5126112526804691	
0.5126015241092569	
0.5125918162515986	
0.5125821290198955	
0.5125724623274067	
0.5125628160882401	
0.5125531902173454	
0.5125435846305076	
0.5125339992443397	
0.5125244339762745	
0.5125148887445584	
0.5125053634682448	
0.512495858067186	
0.512486372462027	
0.5124769065741984	
0.5124674603259097	
0.5124580336401425	
0.5124486264406437	
0.5124392386519194	
0.5124298701992271	
0.5124205210085708	
0.512411191006693	
0.5124018801210687	
0.5123925882799002	
0.512383315412109	
0.5123740614473301	
0.5123648263159069	
0.512355609948883	
0.5123464122779974	
0.5123372332356787	
0.512328072755038	
0.5123189307698636	
0.5123098072146142	
0.5123007020244147	
0.5122916151350484	
0.512282546482953	
0.5122734960052128	
0.5122644636395548	
0.5122554493243423	
0.5122464529985693	
0.5122374746018545	
0.5122285140744369	
0.5122195713571697	
0.5122106463915131	
0.5122017391195323	
0.5121928494838902	
0.5121839774278413	
0.5121751228952285	
0.5121662858304755	
0.5121574661785839	
0.5121486638851266	
0.5121398788962429	
0.512131111158634	
0.5121223606195571	
0.5121136272268207	
0.5121049109287805	
0.5120962116743336	
0.5120875294129138	
0.5120788640944858	
0.512070215669543	
0.5120615840890999	
0.5120529693046891	
0.5120443712683554	
0.5120357899326533	
0.5120272252506395	
0.5120186771758702	
0.5120101456623966	
0.5120016306647591	
0.5119931321379838	
0.5119846500375788	
0.511976184319527	
0.511967734940286	
0.5119593018567797	
0.5119508850263963	
0.5119424844069831	
0.5119340999568431	
0.5119257316347301	
0.5119173793998444	
0.5119090432118298	
0.5119007230307682	
0.5118924188171758	
0.5118841305319998	
0.5118758581366145	
0.5118676015928152	
0.5118593608628174	
0.5118511359092502	
0.5118429266951545	
0.5118347331839775	
0.5118265553395702	
0.5118183931261823	
0.5118102465084595	
0.51180211545144	
0.5117939999205497	
0.5117858998815991	
0.5117778153007801	
0.5117697461446611	
0.5117616923801851	
0.5117536539746653	
0.5117456308957814	
0.511737623111576	
0.5117296305904523	
0.5117216533011698	
0.5117136912128394	
0.5117057442949235	
0.5116978125172302	
0.5116898958499098	
0.5116819942634528	
0.5116741077286858	
0.5116662362167685	
0.5116583796991906	
0.5116505381477686	
0.5116427115346421	
0.5116348998322712	
0.5116271030134333	
0.51161932105122	
0.5116115539190343	
0.5116038015905865	
0.5115960640398929	
0.5115883412412706	
0.5115806331693369	
0.5115729397990052	
0.5115652611054815	
0.5115575970642623	
0.5115499476511317	
0.5115423128421589	
0.5115346926136938	
0.5115270869423663	
0.5115194958050819	
0.51151191917902	
0.5115043570416303	
0.511496809370631	
0.5114892761440055	
0.511481757339999	
0.5114742529371182	
0.5114667629141263	
0.5114592872500414	
0.5114518259241341	
0.5114443789159243	
0.5114369462051792	
0.5114295277719112	
0.5114221235963734	
0.5114147336590604	
0.5114073579407027	
0.5113999964222655	
0.5113926490849473	
0.5113853159101764	
0.511377996879608	
0.5113706919751227	
0.5113634011788248	
0.5113561244730385	
0.5113488618403065	
0.5113416132633876	
0.511334378725254	
0.5113271582090905	
0.5113199516982904	
0.5113127591764539	
0.5113055806273872	
0.5112984160350982	
0.5112912653837962	
0.5112841286578891	
0.5112770058419804	
0.5112698969208692	
0.5112628018795458	
0.5112557207031913	
0.5112486533771748	
0.511241599887052	
0.5112345602185622	
0.5112275343576271	
0.5112205222903489	
0.511213524003008	
0.5112065394820607	
0.5111995687141386	
0.5111926116860454	
0.5111856683847552	
0.5111787387974114	
0.511171822911324	
0.5111649207139686	
0.5111580321929834	
0.5111511573361691	
0.5111442961314854	
0.5111374485670499	
0.5111306146311368	
0.511123794312175	
0.5111169875987456	
0.5111101944795808	
0.5111034149435625	
0.5110966489797204	
0.5110898965772296	
0.51108315772541	
0.5110764324137242	
0.5110697206317761	
0.5110630223693086	
0.5110563376162033	
0.5110496663624776	
0.5110430085982838	
0.5110363643139076	
0.5110297334997664	
0.5110231161464076	
0.5110165122445078	
0.5110099217848705	
0.5110033447584247	
0.5109967811562243	
0.5109902309694454	
0.510983694189386	
0.510977170807464	
0.5109706608152151	
0.5109641642042935	
0.5109576809664682	
0.5109512110936232	
0.510944754577755	
0.5109383114109722	
0.510931881585494	
0.5109254650936477	
0.5109190619278696	
0.5109126720807018	
0.5109062955447914	
0.5108999323128897	
0.510893582377851	
0.5108872457326302	
0.510880922370283	
0.510874612283964	
0.5108683154669249	
0.5108620319125152	
0.5108557616141782	
0.5108495045654523	
0.5108432607599692	
0.5108370301914517	
0.5108308128537136	
0.510824608740658	
0.5108184178462776	
0.510812240164651	
0.5108060756899436	
0.5107999244164063	
0.510793786338374	
0.5107876614502639	
0.510781549746576	
0.5107754512218909	
0.5107693658708696	
0.5107632936882507	
0.5107572346688521	
0.5107511888075675	
0.5107451560993672	
0.5107391365392958	
0.5107331301224718	
0.5107271368440873	
0.5107211566994061	
0.5107151896837622	
0.5107092357925611	
0.5107032950212763	
0.5106973673654506	
0.5106914528206928	
0.5106855513826797	
0.5106796630471526	
0.5106737878099186	
0.5106679256668466	
0.510662076613871	
0.5106562406469866	
0.5106504177622503	
0.5106446079557789	
0.5106388112237495	
0.510633027562397	
0.5106272569680159	
0.5106214994369563	
0.5106157549656258	
0.5106100235504873	
0.5106043051880584	
0.5105985998749114	
0.5105929076076711	
0.510587228383016	
0.5105815621976756	
0.5105759090484311	
0.510570268932114	
0.5105646418456053	
0.5105590277858357	
0.5105534267497835	
0.510547838734475	
0.5105422637369832	
0.5105367017544282	
0.5105311527839744	
0.510525616822833	
0.5105200938682575	
0.5105145839175467	
0.5105090869680413	
0.5105036030171257	
0.510498132062225	
0.5104926741008059	
0.5104872291303757	
0.5104817971484821	
0.5104763781527112	
0.5104709721406889	
0.5104655791100793	
0.5104601990585833	
0.5104548319839406	
0.5104494778839251	
0.510444136756349	
0.5104388085990588	
0.5104334934099364	
0.5104281911868976	
0.510422901927893	
0.5104176256309058	
0.5104123622939523	
0.510407111915081	
0.5104018744923733	
0.5103966500239405	
0.5103914385079261	
0.5103862399425037	
0.5103810543258762	
0.5103758816562773	
0.5103707219319688	
0.5103655751512411	
0.5103604413124136	
0.510355320413833	
0.5103502124538726	
0.5103451174309339	
0.510340035343444	
0.5103349661898561	
0.5103299099686498	
0.5103248666783293	
0.5103198363174233	
0.5103148188844857	
0.5103098143780945	
0.5103048227968509	
0.5102998441393796	
0.5102948784043285	
0.5102899255903681	
0.5102849856961909	
0.5102800587205109	
0.510275144662065	
0.5102702435196103	
0.5102653552919244	
0.5102604799778063	
0.5102556175760753	
0.5102507680855699	
0.5102459315051489	
0.5102411078336895	
0.5102362970700886	
0.5102314992132618	
0.5102267142621428	
0.5102219422156834	
0.5102171830728535	
0.51021243683264	
0.5102077034940479	
0.5102029830560982	
0.5101982755178294	
0.5101935808782962	
0.5101888991365693	
0.5101842302917363	
0.5101795743428987	
0.5101749312891757	
0.5101703011296999	
0.5101656838636196	
0.5101610794900983	
0.5101564880083134	
0.5101519094174569	
0.510147343716735	
0.510142790905368	
0.5101382509825889	
0.5101337239476452	
0.5101292097997978	
0.5101247085383201	
0.5101202201624986	
0.5101157446716327	
0.510111282065034	
0.5101068323420268	
0.5101023955019475	
0.5100979715441448	
0.5100935604679784	
0.5100891622728208	
0.5100847769580551	
0.5100804045230766	
0.5100760449672914	
0.5100716982901164	
0.5100673644909802	
0.5100630435693212	
0.5100587355245897	
0.5100544403562455	
0.5100501580637593	
0.5100458886466117	
0.510041632104294	
0.5100373884363072	
0.5100331576421618	
0.5100289397213795	
0.5100247346734902	
0.510020542498034	
0.5100163631945606	
0.5100121967626285	
0.5100080432018068	
0.5100039025116725	
0.509999774691812	
0.509995659741821	
0.5099915576613044	
0.5099874684498754	
0.5099833921071562	
0.5099793286327775	
0.5099752780263792	
0.5099712402876094	
0.5099672154161248	
0.50996320341159	
0.5099592042736796	
0.5099552180020741	
0.5099512445964645	
0.5099472840565487	
0.5099433363820329	
0.5099394015726326	
0.5099354796280702	
0.5099315705480758	
0.5099276743323886	
0.5099237909807557	
0.509919920492931	
0.5099160628686775	
0.5099122181077657	
0.5099083862099736	
0.5099045671750876	
0.5099007610029013	
0.5098969676932169	
0.5098931872458432	
0.509889419660598	
0.5098856649373058	
0.5098819230757996	
0.5098781940759194	
0.5098744779375141	
0.509870774660439	
0.5098670842445577	
0.5098634066897415	
0.5098597419958696	
0.5098560901628286	
0.5098524511905125	
0.5098488250788242	
0.5098452118276731	
0.5098416114369768	
0.5098380239066613	
0.5098344492366594	
0.5098308874269122	
0.5098273384773686	
0.5098238023879852	
0.5098202791587265	
0.5098167687895652	
0.5098132712804816	
0.5098097866314639	
0.5098063148425085	
0.5098028559136192	
0.5097994098448093	
0.5097959766360981	
0.5097925562875149	
0.5097891487990958	
0.5097857541708862	
0.5097823724029386	
0.5097790034953144	
0.509775647448083	
0.5097723042613229	
0.5097689739351199	
0.5097656564695692	
0.5097623518647735	
0.5097590601208446	
0.5097557812379034	
0.5097525152160785	
0.5097492620555073	
0.5097460217563364	
0.5097427943187212	
0.509739579742825	
0.5097363780288213	
0.5097331891768915	
0.5097300131872269	
0.509726850060027	
0.5097236997955009	
0.5097205623938668	
0.5097174378553522	
0.509714326180194	
0.5097112273686378	
0.5097081414209396	
0.5097050683373643	
0.5097020081181861	
0.50969896076369	
0.5096959262741693	
0.5096929046499277	
0.5096898958912786	
0.5096868999985453	
0.5096839169720615	
0.5096809468121698	
0.5096779895192242	
0.5096750450935879	
0.5096721135356345	
0.5096691948457486	
0.5096662890243239	
0.5096633960717655	
0.5096605159884887	
0.5096576487749197	
0.5096547944314945	
0.5096519529586607	
0.5096491243568763	
0.5096463086266099	
0.5096435057683414	
0.5096407157825614	
0.5096379386697719	
0.509635174430486	
0.5096324230652275	
0.5096296845745322	
0.5096269589589466	
0.5096242462190287	
0.5096215463553483	
0.509618859368487	
0.5096161852590371	
0.5096135240276032	
0.5096108756748019	
0.5096082402012612	
0.5096056176076202	
0.5096030078945322	
0.5096004110626603	
0.5095978271126806	
0.5095952560452819	
0.5095926978611642	
0.5095901525610403	
0.5095876201456355	
0.5095851006156873	
0.5095825939719457	
0.5095801002151733	
0.5095776193461451	
0.5095751513656493	
0.5095726962744865	
0.5095702540734699	
0.5095678247634259	
0.5095654083451936	
0.509563004819625	
0.5095606141875861	
0.5095582364499541	
0.5095558716076212	
0.5095535196614918	
0.5095511806124837	
0.5095488544615282	
0.50954654120957	
0.5095442408575666	
0.5095419534064897	
0.5095396788573241	
0.5095374172110686	
0.509535168468735	
0.5095329326313489	
0.50953070969995	
0.5095284996755911	
0.5095263025593397	
0.5095241183522757	
0.5095219470554943	
0.5095197886701035	
0.5095176431972258	
0.5095155106379976	
0.5095133909935695	
0.5095112842651054	
0.509509190453784	
0.5095071095607975	
0.5095050415873528	
0.5095029865346701	
0.5095009444039846	
0.5094989151965457	
0.5094968989136162	
0.5094948955564736	
0.5094929051264095	
0.5094909276247304	
0.5094889630527559	
0.5094870114118207	
0.5094850727032736	
0.5094831469284777	
0.5094812340888104	
0.5094793341856635	
0.5094774472204427	
0.5094755731945685	
0.5094737121094756	
0.5094718639666126	
0.5094700287674431	
0.5094682065134444	
0.5094663972061083	
0.5094646008469408	
0.5094628174374625	
0.5094610469792075	
0.509459289473725	
0.5094575449225779	
0.5094558133273435	
0.5094540946896127	
0.5094523890109911	
0.5094506962930985	
0.5094490165375682	
0.5094473497460484	
0.5094456959202002	
0.5094440550616997	
0.5094424271722361	
0.5094408122535127	
0.5094392103072473	
0.5094376213351702	
0.5094360453390268	
0.5094344823205752	
0.5094329322815876	
0.5094313952238495	
0.50942987114916	
0.5094283600593319	
0.5094268619561907	
0.509425376841576	
0.5094239047173402	
0.5094224455853484	
0.5094209994474798	
0.5094195663056262	
0.5094181461616918	
0.5094167390175938	
0.509415344875263	
0.5094139637366418	
0.5094125956036852	
0.509411240478362	
0.5094098983626508	
0.5094085692585455	
0.5094072531680497	
0.5094059500931806	
0.509404660035966	
0.5094033829984467	
0.5094021189826744	
0.5094008679907124	
0.5093996300246362	
0.5093984050865319	
0.5093971931784966	
0.5093959943026393	
0.509394808461079	
0.5093936356559462	
0.5093924758893815	
0.5093913291635361	
0.5093901954805719	
0.5093890748426603	
0.509387967251983	
0.509386872710732	
0.5093857912211089	
