0.48830759033240345	
0.4492593478017054	
0.44618970723840345	
0.4449129166559662	
0.4442610994071521	
0.44388952683338995	
0.44366255681615024	
0.44351744666316417	
0.4434216394856403	
0.4433568257271831	
0.4433121152190553	
0.443280764179529	
0.44325846691711057	
0.44324240685009564	
0.4432307043550133	
0.4432220838085524	
0.44321566693569003	
0.4432108414295636	
0.4432071756942538	
0.4432043625267108	
0.4432021813332358	
0.4432004724331054	
0.44319911937157014	
0.4431980366159003	
0.4431971609152477	
