0.184083466413233	
0.1753541586244568	
0.17486267521435722	
0.1748569397266926	
0.1748927024874855	
0.17491122079779753	
0.17491631064295296	
0.1749145906490644	
0.1749099624619357	
0.17490437512038637	
0.17489872888785346	
0.17489340428193983	
0.1748885346142461	
0.17488414050666748	
0.17488019481227993	
0.17487665325024182	
0.1748734683493846	
0.17487059536323984	
0.1748679943982241	
0.17486563081972945	
0.17486347493046842	
0.17486150139017775	
0.17485968858942566	
0.17485801806665172	
0.17485647399925655	
0.17485504277329478	
0.1748537126254476	
0.17485247334735934	
0.17485131604208404	
0.17485023292333476	
0.1748492171496256	
0.17484826268675047	
0.17484736419329366	
0.17484651671153156	
0.17480026400449933	
0.17478908295046824	
0.17478617334845362	
0.1747856658718046	
0.1747856584455404	
0.1747856107490586	
0.17478540889502847	
0.17478506393728618	
0.17478461462738407	
0.17478409789443014	
0.171822375823462	
0.17153962929287334	
0.1714081272051627	
0.1713344367093126	
0.17128808843136922	
0.1712565927660458	
0.1712339643247703	
0.17121700505928283	
0.17120386529690582	
0.1711934084436941	
0.17118490157385371	
0.17117785295277757	
0.17117192148104324	
0.1711668637095859	
0.1711625015482975	
0.17115870188647828	
0.17115536333344714	
0.17115240735694504	
0.1711497722175681	
0.17114740872730197	
0.17114527722599263	
0.1711433453882381	
0.1711415866073307	
0.17113997878720008	
0.1711385034274211	
0.17113714492180074	
0.1711358900146999	
0.17113472737529606	
0.1711336472610282	
0.1711326412491995	
0.17113170202117595	
0.17113082318755352	
0.17112999914549917	
0.17112922496157154	
0.17112849627486548	
0.17112780921648688	
0.17112716034223222	
0.17112654657601495	
0.17112596516209275	
0.17112541362453193	
0.17112488973267156	
0.17112439147156955	
0.17112391701661314	
0.1711234647116312	
0.17112303304994717	
0.1711226206579372	
0.17112222628069917	
0.1711218487695351	
0.17112148707098448	
0.17112114021717892	
0.1711208073173499	
0.1711204875503231	
0.1711201801578713	
0.1711198844388131	
0.171119599743762	
0.17111932547044473	
0.17111906105951485	
0.17111880599080725	
0.1711185597799759	
0.17111832197546942	
0.17111809215580945	
0.17111786992713685	
0.1711176549209881	
0.17111744679228907	
0.17111724521753188	
0.17111704989311896	
0.17111686053386163	
0.17111667687160387	
0.1711164986539783	
0.17111632564326043	
0.17111615761532412	
0.17111599435868705	
0.17111583567363284	
0.17111568137140504	
0.17111553127346904	
0.1711153852108287	
0.17111524302340025	
0.17111510455943532	
0.17111496967498352	
0.17111483823340135	
0.17111471010489399	
0.17111458516609288	
0.17111446329966468	
0.17111434439394635	
0.1711142283426063	
0.17111411504433321	
0.17111400440254237	
0.1711138963251038	
0.1711137907240892	
0.17111368751553477	
0.17111358661922169	
0.17111348795847	
0.1711133914599442	
0.17111329705347664	
0.1711132046718947	
0.17111311425086612	
0.17111302572874915	
0.17111293904645283	
0.17111285414730953	
0.17111277097694896	
0.17111268948318545	
0.17111260961590788	
0.17111253132697854	
0.1711124545701383	
0.17111237930091314	
0.17111230547653108	
0.17111223305584222	
0.17111216199924012	
0.17111209226859325	
0.1711120238271754	
0.1711119566396006	
0.17111189067176527	
0.17111182589078922	
0.17111176226496105	
0.1711116997636871	
0.1711116383574433	
0.17111157801772894	
0.1711115187170204	
0.17111146042873338	
0.17111140312718112	
0.17111134678753645	
0.17111129138579728	
0.17111123689875243	
0.17111118330394964	
0.1711111305796631	
0.171111078704867	
0.17111102765920566	
0.17111097742296866	
0.17111092797706262	
0.17111087930299093	
0.17111083138282807	
0.17111078419919917	
0.17111073773525798	
0.17111069197466824	
0.17111064690158262	
0.17111060250062649	
0.17111055875687964	
0.1711105156558598	
0.17111047318350636	
0.17111043132616513	
0.17111039007057469	
0.17111034940385175	
0.17111030931347723	
0.17111026978728378	
0.17111023081344495	
0.1711101923804614	
0.1711101544771508	
0.1711101170926358	
0.17111008021633586	
0.17111004383795528	
0.17111000794747375	
0.17110997253513938	
0.17110993759145596	
0.17110990310717925	
0.1711098690733043	
0.17110983548106123	
0.17110980232190554	
0.1711097695875115	
0.17110973726976592	
0.1711097053607592	
0.1711096738527825	
0.171109642738318	
0.17110961201003472	
0.17110958166078383	
0.17110955168358954	
0.17110952207164778	
0.1711094928183191	
0.1711094639171227	
0.17110943536173437	
0.17110940714597897	
0.17110937926382896	
0.1711093517093968	
0.17110932447693472	
0.17110929756082607	
0.17110927095558548	
0.1711092446558534	
0.17110921865639275	
0.1711091929520854	
0.17110916753792785	
0.17110914240903075	
0.17110911756061267	
0.1711090929879985	
0.17110906868661713	
0.17110904465199722	
0.1711090208797652	
0.17110899736564222	
0.17110897410544312	
0.17110895109507174	
0.17110892833051933	
0.17110890580786306	
0.17110888352326267	
0.1711088614729589	
0.1711088396532712	
0.1711088180605956	
0.17110879669140308	
0.17110877554223722	
0.1711087546097126	
0.1711087338905122	
0.1711087133813868	
0.171108693079153	
0.17110867298069174	
0.17110865308294532	
0.1711086333829179	
0.17110861387767215	
0.1711085945643288	
0.1711085754400654	
0.17110855650211493	
0.17110853774776227	
0.17110851917434733	
0.17110850077925868	
0.1711084825599372	
0.1711084645138706	
0.17110844663859537	
0.1711084289316941	
0.17110841139079477	
0.17110839401356936	
0.17110837679773463	
0.17110835974104796	
0.17110834284130816	
0.17110832609635554	
0.17110830950406897	
0.17110829306236652	
0.17110827676920343	
0.17110826062257153	
0.17110824462050028	
0.1711082287610524	
0.17110821304232537	
0.17110819746245226	
0.17110818201959643	
0.17110816671195486	
0.17110815153775613	
0.17110813649525902	
0.17110812158275304	
0.17110810679855748	
0.17110809214101907	
0.1711080776085135	
0.17110806319944485	
0.17110804891224424	
0.17110803474536743	
0.17110802069729902	
0.1711080067665461	
0.17110799295164286	
0.17110797925114662	
0.17110796566363862	
0.1711079521877241	
0.1711079388220312	
0.1711079255652093	
0.17110791241593076	
0.17110789937288914	
0.17110788643479946	
0.1711078736003971	
0.17110786086843727	
0.17110784823769562	
0.17110783570696697	
0.17110782327506519	
0.17110781094082309	
0.17110779870309206	
0.17110778656074024	
0.1711077745126546	
0.17110776255773846	
0.1711077506949132	
0.1711077389231161	
0.17110772724130005	
0.1711077156484355	
0.17110770414350762	
0.1711076927255166	
0.17110768139347865	
0.17110767014642422	
0.17110765898339853	
0.17110764790346106	
0.1711076369056844	
0.1711076259891565	
0.1711076151529776	
0.1711076043962618	
0.1711075937181356	
0.17110758311773835	
0.1711075725942225	
0.17110756214675263	
0.1711075517745042	
0.17110754147666693	
0.17110753125243955	
0.17110752110103383	
0.17110751102167276	
0.17110750101358943	
0.17110749107602816	
0.17110748120824523	
0.17110747140950497	
0.17110746167908394	
0.17110745201626765	
0.17110744242035192	
0.17110743289064279	
0.17110742342645585	
0.1711074140271144	
0.17110740469195349	
0.17110739542031536	
0.17110738621155314	
0.1711073770650256	
0.17110736798010412	
0.1711073589561651	
0.17110734999259528	
0.17110734108878922	
0.17110733224414942	
0.1711073234580857	
0.17110731473001672	
0.17110730605936894	
0.17110729744557537	
0.1711072888880768	
0.17110728038632175	
0.17110727193976563	
0.17110726354787098	
0.17110725521010686	
0.17110724692595006	
0.17110723869488312	
0.17110723051639654	
0.17110722238998569	
0.17110721431515416	
0.17110720629140952	
0.1711071983182686	
0.17110719039525144	
0.17110718252188567	
0.1711071746977045	
0.1711071669222471	
0.17110715919505876	
0.17110715151568906	
0.17110714388369505	
0.17110713629863727	
0.17110712876008366	
0.17110712126760516	
0.1711071138207803	
0.17110710641919138	
0.17110709906242624	
0.17110709175007752	
0.17110708448174278	
0.1711070772570247	
0.17110707007553047	
0.17110706293687178	
0.17110705584066563	
0.1711070487865327	
0.1711070417740993	
0.17110703480299516	
0.17110702787285476	
0.17110702098331726	
0.17110701413402524	
0.17110700732462558	
0.17110700055477032	
0.1711069938241142	
0.17110698713231715	
0.17110698047904152	
0.1711069738639554	
0.1711069672867298	
0.17110696074703893	
0.17110695424456146	
0.17110694777897986	
0.17110694134997947	
0.17110693495724988	
0.17110692860048374	
0.17110692227937782	
0.17110691599363131	
0.17110690974294748	
0.17110690352703267	
0.171106897345597	
0.1711068911983524	
0.1711068850850161	
0.1711068790053062	
0.17110687295894594	
0.17110686694566032	
0.171106860965178	
0.1711068550172292	
0.17110684910154994	
0.171106843217876	
0.17110683736594784	
0.17110683154550885	
0.17110682575630398	
0.17110681999808128	
0.17110681427059238	
0.17110680857359128	
0.17110680290683317	
0.1711067972700781	
0.1711067916630868	
0.17110678608562388	
0.17110678053745543	
0.17110677501835037	
0.17110676952808002	
0.17110676406641825	
0.1711067586331417	
0.17110675322802849	
0.17110674785085872	
0.17110674250141666	
0.1711067371794864	
0.1711067318848566	
0.17110672661731616	
0.17110672137665658	
0.17110671616267267	
0.17110671097516017	
0.17110670581391732	
0.17110670067874403	
0.1711066955694432	
0.17110669048581867	
0.1711066854276759	
0.17110668039482396	
0.17110667538707286	
0.17110667040423388	
0.17110666544612183	
0.171106660512552	
0.17110665560334107	
0.17110665071831002	
0.17110664585727844	
0.17110664102006992	
0.1711066362065091	
0.17110663141642216	
0.17110662664963677	
0.17110662190598358	
0.1711066171852931	
0.1711066124873991	
0.17110660781213574	
0.17110660315933876	
0.17110659852884652	
0.17110659392049887	
0.1711065893341362	
0.17110658476960092	
0.17110658022673653	
0.1711065757053887	
0.17110657120540493	
0.17110656672663305	
0.1711065622689227	
0.17110655783212542	
0.17110655341609352	
0.17110654902068068	
0.17110654464574335	
0.1711065402911376	
0.17110653595672093	
0.17110653164235334	
0.17110652734789505	
0.1711065230732085	
0.17110651881815672	
0.1711065145826037	
0.17110651036641555	
0.1711065061694596	
0.1711065019916036	
0.17110649783271697	
0.17110649369267028	
0.17110648957133504	
0.17110648546858465	
0.17110648138429305	
0.17110647731833525	
0.1711064732705879	
0.17110646924092765	
0.17110646522923406	
0.1711064612353859	
0.17110645725926438	
0.17110645330075114	
0.1711064493597287	
0.1711064454360813	
0.17110644152969373	
0.17110643764045153	
0.17110643376824192	
0.17110642991295238	
0.17110642607447302	
0.17110642225269226	
0.17110641844750155	
0.17110641465879206	
0.17110641088645714	
0.17110640713039063	
0.17110640339048652	
0.17110639966664082	
0.17110639595874869	
0.17110639226670857	
0.17110638859041824	
0.1711063849297769	
0.17110638128468364	
0.17110637765504033	
0.17110637404074755	
0.17110637044170826	
0.17110636685782551	
0.17110636328900375	
0.17110635973514712	
0.17110635619616182	
0.17110635267195343	
0.17110634916243084	
0.17110634566750052	
0.17110634218707219	
0.17110633872105482	
0.17110633526935873	
0.17110633183189486	
0.17110632840857615	
0.1711063249993136	
0.17110632160402123	
0.1711063182226129	
0.17110631485500272	
0.171106311501107	
0.17110630816084058	
0.17110630483412123	
0.1711063015208659	
0.17110629822099258	
0.17110629493442017	
0.1711062916610678	
0.17110628840085607	
0.17110628515370485	
0.17110628191953636	
0.17110627869827214	
0.17110627548983465	
0.17110627229414693	
0.17110626911113366	
0.17110626594071823	
0.1711062627828261	
0.17110625963738307	
0.17110625650431527	
0.1711062533835492	
0.1711062502750125	
0.17110624717863293	
0.17110624409433908	
0.1711062410220599	
0.1711062379617248	
0.1711062349132654	
0.1711062318766107	
0.17110622885169216	
0.17110622583844193	
0.17110622283679283	
0.17110621984667698	
0.17110621686802818	
0.17110621390077968	
0.17110621094486647	
0.17110620800022347	
0.1711062050667854	
0.17110620214448846	
0.17110619923326936	
0.17110619633306484	
0.1711061934438121	
0.17110619056544826	
0.17110618769791272	
0.17110618484114376	
0.17110618199508032	
0.1711061791596623	
0.17110617633482997	
0.17110617352052376	
0.17110617071668477	
0.17110616792325398	
0.17110616514017396	
0.17110616236738638	
0.17110615960483516	
0.1711061568524614	
0.1711061541102106	
0.17110615137802604	
0.17110614865585172	
0.1711061459436332	
0.17110614324131568	
0.17110614054884404	
0.17110613786616524	
0.17110613519322532	
0.17110613252997095	
0.17110612987634946	
0.17110612723230859	
0.17110612459779603	
0.17110612197275996	
0.17110611935714962	
0.1711061167509142	
0.1711061141540026	
0.171106111566365	
0.17110610898795137	
0.1711061064187121	
0.17110610385859912	
0.17110610130756207	
0.17110609876555358	
0.17110609623252548	
0.17110609370842966	
0.17110609119321923	
0.171106088686847	
0.17110608618926582	
0.17110608370042993	
0.17110608122029292	
0.17110607874880898	
0.17110607628593288	
0.17110607383161971	
0.17110607138582362	
0.17110606894850175	
0.17110606651960864	
0.1711060640991009	
0.17110606168693546	
0.1711060592830683	
0.17110605688745648	
0.17110605450005792	
0.17110605212083022	
0.171106049749731	
0.17110604738671825	
0.17110604503175075	
0.1711060426847875	
0.17110604034578727	
0.17110603801470967	
0.17110603569151397	
0.17110603337616037	
0.17110603106860894	
0.17110602876881978	
0.17110602647675444	
0.17110602419237328	
0.17110602191563795	
0.1711060196465091	
0.17110601738494907	
0.17110601513092005	
0.17110601288438415	
0.17110601064530379	
0.17110600841364182	
0.1711060061893609	
0.17110600397242517	
0.17110600176279725	
0.17110599956044129	
0.1711059973653213	
0.17110599517740124	
0.17110599299664592	
0.17110599082301983	
0.17110598865648793	
0.1711059864970154	
0.1711059843445674	
0.17110598219911036	
0.1711059800606089	
0.1711059779290304	
0.17110597580433984	
0.17110597368650474	
0.17110597157549096	
0.17110596947126633	
0.17110596737379727	
0.1711059652830517	
0.17110596319899646	
0.17110596112160031	
0.1711059590508304	
0.17110595698665534	
0.17110595492904296	
0.17110595287796312	
0.17110595083338317	
0.171105948795273	
0.17110594676360155	
0.17110594473833812	
0.171105942719452	
0.1711059407069137	
0.17110593870069304	
0.17110593670075974	
0.17110593470708477	
0.17110593271963748	
0.17110593073839003	
0.17110592876331202	
0.17110592679437567	
0.1711059248315518	
0.17110592287481147	
0.17110592092412694	
0.17110591897946942	
0.17110591704081105	
0.17110591510812412	
0.17110591318138152	
0.17110591126055416	
0.1711059093456162	
0.17110590743653994	
0.1711059055332983	
0.17110590363586445	
0.17110590174421197	
0.17110589985831354	
0.17110589797814424	
0.17110589610367635	
0.17110589423488495	
0.17110589237174356	
0.1711058905142272	
0.17110588866230922	
0.1711058868159649	
0.17110588497516893	
0.17110588313989625	
0.17110588131012167	
0.17110587948582082	
0.17110587766696866	
0.1711058758535411	
0.17110587404551297	
0.1711058722428606	
0.1711058704455602	
0.1711058686535874	
0.17110586686691948	
0.17110586508553136	
0.1711058633094004	
0.17110586153850277	
0.17110585977281514	
0.17110585801231545	
0.1711058562569798	
0.1711058545067856	
0.17110585276171014	
0.1711058510217316	
0.171105849286826	
0.17110584755697286	
0.17110584583214924	
0.17110584411233284	
0.1711058423975022	
0.17110584068763518	
0.17110583898271053	
0.17110583728270676	
0.17110583558760198	
0.1711058338973755	
0.17110583221200584	
0.17110583053147266	
0.17110582885575412	
0.17110582718482978	
0.17110582551867917	
0.1711058238572817	
0.1711058222006173	
0.17110582054866483	
0.17110581890140475	
0.17110581725881685	
0.17110581562088112	
0.1711058139875779	
0.17110581235888717	
0.17110581073478948	
0.17110580911526538	
0.17110580750029553	
0.17110580588986055	
0.17110580428394107	
0.17110580268251854	
0.17110580108557377	
0.17110579949308716	
0.17110579790504143	
0.1711057963214171	
0.17110579474219542	
0.1711057931673583	
0.1711057915968872	
0.1711057900307644	
0.17110578846897104	
0.17110578691148962	
0.17110578535830223	
0.17110578380939076	
0.17110578226473802	
0.17110578072432558	
0.17110577918813633	
0.17110577765615337	
0.17110577612835795	
0.17110577460473433	
0.17110577308526428	
0.17110577156993187	
0.17110577005871905	
0.17110576855160958	
0.1711057670485863	
0.1711057655496326	
0.17110576405473227	
0.17110576256386847	
0.17110576107702533	
0.17110575959418514	
0.17110575811533363	
0.1711057566404531	
0.171105755169528	
0.1711057537025423	
0.17110575223948052	
0.1711057507803262	
0.17110574932506412	
0.17110574787367855	
0.17110574642615364	
0.1711057449824739	
0.17110574354262478	
0.1711057421065903	
0.1711057406743552	
0.17110573924590458	
0.1711057378212235	
0.17110573640029658	
0.17110573498310958	
0.1711057335696462	
0.17110573215989347	
0.1711057307538359	
0.171105729351459	
0.17110572795274806	
0.17110572655768905	
0.17110572516626746	
0.17110572377846836	
0.17110572239427888	
0.17110572101368393	
0.17110571963666954	
0.17110571826322238	
0.1711057168933274	
0.17110571552697187	
0.1711057141641415	
0.17110571280482184	
0.17110571144900075	
0.1711057100966639	
0.17110570874779796	
0.17110570740238934	
0.17110570606042508	
0.17110570472189107	
0.17110570338677514	
0.1711057020550634	
0.17110570072674322	
0.17110569940180115	
0.1711056980802249	
0.17110569676200116	
0.17110569544711718	
0.17110569413556037	
0.17110569282731727	
0.17110569152237656	
0.17110569022072486	
0.17110568892235	
0.1711056876272391	
0.1711056863353801	
0.1711056850467613	
0.1711056837613693	
0.17110568247919272	
0.17110568120021924	
0.17110567992443704	
0.1711056786518335	
0.17110567738239757	
0.17110567611611674	
0.17110567485297917	
0.17110567359297318	
0.17110567233608795	
0.1711056710823105	
0.17110566983162986	
0.1711056685840352	
0.17110566733951346	
0.17110566609805467	
0.17110566485964665	
0.1711056636242787	
0.17110566239193906	
0.17110566116261688	
0.17110565993630128	
0.17110565871298056	
0.17110565749264345	
0.1711056562752804	
0.17110565506087905	
0.17110565384942963	
0.17110565264092065	
0.17110565143534134	
0.17110565023268137	
0.17110564903292982	
0.1711056478360761	
0.17110564664211014	
0.17110564545102133	
0.17110564426279828	
0.17110564307743167	
0.17110564189491037	
0.1711056407152254	
0.17110563953836508	
0.17110563836431966	
0.17110563719307953	
0.17110563602463436	
0.17110563485897337	
0.17110563369608722	
0.17110563253596608	
0.17110563137859972	
0.17110563022397834	
0.17110562907209226	
0.1711056279229318	
0.1711056267764868	
0.17110562563274817	
0.1711056244917063	
0.1711056233533507	
0.17110562221767306	
0.17110562108466315	
0.17110561995431173	
0.17110561882660935	
0.17110561770154653	
0.17110561657911422	
0.17110561545930317	
0.17110561434210417	
0.17110561322750734	
0.17110561211550446	
0.1711056110060863	
0.1711056098992436	
0.17110560879496747	
0.1711056076932485	
0.17110560659407792	
0.17110560549744802	
0.17110560440334802	
0.17110560331177072	
0.17110560222270668	
0.17110560113614723	
0.17110560005208328	
0.17110559897050734	
0.17110559789140964	
0.17110559681478227	
0.17110559574061643	
0.1711055946689036	
0.17110559359963548	
0.17110559253280372	
0.17110559146840024	
0.17110559040641632	
0.1711055893468434	
0.17110558828967393	
0.17110558723489905	
0.17110558618251115	
0.17110558513250154	
0.17110558408486296	
0.17110558303958667	
0.17110558199666462	
0.17110558095608877	
0.17110557991785202	
0.1711055788819449	
0.1711055778483612	
0.17110557681709215	
0.17110557578813015	
0.17110557476146712	
0.17110557373709592	
0.17110557271500834	
0.171105571695197	
0.1711055706776544	
0.17110556966237217	
0.1711055686493435	
0.17110556763856075	
0.17110556663001636	
0.17110556562370235	
0.1711055646196123	
0.17110556361773785	
0.17110556261807244	
0.17110556162060805	
0.17110556062533766	
0.1711055596322542	
0.17110555864135005	
0.17110555765261812	
0.1711055566660516	
0.17110555568164273	
0.17110555469938477	
0.17110555371927108	
0.17110555274129366	
0.17110555176544587	
0.17110555079172124	
0.17110554982011209	
0.17110554885061188	
0.17110554788321375	
0.17110554691791077	
0.17110554595469582	
0.17110554499356206	
0.1711055440345038	
0.17110554307751324	
0.17110554212258322	
0.17110554116970828	
0.17110554021888125	
0.17110553927009534	
0.17110553832334408	
0.1711055373786212	
0.17110553643591933	
0.1711055354952326	
0.17110553455655453	
0.17110553361987854	
0.17110553268519776	
0.17110553175250695	
0.17110553082179875	
0.17110552989306668	
0.17110552896630504	
0.17110552804150742	
0.17110552711866733	
0.17110552619777883	
0.17110552527883482	
0.17110552436183032	
0.1711055234467587	
0.17110552253361344	
0.17110552162238887	
0.17110552071307872	
0.17110551980567706	
0.17110551890017753	
0.17110551799657486	
0.1711055170948619	
0.17110551619503409	
0.17110551529708462	
0.17110551440100763	
0.1711055135067973	
0.17110551261444792	
0.17110551172395316	
0.17110551083530823	
0.1711055099485063	
