0.6789998559191679	
0.6873075462501612	
0.7041100188088337	
0.7032304062970545	
0.7020030030532339	
0.7011184823040488	
0.7003743941880051	
0.6997114460856554	
0.6990889346028192	
0.6984871889179807	
0.6978981123130532	
0.6973184687395617	
0.6967469171455659	
0.6961828508779753	
0.6956259474517921	
0.6950759674712647	
0.6945325541071921	
0.6939944934429986	
0.6934550341476029	
0.6928644708607101	
0.6917809779241244	
0.6861977167601806	
0.6542731470329379	
0.5687912425902905	
0.5474871241028059	
0.5533487822903619	
0.5559259953906478	
0.5574622896091987	
0.5586963475197121	
0.559852442906653	
0.5609928265077887	
0.5621281583751204	
0.5632583573272432	
0.5643870662912358	
0.5655247752420128	
0.5666870313407611	
0.5678911185060954	
0.5691530301862625	
0.570485377443887	
0.5718960126349866	
0.5733869482350743	
0.5749537170061249	
0.5765859318532826	
0.5782693913550676	
0.5799886742337236	
0.5817286241127122	
0.5834761880169583	
0.585230610710633	
0.5870267675108672	
0.588946749894665	
0.5910750116955856	
0.5934028648640838	
0.5957639673132445	
0.5979444637228933	
0.5999968215338717	
0.6021663628533718	
0.604580179503357	
0.6071432766028881	
0.6097057689976686	
0.6120386918412922	
0.6132938205547488	
0.6140469224214536	
0.6159475384804799	
0.6189811335613832	
0.6235059503926564	
0.6288651491601869	
0.6346660912125809	
0.6362161368790987	
0.628740842933842	
0.6256939886248233	
0.6259190257704248	
0.6266305790688305	
0.6272894862297803	
0.6278249732866081	
0.6263536570109696	
0.6209716866841376	
0.6151864523688167	
0.6147553244815734	
0.6146711110262026	
0.6124856400732466	
0.6123253283081606	
0.6138638364276534	
0.6150058006923098	
0.613495330003649	
0.6104447953928515	
0.6064478302729425	
0.6008804068277237	
0.5987331570687526	
0.596638194162616	
0.5920742617342697	
0.5910405930601857	
0.5923990337708566	
0.5969024929597154	
0.6033989046725443	
0.610602957259715	
0.6169804574863783	
0.6206300541354782	
0.6222323516845486	
0.6258487383784038	
0.6296372142697497	
0.6320437293621535	
0.6357353383522238	
0.6389813730629528	
0.6411835118054517	
0.6419342018034594	
0.6436153934590668	
0.6458920026048136	
0.6467995872436234	
0.6471501474352563	
0.6477432681387935	
0.649153075553349	
0.6513254270391908	
0.6535901389429071	
0.6551480857853629	
0.6556760946240324	
0.6547453042071072	
0.6520086223309336	
0.6522588865662811	
0.6534547011542117	
0.6535879383691023	
0.6534005432092258	
0.653193748530335	
0.6530078311834789	
0.6528960718284954	
0.6531663622913473	
0.6544946518425874	
0.6571259258157114	
0.6607129927359793	
0.6629479767025229	
0.6634177920042381	
0.6634595053001077	
0.6647117180235352	
0.6676857153110545	
0.668705028348451	
0.6686896479696989	
0.6685027650665049	
0.6682964346293369	
0.6680901164877859	
0.6678860460818357	
0.6676844394889058	
0.6674852908945172	
0.6672885717941205	
0.6670942518107021	
0.6669023007452074	
0.6667126887635607	
0.6665253864089833	
0.6663403645988812	
0.6661575946204664	
0.6659770481263252	
0.6657986971299996	
0.6656225140016312	
0.6654484714636236	
0.6652765425863599	
0.6651067007839498	
0.6649389198100242	
0.6647731737535648	
0.6646094370347823	
0.66444768440102	
0.6642878909227176	
0.6641300319894018	
0.6639740833057206	
0.6638200208875188	
0.6636678210579577	
0.6635174604436702	
0.6633689159709593	
0.663222164862034	
0.6630771846312915	
0.6629339530816335	
0.6627924483008237	
0.6626526486578905	
0.6625145327995611	
0.6623780796467404	
0.6622432683910325	
0.6621100784912913	
0.661978489670221	
0.6618484819110063	
0.6617200354539904	
0.6615931307933788	
0.6614677486739997	
0.6613438700880788	
0.6612214762720747	
0.6611005487035339	
0.6609810690979938	
0.6608630194059169	
0.6607463818096656	
0.6606311387205064	
0.660517272775659	
0.6604047668353751	
0.6602936039800542	
0.6601837675073908	
0.6600752409295662	
0.6599680079704635	
0.6598620525629216	
0.6597573588460268	
0.6596539111624291	
0.6595516940556985	
0.6594506922677137	
0.6593508907360807	
0.6592522745915826	
0.6591548291556697	
0.6590585399379658	
0.6589633926338248	
0.6588693731219002	
0.6587764674617576	
0.6586846618915142	
0.658593942825505	
0.6585042968519815	
0.6584157107308402	
0.6583281713913786	
0.658241665930081	
0.6581561816084313	
0.6580717058507582	
0.6579882262421002	
0.657905730526106	
0.6578242066029556	
0.6577436425273158	
0.6576640265063146	
0.6575853468975468	
0.657507592207101	
0.6574307510876186	
0.6573548123363715	
0.6572797648933704	
0.6572055978394943	
0.6571323003946425	
0.65705986191592	
0.6569882718958334	
0.6569175199605223	
0.6568475958680066	
0.6567784895064601	
0.656710190892506	
0.6566426901695344	
0.656575977606041	
0.6565100435939928	
0.656444878647206	
0.6563804733997571	
0.6563168186044024	
0.6562539051310313	
0.6561917239651279	
0.6561302662062605	
0.6560695230665914	
0.6560094858694009	
0.6559501460476374	
0.6558914951424795	
0.6558335248019255	
0.6557762267793947	
0.6557195929323499	
0.6556636152209405	
0.6556082857066587	
0.6555535965510192	
0.6554995400142503	
0.6554461084540073	
0.6553932943241021	
0.6553410901732488	
0.6552894886438235	
0.6552384824706483	
0.6551880644797822	
0.6551382275873333	
0.6550889647982904	
0.6550402692053574	
0.6549921339878219	
0.6549445524104172	
0.6548975178222234	
0.6548510236555599	
0.6548050634249101	
0.654759630725851	
0.6547147192339999	
0.6546703227039778	
0.6546264349683807	
0.6545830499367695	
0.6545401615946738	
0.6544977640026001	
0.6544558512950716	
0.6544144176796558	
0.6543734574360337	
0.6543329649150516	
0.6542929345378102	
0.6542533607947523	
0.6542142382447688	
0.6541755615143103	
0.6541373252965172	
0.6540995243503589	
0.6540621534997829	
0.6540252076328783	
0.6539886817010451	
0.6539525707181834	
0.6539168697598826	
0.6538815739626344	
0.6538466785230416	
0.6538121786970463	
0.6537780697991706	
0.6537443472017604	
0.6537110063342445	
0.6536780426823978	
0.6536454517876241	
0.6536132292462346	
0.6535813707087523	
0.6535498718792109	
0.6535187285144722	
0.653487936423547	
0.6534574914669321	
0.6534273895559477	
0.6533976266520877	
0.6533681987663824	
0.6533391019587609	
0.6533103323374283	
0.6532818860582523	
0.6532537593241513	
0.6532259483844967	
0.653198449534522	
0.653171259114736	
0.6531443735103478	
0.6531177891506995	
0.6530915025087015	
0.6530655101002836	
0.6530398084838417	
0.6530143942597085	
0.6529892640696094	
0.652964414596147	
0.6529398425622779	
0.6529155447308043	
0.6528915179038668	
0.6528677589224468	
0.6528442646658781	
0.6528210320513571	
0.6527980580334696	
0.6527753396037125	
0.6527528737900349	
0.6527306576563707	
0.6527086883021895	
0.6526869628620495	
0.6526654785051504	
0.6526442324349021	
0.6526232218884904	
0.6526024441364566	
0.6525818964822733	
0.6525615762619341	
0.6525414808435425	
0.6525216076269106	
0.6525019540431626	
0.6524825175543373	
0.6524632956530061	
0.6524442858618883	
0.6524254857334723	
0.6524068928496446	
0.6523885048213235	
0.6523703192880924	
0.6523523339178448	
0.6523345464064292	
0.6523169544773043	
0.6522995558811872	
0.6522823483957189	
0.6522653298251287	
0.6522484979999007	
0.6522318507764487	
0.6522153860367945	
0.652199101688244	
0.652182995663083	
0.6521670659182562	
0.6521513104350687	
0.6521357272188812	
0.6521203142988093	
0.6521050697274332	
0.6520899915805056	
0.6520750779566618	
0.6520603269771409	
0.6520457367855059	
0.6520313055473621	
0.6520170314500932	
0.6520029127025849	
0.6519889475349643	
0.6519751341983365	
0.6519614709645242	
0.6519479561258167	
0.651934587994711	
0.6519213649036699	
0.6519082852048738	
0.6518953472699761	
0.6518825494898677	
0.6518698902744363	
0.6518573680523381	
0.6518449812707643	
0.6518327283952129	
0.651820607909267	
0.6518086183143729	
0.6517967581296178	
0.6517850258915198	
0.6517734201538097	
0.6517619394872217	
0.6517505824792873	
0.6517393477341277	
0.6517282338722555	
0.6517172395303664	
0.6517063633611531	
0.6516956040331	
0.6516849602302976	
0.6516744306522492	
0.6516640140136838	
0.6516537090443724	
0.651643514488943	
0.6516334291067009	
0.6516234516714507	
0.6516135809713215	
0.6516038158085887	
0.6515941549995096	
0.6515845973741448	
0.6515751417762001	
0.6515657870628556	
0.6515565321046028	
0.651547375785087	
0.6515383170009447	
0.6515293546616491	
0.6515204876893531	
0.6515117150187361	
0.6515030355968561	
0.6514944483829967	
0.6514859523485214	
0.6514775464767278	
0.6514692297627033	
0.6514610012131853	
0.6514528598464168	
0.6514448046920127	
0.6514368347908202	
0.6514289491947862	
0.6514211469668197	
0.6514134271806659	
0.651405788920772	
0.6513982312821597	
0.6513907533703002	
0.651383354300988	
0.6513760332002159	
0.651368789204054	
0.6513616214585312	
0.6513545291195126	
0.6513475113525843	
0.6513405673329357	
0.6513336962452471	
0.651326897283574	
0.6513201696512364	
0.6513135125607095	
0.6513069252335122	
0.6513004069000998	
0.6512939567997601	
0.6512875741805054	
0.6512812582989719	
0.6512750084203107	
0.6512688238180974	
0.6512627037742186	
0.6512566475787867	
0.6512506545300332	
0.6512447239342123	
0.6512388551055149	
0.6512330473659634	
0.6512273000453241	
0.6512216124810175	
0.6512159840180233	
0.6512104140087952	
0.6512049018131683	
0.6511994467982752	
0.6511940483384577	
0.6511887058151854	
0.651183418616964	
0.6511781861392607	
0.6511730077844173	
0.6511678829615704	
0.6511628110865718	
0.6511577915819072	
0.6511528238766221	
0.6511479074062416	
0.6511430416126952	
0.651138225944239	
0.651133459855386	
0.6511287428068302	
0.6511240742653738	
0.6511194537038549	
0.6511148806010787	
0.651110354441747	
0.6511058747163858	
0.6511014409212837	
0.6510970525584182	
0.6510927091353913	
0.6510884101653654	
0.6510841551669951	
0.6510799436643664	
0.6510757751869304	
0.651071649269442	
0.6510675654518987	
0.6510635232794761	
0.6510595223024727	
0.6510555620762476	
0.651051642161156	
0.6510477621225033	
0.6510439215304767	
0.6510401199600929	
0.6510363569911405	
0.6510326322081262	
0.6510289452002196	
0.651025295561195	
0.6510216828893867	
0.6510181067876235	
0.6510145668631917	
0.6510110627277688	
0.6510075939973831	
0.6510041602923576	
0.6510007612372621	
0.6509973964608647	
0.6509940655960818	
0.6509907682799299	
0.6509875041534814	
0.6509842728618125	
0.6509810740539614	
0.6509779073828801	
0.6509747725053908	
0.6509716690821395	
0.6509685967775526	
0.6509655552597949	
0.6509625442007223	
0.6509595632758459	
0.6509566121642828	
0.6509536905487187	
0.6509507981153664	
0.6509479345539235	
0.6509450995575358	
0.6509422928227524	
0.6509395140494918	
0.6509367629410007	
0.6509340392038154	
0.6509313425477256	
0.6509286726857344	
0.6509260293340239	
0.6509234122119203	
0.6509208210418527	
0.6509182555493218	
0.6509157154628624	
0.6509132005140121	
0.650910710437271	
0.6509082449700742	
0.650905803852755	
0.65090338682851	
0.6509009936433698	
0.6508986240461668	
0.6508962777885	
0.6508939546247043	
0.6508916543118236	
0.650889376609573	
0.6508871212803142	
0.6508848880890209	
0.6508826768032531	
0.650880487193124	
0.6508783190312738	
0.6508761720928394	
0.6508740461554261	
0.6508719409990811	
0.6508698564062625	
0.6508677921618137	
0.6508657480529395	
0.6508637238691722	
0.6508617194023532	
0.6508597344465992	
0.6508577687982836	
0.6508558222560049	
0.650853894620564	
0.6508519856949404	
0.6508500952842661	
0.6508482231958012	
0.6508463692389092	
0.6508445332250358	
0.6508427149676832	
0.6508409142823859	
0.6508391309866921	
0.6508373649001343	
0.6508356158442129	
0.6508338836423728	
0.650832168119978	
0.6508304691042934	
0.6508287864244621	
0.6508271199114852	
0.6508254693981982	
0.650823834719255	
0.6508222157111022	
0.6508206122119623	
0.6508190240618145	
0.6508174511023705	
0.6508158931770588	
0.6508143501310066	
0.6508128218110139	
0.6508113080655442	
0.6508098087446981	
0.6508083237001994	
0.6508068527853736	
0.6508053958551331	
0.6508039527659565	
0.6508025233758751	
0.6508011075444504	
0.65079970513276	
0.650798316003381	
0.6507969400203717	
0.6507955770492564	
0.6507942269570067	
0.6507928896120286	
0.650791564884144	
0.6507902526445765	
0.6507889527659324	
0.6507876651221922	
0.6507863895886853	
0.6507851260420854	
0.6507838743603888	
0.650782634422901	
0.6507814061102227	
0.6507801893042356	
0.6507789838880885	
0.6507777897461806	
0.6507766067641519	
0.6507754348288656	
0.6507742738283955	
0.6507731236520139	
0.6507719841901775	
0.6507708553345117	
0.6507697369778039	
0.650768629013984	
0.650767531338115	
0.6507664438463805	
0.6507653664360694	
0.6507642990055694	
0.6507632414543489	
0.6507621936829483	
0.6507611555929655	
0.6507601270870493	
0.6507591080688813	
0.6507580984431708	
0.6507570981156369	
0.650756106993002	
0.6507551249829799	
0.6507541519942645	
0.6507531879365182	
0.650752232720363	
0.6507512862573652	
0.6507503484600341	
0.6507494192418019	
0.6507484985170185	
0.650747586200941	
0.6507466822097246	
0.6507457864604088	
0.6507448988709115	
0.6507440193600192	
0.6507431478473739	
0.6507422842534687	
0.6507414284996331	
0.6507405805080299	
0.65073974020164	
0.6507389075042578	
0.6507380823404786	
0.6507372646356943	
0.6507364543160808	
0.6507356513085903	
0.650734855540946	
0.6507340669416273	
0.6507332854398677	
0.6507325109656428	
0.6507317434496642	
0.6507309828233698	
0.6507302290189165	
0.6507294819691742	
0.6507287416077157	
0.6507280078688066	
0.6507272806874057	
0.6507265599991492	
0.6507258457403481	
0.650725137847979	
0.6507244362596758	
0.6507237409137268	
0.6507230517490623	
0.6507223687052505	
0.6507216917224897	
0.650721020741604	
0.6507203557040308	
0.6507196965518223	
0.6507190432276273	
0.6507183956746988	
0.6507177538368762	
0.6507171176585816	
0.6507164870848192	
0.6507158620611614	
0.6507152425337458	
0.6507146284492695	
0.6507140197549839	
0.6507134163986847	
0.6507128183287114	
0.6507122254939374	
0.6507116378437645	
0.6507110553281197	
0.650710477897448	
0.6507099055027057	
0.6507093380953566	
0.6507087756273653	
0.6507082180511926	
0.6507076653197905	
0.6507071173865968	
0.6507065742055268	
0.6507060357309727	
0.6507055019177961	
0.6507049727213237	
0.6507044480973403	
0.6507039280020861	
0.6507034123922527	
0.6507029012249749	
0.6507023944578273	
0.6507018920488212	
0.6507013939563993	
0.6507009001394279	
0.6507004105571965	
0.6506999251694126	
0.6506994439361923	
0.6506989668180658	
0.6506984937759616	
0.6506980247712103	
0.6506975597655367	
0.6506970987210565	
0.6506966416002734	
0.6506961883660715	
0.650695738981715	
0.6506952934108409	
0.6506948516174592	
0.6506944135659432	
0.6506939792210302	
0.650693548547816	
0.6506931215117523	
0.6506926980786402	
0.6506922782146267	
0.6506918618862068	
0.6506914490602115	
0.6506910397038095	
0.6506906337845015	
0.6506902312701177	
0.6506898321288151	
0.6506894363290704	
0.6506890438396802	
0.6506886546297572	
0.6506882686687251	
0.6506878859263164	
0.6506875063725698	
0.6506871299778239	
0.6506867567127178	
0.6506863865481876	
0.6506860194554597	
0.6506856554060498	
0.6506852943717624	
0.6506849363246835	
0.6506845812371806	
0.6506842290818967	
0.6506838798317516	
0.650683533459935	
0.650683189939907	
0.6506828492453905	
0.6506825113503746	
0.6506821762291071	
0.650681843856094	
0.6506815142060948	
0.6506811872541216	
0.6506808629754386	
0.6506805413455529	
0.6506802223402158	
0.6506799059354254	
0.6506795921074112	
0.650679280832646	
0.6506789720878333	
0.6506786658499086	
0.650678362096037	
0.6506780608036106	
0.6506777619502434	
0.6506774655137757	
0.6506771714722652	
0.6506768798039849	
0.6506765904874269	
0.6506763035012934	
0.6506760188244982	
0.6506757364361637	
0.650675456315617	
0.6506751784423915	
0.6506749027962195	
0.650674629357038	
0.6506743581049763	
0.650674089020362	
0.6506738220837164	
0.6506735572757522	
0.6506732945773706	
0.6506730339696623	
0.6506727754339017	
0.6506725189515489	
0.650672264504243	
0.6506720120738053	
0.6506717616422357	
0.6506715131917064	
0.6506712667045699	
0.6506710221633452	
0.6506707795507254	
0.650670538849573	
0.6506703000429148	
0.6506700631139454	
0.6506698280460225	
0.6506695948226657	
0.6506693634275554	
0.6506691338445306	
0.6506689060575869	
0.6506686800508752	
0.6506684558087008	
0.6506682333155202	
0.6506680125559435	
0.6506677935147251	
0.6506675761767713	
0.6506673605271318	
0.6506671465510024	
0.6506669342337204	
0.6506667235607665	
0.6506665145177588	
0.6506663070904573	
0.6506661012647562	
0.6506658970266883	
0.6506656943624185	
0.6506654932582459	
0.6506652937006003	
0.6506650956760428	
0.6506648991712646	
0.6506647041730805	
0.6506645106684354	
0.6506643186443984	
0.6506641280881614	
0.6506639389870397	
0.6506637513284679	
0.6506635651000044	
0.650663380289322	
0.6506631968842143	
0.6506630148725889	
0.6506628342424715	
0.6506626549819985	
0.6506624770794213	
0.650662300523101	
0.6506621253015109	
0.650661951403234	
0.6506617788169596	
0.6506616075314864	
0.6506614375357157	
0.6506612688186594	
0.6506611013694282	
0.6506609351772374	
0.6506607702314051	
0.6506606065213498	
0.6506604440365874	
0.6506602827667352	
0.6506601227015082	
0.6506599638307187	
0.6506598061442713	
0.6506596496321676	
0.6506594942845048	
0.6506593400914705	
0.6506591870433448	
0.6506590351304993	
0.6506588843433968	
0.650658734672586	
0.650658586108706	
0.6506584386424844	
0.6506582922647343	
0.6506581469663536	
0.650658002738326	
0.6506578595717185	
0.6506577174576814	
0.650657576387448	
0.6506574363523314	
0.6506572973437287	
0.6506571593531119	
0.6506570223720354	
0.6506568863921313	
0.6506567514051081	
0.6506566174027529	
0.6506564843769261	
0.6506563523195649	
0.6506562212226811	
0.6506560910783583	
0.650655961878755	
0.6506558336161025	
0.6506557062826996	
0.6506555798709199	
0.6506554543732049	
0.6506553297820662	
0.6506552060900838	
0.6506550832899067	
0.6506549613742482	
0.6506548403358916	
0.650654720167685	
0.6506546008625409	
0.6506544824134366	
0.6506543648134155	
0.6506542480555818	
0.6506541321331021	
0.6506540170392087	
0.6506539027671913	
0.650653789310404	
0.6506536766622582	
0.6506535648162276	
0.6506534537658425	
0.6506533435046922	
0.6506532340264267	
0.6506531253247501	
0.6506530173934251	
0.6506529102262695	
0.6506528038171581	
0.6506526981600211	
0.6506525932488398	
0.6506524890776538	
0.6506523856405544	
0.6506522829316859	
0.6506521809452454	
0.650652079675482	
0.6506519791166961	
0.6506518792632385	
0.650651780109513	
0.6506516816499683	
0.6506515838791086	
0.6506514867914827	
0.6506513903816894	
0.6506512946443769	
0.6506511995742384	
0.6506511051660167	
0.6506510114144988	
0.6506509183145197	
0.6506508258609597	
0.6506507340487446	
0.6506506428728441	
0.6506505523282743	
0.6506504624100926	
0.650650373113403	
0.6506502844333494	
0.650650196365121	
0.6506501089039496	
0.6506500220451054	
0.6506499357839042	
0.6506498501157005	
0.6506497650358911	
0.6506496805399111	
0.6506495966232378	
0.6506495132813862	
0.6506494305099113	
0.650649348304406	
0.6506492666605038	
0.650649185573874	
0.6506491050402249	
0.6506490250553018	
0.650648945614886	
0.6506488667147972	
0.6506487883508898	
0.6506487105190546	
0.6506486332152179	
0.6506485564353427	
0.6506484801754236	
0.6506484044314927	
0.6506483291996168	
0.650648254475893	
0.6506481802564552	
0.6506481065374693	
0.6506480333151344	
0.6506479605856829	
0.6506478883453773	
0.6506478165905151	
0.6506477453174234	
0.6506476745224614	
0.65064760420202	
0.650647534352519	
0.6506474649704103	
0.6506473960521779	
0.6506473275943311	
0.6506472595934124	
0.6506471920459924	
0.6506471249486716	
0.6506470582980783	
0.6506469920908705	
0.6506469263237333	
0.6506468609933802	
0.6506467960965538	
0.6506467316300225	
0.6506466675905831	
0.6506466039750586	
0.6506465407802977	
0.6506464780031781	
0.6506464156406025	
0.6506463536895005	
0.650646292146826	
0.650646231009558	
0.6506461702747031	
0.6506461099392911	
0.6506460500003776	
0.6506459904550418	
0.6506459313003886	
0.6506458725335452	
0.6506458141516641	
0.6506457561519219	
0.6506456985315167	
0.6506456412876722	
0.6506455844176332	
0.6506455279186677	
0.6506454717880683	
0.6506454160231471	
