0.6777188085356649	
0.6236598545942111	
0.5884574395421667	
0.557887417256528	
0.5318468883025971	
0.5097302307154101	
0.4909533634465402	
0.4749985525497341	
0.46141850277959195	
0.44983282643460226	
0.43992129032134225	
0.4314159738814034	
0.42409350280833225	
0.41776792959091774	
0.41228448743706847	
0.40751425563332894	
0.4033496800330731	
0.3997008519350609	
0.3964924375649747	
0.3936611542418795	
0.39115369988492177	
0.38892505532154814	
0.3869370916026479	
0.3851574261467265	
0.38355848162803885	
0.3821167100426757	
0.3808119514470053	
0.3796269026456344	
0.37854667580651563	
0.37755843078344176	
0.37665106799406545	
0.3758149711734884	
0.37504179131470833	
0.3743242647121076	
0.3736560593191804	
0.3730316446782006	
0.37244618152691905	
0.3718954278748969	
0.3713756589012451	
0.3708835984813472	
0.37041636052272475	
0.3699713985954128	
0.3695464625930209	
0.369139561367172	
0.36874893044858575	
0.36837300410928264	
0.36801039113760475	
0.3676598537952826	
0.367320289507158	
0.36699071490220186	
0.36667025188153146	
0.3663581154370351	
0.3660536029845879	
0.36575608500991164	
0.3654649968539319	
0.3651798314889351	
0.36490013315755815	
0.36462549176431563	
0.3643555379244247	
0.364089938587557	
0.3638283931651634	
0.3635706300994693	
0.3633164038203302	
0.3630654920431608	
0.3628176933671244	
0.3625728251379965	
0.3623307215445947	
0.36209123192155923	
0.36185421923464794	
0.3616195587276265	
0.3613871367123942	
0.36115684948619786	
0.36092860236172214	
0.36070230879752757	
0.3604778896178015	
0.3602552723116497	
0.3600343904033136	
0.35981518288568454	
0.3595975937103431	
0.35938157132814424	
0.35916706827501615	
0.3589540407982556	
0.3587424485191169	
0.35853225412795203	
0.35832342310857707	
0.35811592348888754	
0.35790972561508627	
0.3577048019471443	
0.35750112687338736	
0.35729867654231845	
0.3570974287099776	
0.35689736260132693	
0.35669845878429635	
0.35650069905527365	
0.3563040663349411	
0.35610854457347174	
0.35591411866420314	
0.3557207743649928	
0.35552849822652743	
0.35533727752695127	
0.35514710021222595	
0.35495795484168896	
0.3547698305383448	
0.35458271694345295	
0.354396604175026	
0.35421148278988324	
0.3540273437489517	
0.35384417838550897	
0.35366197837612356	
0.353480735714044	
0.353300442684828	
0.3531210918440126	
0.3529426759966486	
0.35276518817854075	
0.3525886216390397	
0.35241296982526465	
0.35223822636761704	
0.35206438506649507	
0.3518914398800891	
0.3517193849131807	
0.35154821440685063	
0.35137792272902696	
0.35120850436579915	
0.35103995391343057	
0.3508722660710252	
0.350705435633775	
0.35053945748675497	
0.3503743265992162	
0.3502100380193326	
0.35004658686936907	
0.3498839683412346	
0.3497221776923869	
0.3495612102420644	
0.34940106136781496	
0.3492417265022992	
0.34908320113034647	
0.3489254807862416	
0.34876856105122606	
0.34861243755119115	
0.3484571059545567	
0.3483025619703114	
0.34814880134620774	
0.3479958198670956	
0.34784361335338415	
0.34769217765962646	
0.34754150867320577	
0.3473916023131327	
0.34724245452892255	
0.3470940612995693	
0.34694641863258846	
0.34679952256313873	
0.3466533691532063	
0.34650795449085026	
0.34636327468950634	
0.34621932588733956	
0.3460761042466465	
0.3459336059533013	
0.3457918272162388	
0.34565076426698	
0.3455104133591867	
0.34537077076824957	
0.3452318327909057	
0.3450935957448818	
0.3449560559685615	
0.3448192098206757	
0.34468305368001323	
0.34454758394515134	
0.344412797034201	
0.3442786893845723	
0.3441452574527506	
0.3440124977140889	
0.3438804066626117	
0.3437489808108291	
0.3436182166895651	
0.3434881108477892	
0.3433586598524642	
0.34322986028839514	
0.34310170875809304	
0.3429742018816371	
0.3428473362965505	
0.34272110865767597	
0.3425955156370625	
0.3424705539238543	
0.34234622022417777	
0.3422225112610456	
0.342099423774253	
0.34197695452028304	
0.3418551002722143	
0.34173385781962773	
0.3416132239685234	
0.3414931955412307	
0.3413737693763295	
0.3412549423285645	
0.3411367112687702	
0.3410190730837889	
0.34090202467639685	
0.34078556296522977	
0.34066968488470595	
0.3405543873849572	
0.34043966743175397	
0.34032552200643723	
0.34021194810584626	
0.3400989427422504	
0.33998650294328103	
0.33987462575186284	
0.3397633082261469	
0.3396525474394421	
0.33954234048015314	
0.3394326844517091	
0.3393235764725008	
0.33921501367581636	
0.33910699320977405	
0.3389995122372582	
0.3388925679358561	
0.3387861574977925	
0.33868027812986545	
0.3385749270533842	
0.33847010150410356	
0.33836579873216244	
0.33826201600201755	
0.3381587505923851	
0.33805599979617285	
0.33795376092042034	
0.337852031286235	
0.33775080822872944	
0.3376500890969597	
0.3375498712538619	
0.33745015207619056	
0.3373509289544557	
0.3372521992928615	
0.33715396050924384	
0.33705621003500835	
0.33695894531506804	
0.3368621638077823	
0.3367658629848956	
0.336670040331475	
0.33657469334584794	
0.336479819539543	
0.3363854164372269	
0.3362914815766442	
0.3361980125085548	
0.33610500679667465	
0.3360124620176154	
0.33592037576081935	
0.3358287456285044	
0.3357375692356011	
0.3356468442096888	
0.33555656819094215	
0.3354667388320655	
0.33537735379823397	
0.3352884107670358	
0.3351999074284098	
0.33511184148458656	
0.33502421065002913	
0.3349370126513735	
0.3348502452273692	
0.33476390612882034	
0.33467799311852625	
0.33459250397122275	
0.33450743647352404	
0.33442278842386325	
0.3343385576324345	
0.33425474192113486	
0.3341713391235054	
0.33408834708467533	
0.33400576366129997	
0.3339235867215102	
0.3338418141448467	
0.3337604438222092	
0.3336794736557971	
0.333598901559051	
0.33351872545659966	
0.3334389432841994	
0.33335955298868053	
0.33328055252789085	
0.3332019398706381	
0.3331237129966356	
0.33304586989644647	
0.3329684085714276	
0.3328913270336749	
0.33281462330596795	
0.3327382954217151	
0.33266234142489964	
0.33258675937002397	
0.332511547322057	
0.3324367033563781	
0.33236222555872513	
0.3322881120251392	
0.33221436086191225	
0.3321409701855335	
0.33206793812263635	
0.33199526280994557	
0.33192294239422393	
0.3318509750322209	
0.3317793588906205	
0.33170809214598795	
0.3316371729847178	
0.3315665996029852	
0.33149637020669026	
0.3314264830114104	
0.33135693624234724	
0.3312877281342769	
0.331218856931498	
0.3311503208877838	
0.33108211826632955	
0.3310142473397045	
0.3309467063898004	
0.33087949370778297	
0.3308126075940432	
0.33074604635814686	
0.3306798083187874	
0.330613891803734	
0.3305482951497886	
0.3304830167027313	
0.330418054817278	
0.3303534078570284	
0.3302890741944212	
0.33022505221068493	
0.33016134029579197	
0.33009793684841066	
0.3300348402758595	
0.3299720489940601	
0.32990956142749106	
0.3298473760091412	
0.32978549118046496	
0.329723905391336	
0.3296626171000014	
0.32960162477303634	
0.3295409268853011	
0.3294805219198939	
0.32942040836810577	
0.32936058472938	
0.3293010495112639	
0.32924180122936614	
0.3291828384073139	
0.32912415957670843	
0.3290657632770826	
0.32900764805585536	
0.3289498124682926	
0.32889225507746156	
0.3288349744541885	
0.32877796917701796	
0.32872123783216955	
0.32866477901349656	
0.32860859132244313	
0.32855267336800476	
0.32849702376668544	
0.32844164114245716	
0.32838652412671965	
0.3283316713582578	
0.32827708148320395	
0.3282227531549946	
0.3281686850343344	
0.3281148757891516	
0.32806132409456124	
0.32800802863282563	
0.3279549880933155	
0.3279022011724683	
0.32784966657375236	
0.3277973830076266	
0.32774534919150256	
0.32769356384970744	
0.32764202571344225	
0.32759073352074886	
0.3275396860164691	
0.32748888195220743	
0.3274383200862956	
0.32738799918375333	
0.3273379180162535	
0.3272880753620837	
0.3272384700061099	
0.32718910073974217	
0.3271399663608962	
0.32709106567395824	
0.3270423974897492	
0.32699396062548963	
0.32694575390476394	
0.32689777615748455	
0.32685002621985915	
0.3268025029343522	
0.3267552051496545	
0.32670813172064483	
0.32666128150835866	
0.32661465337995294	
0.32656824620867164	
0.3265220588738128	
0.32647609026069474	
0.32643033926062315	
0.32638480477085663	
0.3263394856945755	
0.3262943809408473	
0.3262494894245953	
0.3262048100665653	
0.3261603417932937	
0.3261160835370752	
0.3260720342359314	
0.32602819283357803	
0.32598455827939404	
0.32594112952838933	
0.3258979055411759	
0.3258548852839332	
0.32581206772837973	
0.32576945185174144	
0.3257270366367214	
0.3256848210714692	
0.3256428041495502	
0.32560098486991657	
0.3255593622368763	
0.32551793526006423	
0.32547670295441167	
0.32543566434011767	
0.32539481844261914	
0.32535416429256225	
0.3253137009257731	
0.32527342738322906	
0.3252333427110301	
0.32519344596037053	
0.3251537361875102	
0.3251142124537462	
0.3250748738253871	
0.3250357193737207	
0.3249967481749897	
0.32495795931036475	
0.32491935186591325	
0.32488092493257636	
0.3248426776061388	
0.3248046089872033	
0.32476671818116365	
0.32472900429817886	
0.3246914664531442	
0.3246541037656673	
0.32461691536004106	
0.32457990036521706	
0.3245430579147813	
0.32450638714692576	
0.3244698872044255	
0.324433557234611	
0.32439739638934506	
0.32436140382499556	
0.32432557870241024	
0.3242899201868948	
0.32425442744818445	
0.32421909966042084	
0.32418393600212847	
0.32414893565618913	
0.3241140978098171	
0.3240794216545367	
0.3240449063861582	
0.32401055120475136	
0.323976355314625	
0.32394231792430284	
0.32390843824649773	
0.32387471549809116	
0.32384114890010857	
0.32380773767769655	
0.3237744810601004	
0.3237413782806411	
0.32370842857669174	
0.3236756311896575	
0.32364298536495023	
0.32361049035196743	
0.32357814540407176	
0.32354594977856627	
0.32351390273667413	
0.3234820035435167	
0.3234502514680917	
0.3234186457832511	
0.3233871857656808	
0.32335587069587907	
0.32332469985813517	
0.3232936725405083	
0.3232627880348058	
0.3232320456365645	
0.32320144464502865	
0.3231709843631289	
0.32314066409746284	
0.32311048315827456	
0.3230804408594345	
0.32305053651841753	
0.32302076945628605	
0.32299113899766757	
0.32296164447073655	
0.32293228520719447	
0.3229030605422487	
0.3228739698145956	
0.32284501236639845	
0.3228161875432718	
0.3227874946942588	
0.3227589331718135	
0.3227305023317842	
0.3227022015333902	
0.322674030139207	
0.32264598751514684	
0.3226180730304384	
0.32259028605761075	
0.32256262597247387	
0.32253509215410064	
0.3225076839848097	
0.3224804008501467	
0.3224532421388656	
0.3224262072429135	
0.32239929555740976	
0.3223725064806315	
0.3223458394139941	
0.32231929376203566	
0.32229286893239695	
0.322266564335808	
0.32224037938606737	
0.3222143135000279	
0.32218836609758	
0.32216253660163147	
0.32213682443809516	
0.32211122903587003	
0.3220857498268245	
0.3220603862457817	
0.3220351377305015	
0.32201000372166627	
0.3219849836628619	
0.3219600770005651	
0.3219352831841252	
0.3219106016657489	
0.32188603190048576	
0.32186157334621013	
0.32183722546360777	
0.3218129877161599	
0.321788859570127	
0.3217648404945352	
0.32174092996115866	
0.32171712744450653	
0.3216934324218074	
0.32166984437299356	
0.321646362780688	
0.321622987130187	
0.3215997169094483	
0.3215765516090737	
0.3215534907222976	
0.3215305337449694	
0.32150768017554204	
0.32148492951505586	
0.32146228126712495	
0.3214397349379226	
0.3214172900361693	
0.32139494607311553	
0.3213727025625306	
0.3213505590206882	
0.32132851496635145	
0.32130656992076134	
0.3212847234076214	
0.32126297495308537	
0.32124132408574285	
0.3212197703366075	
0.3211983132391017	
0.32117695232904503	
0.32115568714464104	
0.32113451722646297	
0.3211134421174436	
0.32109246136285813	
0.321071574510315	
0.3210507811097425	
0.3210300807133747	
0.32100947287573994	
0.3209889571536484	
0.3209685331061793	
0.3209482002946682	
0.3209279582826969	
0.3209078066360766	
0.320887744922842	
0.32086777271323347	
0.3208478895796882	
0.3208280950968284	
0.32080838884144697	
0.32078877039249887	
0.3207692393310861	
0.3207497952404492	
0.32073043770595366	
0.32071116631507984	
0.3206919806574085	
0.32067288032461283	
0.320653864910446	
0.3206349340107286	
0.32061608722333945	
0.32059732414820347	
0.32057864438727973	
0.32056004754455136	
0.3205415332260157	
0.32052310103967135	
0.3205047505955079	
0.3204864815054965	
0.32046829338357724	
0.3204501858456492	
0.3204321585095615	
0.32041421099509987	
0.32039634292397845	
0.32037855391982767	
0.32036084360818556	
0.320343211616487	
0.32032565757405224	
0.32030818111207826	
0.320290781863628	
0.32027345946362007	
0.3202562135488197	
0.3202390437578269	
0.32022194973106993	
0.32020493111079096	
0.3201879875410405	
0.3201711186676647	
0.32015432413829686	
0.3201376036023493	
0.3201209567110002	
0.3201043831171884	
0.32008788247559933	
0.3200714544426605	
0.320055098676528	
0.320038814837079	
0.3200226025859036	
0.3200064615862937	
0.3199903915032347	
0.3199743920033957	
0.3199584627551225	
0.3199426034284266	
0.3199268136949771	
0.3199110932280909	
0.31989544170272544	
0.319879858795469	
0.3198643441845322	
0.3198488975497387	
0.31983351857251757	
0.3198182069358941	
0.31980296232448124	
0.3197877844244713	
0.319772672923628	
0.31975762751127723	
0.31974264787829854	
0.31972773371711805	
0.3197128847216997	
0.31969810058753617	
0.31968338101164234	
0.3196687256925448	
0.3196541343302765	
0.31963960662636787	
0.3196251422838369	
0.3196107410071838	
0.3195964025023826	
0.31958212647687195	
0.31956791263954865	
0.31955376070075847	
0.3195396703722914	
0.3195256413673702	
0.3195116734006456	
0.31949776618818754	
0.31948391944747745	
0.3194701328974016	
0.31945640625824295	
0.31944273925167377	
0.31942913160074904	
0.3194155830298987	
0.31940209326491936	
0.31938866203296845	
0.3193752890625565	
0.31936197408354006	
0.3193487168271146	
0.31933551702580715	
0.31932237441346906	
0.31930928872527004	
0.3192962596976908	
0.3192832870685147	
0.31927037057682317	
0.3192575099629873	
0.3192447049686617	
0.31923195533677656	
0.3192192608115332	
0.3192066211383952	
0.3191940360640835	
0.31918150533656703	
0.3191690287050597	
0.31915660592001155	
0.3191442367331028	
0.31913192089723774	
0.31911965816653665	
0.319107448296332	
0.31909529104316126	
0.31908318616475795	
0.3190711334200499	
0.3190591325691482	
0.3190471833733454	
0.3190352855951064	
0.31902343899806307	
0.3190116433470087	
0.31899989840789056	
0.3189882039478059	
0.3189765597349941	
0.3189649655388311	
0.31895342112982417	
0.31894192627960555	
0.3189304807609259	
0.31891908434764976	
0.3189077368147492	
0.318896437938297	
0.31888518749546285	
0.31887398526450506	
0.31886283102476826	
0.3188517245566744	
0.31884066564171887	
0.3188296540624657	
0.3188186896025384	
0.31880777204662	
0.318796901180442	
0.31878607679078214	
0.318775298665459	
0.3187645665933249	
0.3187538803642611	
0.3187432397691732	
0.3187326445999852	
0.31872209464963486	
0.31871158971206726	
0.31870112958222996	
0.31869071405606875	
0.31868034293052167	
0.31867001600351325	
0.3186597330739512	
0.31864949394171904	
0.31863929840767313	
0.31862914627363603	
0.3186190373423926	
0.31860897141768485	
0.3185989483042054	
0.3185889678075959	
0.3185790297344379	
0.31856913389225155	
0.3185592800894891	
0.31854946813553064	
0.3185396978406781	
0.3185299690161521	
0.31852028147408684	
0.31851063502752386	
0.3185010294904098	
0.3184914646775901	
0.3184819404048044	
0.318472456488682	
0.31846301274673877	
0.31845360899737	
0.3184442450598485	
0.31843492075431745	
0.3184256359017883	
0.31841639032413505	
0.3184071838440899	
0.31839801628523906	
0.31838888747201827	
0.31837979722970833	
0.3183707453844313	
0.3183617317631445	
0.31835275619363906	
0.3183438185045336	
0.31833491852526996	
0.31832605608611	
0.3183172310181297	
0.3183084431532181	
0.3182996923240696	
0.3182909783641817	
0.31828230110785144	
0.31827366039016936	
0.3182650560470172	
0.3182564879150629	
0.3182479558317567	
0.3182394596353281	
0.3182309991647805	
0.3182225742598877	
0.3182141847611906	
0.318205830509992	
0.31819751134835506	
0.3181892271190961	
0.31818097766578335	
0.31817276283273255	
0.318164582465002	
0.3181564364083908	
0.3181483245094327	
0.3181402466153951	
0.31813220257427216	
0.31812419223478394	
0.31811621544637103	
0.31810827205919123	
0.3181003619241169	
0.31809248489272907	
0.3180846408173165	
0.3180768295508703	
0.3180690509470812	
0.3180613048603352	
0.3180535911457108	
0.31804590965897567	
0.31803826025658194	
0.3180306427956639	
0.3180230571340342	
0.3180155031301802	
0.3180079806432613	
0.3180004895331037	
0.3179930296601999	
0.3179856008857025	
0.3179782030714222	
0.3179708360798251	
0.3179634997740279	
0.3179561940177961	
0.317948918675539	
0.3179416736123079	
0.3179344586937925	
0.31792727378631785	
0.3179201187568405	
0.31791299347294516	
0.3179058978028427	
0.31789883161536736	
0.3178917947799699	
0.31788478716672	
0.31787780864629867	
0.3178708590899973	
0.31786393836971405	
0.31785704635795164	
0.31785018292781225	
0.31784334795299674	
0.3178365413078009	
0.31782976286711134	
0.31782301250640427	
0.31781629010174123	
0.3178095955297671	
0.3178029286677068	
0.31779628939336174	
0.3177896775851075	
0.31778309312189224	
0.31777653588323135	
0.3177700057492057	
0.3177635026004598	
0.317757026318197	
0.3177505767841792	
0.31774415388072164	
0.3177377574906916	
0.3177313874975049	
0.3177250437851233	
0.31771872623805275	
0.3177124347413392	
0.3177061691805673	
0.3176999294418549	
0.31769371541185537	
0.31768752697775027	
0.31768136402724806	
0.31767522644858376	
0.31766911413051274	
0.3176630269623107	
0.31765696483377015	
0.3176509276351973	
0.317644915257411	
0.3176389275917386	
0.3176329645300148	
0.31762702596457787	
0.31762111178826813	
0.3176152218944249	
0.31760935617688435	
0.3176035145299765	
0.3175976968485236	
0.31759190302783674	
0.317586132963715	
0.3175803865524405	
0.31757466369077847	
0.31756896427597353	
0.31756328820574714	
0.31755763537829745	
0.3175520056922931	
0.3175463990468743	
0.3175408153416488	
0.3175352544766902	
0.317529716352535	
0.3175242008701813	
0.3175187079310863	
0.3175132374371624	
0.31750778929077783	
0.317502363394752	
0.3174969596523533	
0.3174915779672997	
0.3174862182437532	
0.3174808803863191	
0.31747556430004387	
0.3174702698904123	
0.3174649970633476	
0.3174597457252051	
0.3174545157827742	
0.31744930714327335	
0.31744411971435066	
0.3174389534040788	
0.31743380812095523	
0.31742868377389855	
0.31742358027224854	
0.3174184975257612	
0.31741343544460876	
0.31740839393937725	
0.3174033729210642	
0.31739837230107687	
0.31739339199122996	
0.3173884319037434	
0.3173834919512413	
0.3173785720467496	
0.31737367210369344	
0.3173687920358948	
0.3173639317575732	
0.3173590911833414	
0.3173542702282034	
0.31734946880755344	
0.31734468683717454	
0.31733992423323487	
0.3173351809122878	
0.3173304567912683	
0.31732575178749306	
0.3173210658186565	
0.3173163988028299	
0.31731175065845973	
0.31730712130436667	
0.3173025106597411	
0.31729791864414375	
0.31729334517750385	
0.3172887901801155	
0.3172842535726368	
0.31727973527608977	
0.3172752352118562	
0.3172707533016766	
0.31726628946764834	
0.31726184363222565	
0.31725741571821564	
0.3172530056487768	
0.3172486133474187	
0.3172442387379997	
0.31723988174472395	
0.31723554229214207	
0.3172312203051476	
0.31722691570897604	
0.31722262842920285	
0.317218358391743	
0.31721410552284696	
0.31720986974910226	
0.3172056509974285	
0.3172014491950781	
0.3171972642696343	
0.3171930961490083	
0.31718894476143955	
0.3171848100354925	
0.3171806919000556	
0.31717659028434103	
0.31717250511788064	
0.31716843633052677	
0.31716438385244894	
0.317160347614133	
0.3171563275463807	
0.3171523235803066	
0.3171483356473358	
0.3171443636792063	
0.317140407607962	
0.31713646736595746	
0.31713254288585013	
0.31712863410060327	
0.31712474094348364	
0.31712086334805806	
0.3171170012481947	
0.3171131545780593	
0.31710932327211583	
0.31710550726512254	
0.3171017064921336	
0.3170979208884949	
0.3170941503898449	
0.3170903949321109	
0.3170866544515102	
0.3170829288845466	
0.31707921816801	
0.3170755222389751	
0.3170718410348	
0.3170681744931244	
0.317064522551868	
0.3170608851492308	
0.3170572622236901	
0.31705365371399935	
0.31705005955918797	
0.3170464796985584	
0.3170429140716866	
0.3170393626184195	
0.31703582527887336	
0.31703230199343396	
0.3170287927027541	
0.3170252973477525	
0.31702181586961403	
0.31701834820978536	
0.31701489430997676	
0.31701145411215903	
0.3170080275585629	
0.3170046145916787	
0.3170012151542526	
0.31699782918928765	
0.3169944566400421	
0.3169910974500277	
0.31698775156300923	
0.3169844189230016	
0.3169810994742708	
0.31697779316133223	
0.31697449992894766	
0.3169712197221269	
0.3169679524861239	
0.31696469816643813	
