0.46991895433882586	
0.46126904507618716	
0.4578590454702706	
0.4330247137148963	
0.3589927364069932	
0.25461405185403146	
0.18353836967588588	
0.1533184456626275	
0.14172464755070124	
0.13691611655113864	
0.13467825957271526	
0.1335140083038487	
0.13284850433990197	
0.13244078680732635	
0.13218027460760814	
0.13201122786772576	
0.13190293230156416	
0.13183722341522372	
0.1318028834721482	
0.1317928712036555	
0.13180278186963632	
0.13182988966639164	
0.131872503209135	
0.13192951580456114	
0.1320000927232264	
0.13208346220032377	
0.13217878707837466	
0.1322850985297578	
0.13240127575018865	
0.13252605743467727	
0.1326580728599213	
0.1327958826580199	
0.1329380217807543	
0.13308303951700598	
0.13322953352868064	
0.13337617656405373	
0.13352173573023582	
0.13366508497807011	
0.13380521184846292	
0.1339412196493533	
0.13407232617696285	
0.13419785994679476	
0.13431725471891212	
0.13443004292559463	
0.1345358484566591	
0.1346343791350421	
0.1347254191217643	
0.13480882142061523	
0.13488450060326526	
0.13495242583982803	
0.1350126142939088	
0.13506512492180112	
0.13511005270054469	
0.13514752329769272	
0.13517768818601947	
0.13520072019853405	
0.1352168095127941	
0.13522616004843868	
0.13522898625796959	
0.1352255102879762	
0.13521595948610304	
0.13520056422798554	
0.13517955603798912	
0.13515316597777238	
0.1351216232773293	
0.13508515418415062	
0.1350439810073776	
0.13499832133523926	
0.13494838740557802	
0.1348943856108341	
0.13483651612044173	
0.13477497260513116	
0.13470994204912784	
0.1346416046376647	
0.1345701337085635	
0.13449569575788295	
0.1344184504907948	
0.134338550909899	
0.13425614343414954	
0.13417136804244406	
0.1340843584367034	
0.1339952422199789	
0.13390414108574267	
0.1338111710150867	
0.1337164424790314	
0.13362006064359142	
0.13352212557562	
0.13342273244778652	
0.13332197174133348	
0.13321992944550876	
0.1331166872527825	
0.13301232274915578	
0.13290690959901438	
0.13280051772412746	
0.13269321347650528	
0.1325850598049276	
0.13247611641503168	
0.13236643992292785	
0.13225608400236138	
0.13214509952548412	
0.13203353469733994	
0.1319214351842018	
0.13180884423591413	
0.13169580280242102	
0.13158234964466242	
0.13146852144004903	
0.1313543528827096	
0.13123987677872864	
0.13112512413657987	
0.13101012425296552	
0.1308949047942726	
0.13077949187384105	
0.13066391012525364	
0.13054818277183472	
0.13043233169254387	
0.13031637748445501	
0.1302003395219842	
0.13008423601304483	
0.12996808405228358	
0.12985189967155633	
0.1297356978877893	
0.12961949274836498	
0.12950329737416957	
0.12938712400042562	
0.1292709840154355	
0.12915488799734484	
0.12903884574904037	
0.12892286633128142	
0.12880695809416626	
0.12869112870702162	
0.1285753851868084	
0.12845973392512075	
0.12834418071386303	
0.1282287307696734	
0.12811338875716588	
0.12799815881106033	
0.12788304455725677	
0.12776804913291842	
0.1276531752056176	
0.1275384249915944	
0.12742380027318534	
0.1273093024154592	
0.1271949323821133	
0.12708069075066888	
0.12696657772700273	
0.1268525931592594	
0.12673873655117204	
0.12662500707483224	
0.12651140358293747	
0.12639792462054447	
0.1262845684363662	
0.12617133299362474	
0.12605821598050213	
0.12594521482020363	
0.12583232668065736	
0.12571954848387928	
0.12560687691501554	
0.12549430843108977	
0.1253818392694705	
0.12526946545607986	
0.1251571828133578	
0.12504498696799965	
0.12493287335848684	
0.124820837242421	
0.12470887370367786	
0.1245969776593972	
0.12448514386681891	
0.12437336692998205	
0.12426164130629547	
0.12414996131299673	
0.1240383211335067	
0.123926714823693	
0.12381513631805506	
0.12370357943583857	
0.12359203788709006	
0.12348050527866489	
0.12336897512019196	
0.12325744083001249	
0.12314589574109604	
0.12303433310694323	
0.12292274610748925	
0.12281112785500944	
0.12269947140004027	
0.12258776973732254	
0.12247601581177325	
0.1223642025244965	
0.12225232273883957	
0.12214036928649975	
0.12202833497369468	
0.12191621258739742	
0.121803994901647	
0.12169167468393771	
0.12157924470169944	
0.12146669772886975	
0.12135402655256713	
0.12124122397987092	
0.12112828284471372	
0.1210151960148932	
0.12090195639920663	
0.12078855695471621	
0.12067499069414886	
0.12056125069343673	
0.1204473300993998	
0.12033322213758291	
0.12021892012024125	
0.12010441745448809	
0.11998970765060124	
0.11987478433049752	
0.11975964123637343	
0.1196442722395193	
0.11952867134930759	
0.11941283272235584	
0.11929675067187152	
0.11918041967717265	
0.11906383439339316	
0.11894698966136785	
0.1188298805176999	
0.11871250220500895	
0.11859485018236188	
0.11847692013588053	
0.11835870798952919	
0.11824020991607435	
0.1181214223482193	
0.11800234198990395	
0.11788296582776925	
0.1177632911427804	
0.1176433155220018	
0.11752303687051817	
0.11740245342349312	
0.11728156375835898	
0.1171603668071286	
0.11703886186881345	
0.11691704862195011	
0.11679492713720585	
0.1166724978900675	
0.11654976177358904	
0.116426720111188	
0.11630337466947242	
0.11617972767108457	
0.11605578180754263	
0.11593154025206132	
0.11580700667233071	
0.11568218524323574	
0.11555708065949226	
0.11543169814817705	
0.11530604348112831	
0.11518012298719273	
0.1150539435642919	
0.11492751269128068	
0.11480083843957387	
0.11467392948450673	
0.11454679511640514	
0.11441944525132917	
0.11429189044146652	
0.11416414188513688	
0.11403621143637666	
0.11390811161407438	
0.113779855610618	
0.113651457300021	
0.11352293124549713	
0.11339429270644048	
0.113265557644784	
0.11313674273069561	
0.11300786534757962	
0.11287894359634616	
0.1127499962989147	
0.11262104300091781	
0.11249210397356942	
0.1123632002146646	
0.11223435344867845	
0.11210558612593234	
0.11197692142079463	
0.11184838322888982	
0.11171999616328362	
0.11159178554961988	
0.11146377742018274	
0.1113359985068598	
0.1112084762329886	
0.1110812387040579	
0.11095431469725825	
0.11082773364985625	
0.11070152564638512	
0.11057572140464181	
0.11045035226047929	
0.11032545015139462	
0.11020104759890738	
0.1100771776897315	
0.10995387405574618	
0.10983117085277112	
0.10970910273816065	
0.1095877048472292	
0.1094670127685264	
0.10934706251798652	
0.1092278905119732	
0.1091095335392506	
0.1089920287319158	
0.10887541353532423	
0.10875972567705151	
0.10864500313493342	
0.1085312841042326	
0.10841860696397998	
0.10830701024254932	
0.10819653258251784	
0.10808721270487613	
0.10797908937265083	
0.10787220135400995	
0.10776658738491318	
0.10766228613139016	
0.10755933615151357	
0.10745777585714895	
0.10735764347556044	
0.10725897701095348	
0.1071618142060389	
0.10706619250370066	
0.10697214900885517	
0.10687972045058747	
0.10678894314465218	
0.10669985295641968	
0.10661248526436408	
0.10652687492416617	
0.1064430562335207	
0.10636106289773267	
0.10628092799617143	
0.10620268394966924	
0.10612636248893083	
0.10605199462402529	
0.10597961061502277	
0.10590923994383929	
0.10584091128733879	
0.10577465249174528	
0.10571049054840652	
0.1056484515709432	
0.10558856077381226	
0.10553084245231206	
0.10547531996403423	
0.10542201571177605	
0.10537095112791042	
0.10532214666020202	
0.10527562175905845	
0.10523139486618562	
0.10518948340462325	
0.10514990377011274	
0.10511267132376192	
0.10507780038594465	
0.10504530423138457	
0.10501519508535453	
0.10498748412092501	
0.10496218145718754	
0.10493929615837792	
0.10491883623381583	
0.10490080863858335	
0.1048852192748527	
0.104872072993786	
0.10486137359791535	
0.10485312384392195	
0.10484732544573082	
0.1048439790778404	
0.10484308437880685	
0.1048446399548063	
0.10484864338320667	
0.10485509121607367	
0.10486397898355324	
0.1048753011970659	
0.10488905135225855	
0.10490522193166522	
0.10492380440702934	
0.10494478924124769	
0.10496816588989931	
0.10499392280233322	
0.10502204742228255	
0.10505252618798834	
0.10508534453181569	
0.10512048687934576	
0.10515793664794033	
0.10519767624476703	
0.10523968706428781	
0.1052839494852088	
0.10533044286689491	
0.10537914554525438	
0.10543003482810478	
0.10548308699002275	
0.10553827726669837	
0.10559557984879839	
0.10565496787536058	
0.10571641342673244	
0.10577988751707	
0.10584536008642341	
0.10591279999242463	
0.1059821750016042	
0.10605345178036234	
0.1061265958856241	
0.10620157175521071	
0.1062783426979584	
0.10635687088362919	
0.10643711733265153	
0.10651904190574132	
0.10660260329345413	
0.10668775900572666	
0.10677446536147332	
0.10686267747830555	
0.10695234926245052	
0.10704343339895889	
0.10713588134228608	
0.10722964330735113	
0.10732466826118175	
0.10742090391525982	
0.10751829671869056	
0.10761679185233211	
0.1077163332240269	
0.10781686346508274	
0.10791832392816347	
0.10802065468675626	
0.10812379453638964	
0.10822768099778408	
0.10833225032212067	
0.10843743749862458	
0.10854317626466299	
0.10864939911855635	
0.10875603733531497	
0.10886302098550467	
0.10897027895745456	
0.10907773898301394	
0.10918532766706411	
0.10929297052099232	
0.1094005920003197	
0.10950811554668179	
0.10961546363433486	
0.10972255782136768	
0.10982931880577083	
0.10993566648650906	
0.11004152002972276	
0.11014679794016541	
0.11025141813795877	
0.11035529804073152	
0.11045835465117583	
0.1105605046500217	
0.11066166449441878	
0.11076175052165846	
0.110860679058152	
0.1109583665335414	
0.11105472959977661	
0.11114968525496265	
0.1112431509717315	
0.11133504482986531	
0.11142528565284512	
0.11151379314796503	
0.11160048804961184	
0.11168529226526831	
0.1117681290237611	
0.11184892302523528	
0.11192760059230947	
0.11200408982182282	
0.11207832073656504	
0.11215022543635088	
0.11221973824777741	
0.11228679587198523	
0.11235133752973483	
0.11241330510309322	
0.11247264327303132	
0.1125292996522284	
0.11258322491239126	
0.11263437290540688	
0.11268270077766948	
0.11272816907694604	
0.11277074185117648	
0.1128103867386391	
0.11284707504895893	
0.11288078183447431	
0.11291148595154218	
0.11293917011139952	
0.11296382092028147	
0.11298542890853219	
0.11300398854853691	
0.11301949826134718	
0.11303196041195303	
0.1130413812932237	
0.11304777109859784	
0.11305114388368527	
0.1130515175169937	
0.11304891362007158	
0.11304335749740742	
0.11303487805649413	
0.11302350771850846	
0.11300928232011888	
0.11299224100696655	
0.11297242611940987	
0.11294988307115965	
0.1129246602214513	
0.11289680874143117	
0.11286638247544353	
0.11283343779792346	
0.11279803346659882	
0.11276023047270581	
0.11272009188892174	
0.1126776827156944	
0.11263306972665467	
0.1125863213137502	
0.1125375073327393	
0.11248669894964032	
0.11243396848870864	
0.11237938928247551	
0.11232303552435173	
0.11226498212425497	
0.11220530456769093	
0.11214407877866124	
0.11208138098675358	
0.11201728759870562	
0.11195187507471106	
0.11188521980968931	
0.11181739801969635	
0.1117484856336305	
0.11167855819033382	
0.11160769074116904	
0.11153595775810969	
0.11146343304735339	
0.11139018966844096	
0.11131629985883423	
0.11124183496388261	
0.11116686537208259	
0.11109146045552272	
0.11101568851537665	
0.1109396167323017	
0.11086331112158135	
0.1107868364928392	
0.11071025641414248	
0.11063363318030973	
0.1105570277852236	
0.11048049989794963	
0.11040410784246658	
0.11032790858079783	
0.11025195769934398	
0.11017630939821908	
0.11010101648339156	
0.11002613036143116	
0.10995170103667744	
0.10987777711064449	
0.1098044057834791	
0.10973163285730611	
0.10965950274128966	
0.10958805845825864	
0.1095173416527399	
0.10944739260026036	
0.1093782502177824	
0.10930995207514402	
0.10924253440738906	
0.10917603212786968	
0.10911047884202356	
0.1090459068617291	
0.1089823472201472	
0.10891982968697281	
0.1088583827840182	
0.10879803380106302	
0.10873880881191009	
0.10868073269058945	
0.10862382912766659	
0.10856812064660239	
0.10851362862013676	
0.10846037328665428	
0.10840837376650633	
0.10835764807826112	
0.10830821315486734	
0.10826008485970333	
0.10821327800250896	
0.10816780635517992	
0.10812368266741867	
0.10808091868223904	
0.10803952515131582	
0.1079995118501821	
0.10796088759326768	
0.10792366024879256	
0.10788783675350334	
0.10785342312726874	
0.10782042448753663	
0.10778884506365577	
0.10775868821107648	
0.10772995642543161	
0.10770265135651251	
0.10767677382214585	
0.10765232382198493	
0.10762930055122166	
0.10760770241423397	
0.10758752703817671	
0.10756877128652906	
0.10755143127261092	
0.10753550237307398	
0.10752097924138594	
0.10750785582131732	
0.10749612536043401	
0.10748578042362168	
0.10747681290663803	
0.10746921404971244	
0.10746297445119908	
0.10745808408129497	
0.10745453229583218	
0.10745230785015093	
0.1074513989130658	
0.10745179308092717	
0.10745347739179203	
0.10745643833970449	
0.10746066188909258	
0.10746613348929233	
0.10747283808919254	
0.10748076015201462	
0.10748988367022201	
0.10750019218056353	
0.10751166877925221	
0.10752429613727789	
0.10753805651585242	
0.10755293178198475	
0.10756890342418306	
0.10758595256828093	
0.10760405999337876	
0.1076232061478984	
0.10764337116573884	
0.10766453488252974	
0.10768667685196924	
0.10770977636223923	
0.10773381245248317	
0.10775876392934093	
0.10778460938351879	
0.10781132720639061	
0.10783889560660846	
0.10786729262671343	
0.10789649615972662	
0.1079264839657082	
0.10795723368826436	
0.10798872287098878	
0.10802092897381874	
0.10805382938929065	
0.10808740145867356	
0.1081216224879675	
0.10815646976374568	
0.10819192056882415	
0.10822795219773819	
0.10826454197201396	
0.1083016672552096	
0.10833930546771618	
0.10837743410129846	
0.10841603073335666	
0.10845507304090019	
0.10849453881421035	
0.10853440597018181	
0.10857465256532842	
0.10861525680843856	
0.10865619707286887	
0.10869745190846156	
0.10873900005307921	
0.10878082044374243	
0.10882289222736045	
0.10886519477105422	
0.10890770767205142	
0.10895041076715747	
0.1089932841417949	
0.10903630813859895	
0.10907946336557682	
0.10912273070381967	
0.10916609131476639	
0.10920952664702185	
0.10925301844272707	
0.10929654874347919	
0.10934009989580948	
0.10938365455621761	
0.10942719569576378	
0.1094707066042269	
0.10951417089383338	
0.10955757250256018	
0.1096008956970155	
0.10964412507491576	
0.10968724556714983	
0.10973024243945434	
0.10977310129369888	
0.10981580806879625	
0.1098583490412399	
0.10990071082529229	
0.10994288037281914	
0.10998484497279304	
0.11002659225047047	
0.11006811016625823	
0.11010938701427835	
0.11015041142064518	
0.11019117234146633	
0.11023165906058159	
0.11027186118704886	
0.11031176865239396	
0.11035137170763383	
0.11039066092008842	
0.11042962716999055	
0.11046826164691097	
0.1105065558460068	
0.1105445015641088	
0.1105820908956586	
0.11061931622850878	
0.11065617023959656	
0.110692645890505	
0.1107287364229207	
0.11076443535400406	
0.11079973647167651	
0.11083463382984336	
0.1108691217435568	
0.11090319478413262	
0.11093684777423121	
0.11097007578291071	
0.11100287412066458	
0.11103523833445036	
0.11106716420271966	
0.11109864773045992	
0.11112968514425502	
0.11116027288737042	
0.11119040761487707	
0.11122008618881425	
0.11124930567340538	
0.11127806333032941	
0.11130635661405494	
0.11133418316724807	
0.11136154081625321	
0.11138842756665798	
0.11141484159894639	
0.11144078126424611	
0.11146624508017222	
0.11149123172677906	
0.11151574004261451	
0.11153976902089456	
0.11156331780578876	
0.11158638568883184	
0.11160897210545619	
0.11163107663165903	
0.11165269898079518	
0.11167383900051239	
0.11169449666982048	
0.11171467209630496	
0.1117343655134865	
0.1117535772783255	
0.1117723078688776	
0.11179055788210374	
0.11180832803183222	
0.11182561914688181	
0.11184243216933999	
0.11185876815300633	
0.11187462826199751	
0.1118900137695179	
0.11190492605679801	
0.11191936661220009	
0.11193333703049849	
0.11194683901232683	
0.11195987436380302	
0.11197244499632819	
0.11198455292656306	
0.11199620027658223	
0.11200738927420899	
0.11201812225353082	
0.11202840165559853	
0.11203823002930782	
0.11204761003246848	
0.11205654443305836	
0.1120650361106678	
0.1120730880581308	
0.1120807033833496	
0.11208788531131046	
0.11209463718629203	
0.11210096247427048	
0.11210686476551977	
0.11211234777740907	
0.11211741535739933	
0.11212207148624107	
0.11212632028137197	
0.11213016600051953	
0.11213361304550336	
0.11213666596625031	
0.11213932946500822	
0.11214160840077439	
0.11214350779392933	
0.11214503283108324	
0.11214618887013277	
0.11214698144553356	
0.11214741627378508	
0.112147499259131	
0.11214723649947987	
0.11214663429253802	
0.11214569914216904	
0.11214443776496759	
0.11214285709705758	
0.11214096430111388	
0.11213876677360562	
0.11213627215226747	
0.11213348832379205	
0.11213042343175438	
0.11212708588476179	
0.112123484364832	
0.11211962783600227	
0.11211552555316952	
0.11211118707115997	
0.11210662225403381	
0.11210184128462071	
0.11209685467429198	
0.1120916732729655	
0.11208630827934724	
0.11208077125141114	
0.11207507411711466	
0.112069229185353	
0.11206324915715518	
0.11205714713711915	
0.11205093664509042	
0.11204463162808176	
0.11203824647244158	
0.11203179601626555	
0.11202529556205842	
0.11201876088964674	
0.11201220826934291	
0.11200565447536796	
0.11199911679952806	
0.11199261306515898	
0.11198616164133247	
0.11197978145733364	
0.11197349201741551	
0.11196731341583101	
0.1119612663521554	
0.11195537214690132	
0.11194965275743457	
0.11194413079420162	
0.11193882953727823	
0.11193377295324883	
0.11192898571242813	
0.11192449320644121	
0.11192032156617725	
0.11191649768012749	
0.11191304921313544	
0.1119100046255684	
0.11190739319294682	
0.11190524502603814	
0.11190359109146146	
0.1119024632328142	
0.11190189419236929	
0.11190191763336825	
0.11190256816295018	
0.11190388135576593	
0.11190589377831263	
0.11190864301405243	
0.1119121676893564	
0.1119165075003445	
0.1119217032406824	
0.11192779683040126	
0.11193483134582718	
0.11194285105069422	
0.11195190142853409	
0.11196202921644088	
0.11197328244031748	
0.11198571045171009	
0.11199936396636725	
0.11201429510464252	
0.11203055743389599	
0.11204820601304429	
0.11206729743942709	
0.11208788989817586	
0.11211004321427527	
0.11213381890752917	
0.11215928025066489	
0.11218649233081121	
0.11221552211462439	
0.11224643851734295	
0.11227931247607864	
0.11231421702767894	
0.1123512273915182	
0.11239042105760007	
0.11243187788039279	
0.11247568017884225	
0.11252191284304733	
0.1125706634481193	
0.11262202237578746	
0.11267608294435362	
0.11273294154765243	
0.11279269780371673	
0.11285545471390353	
0.1129213188332996	
0.11299040045327867	
0.1130628137971562	
0.11313867722995086	
0.11321811348334639	
0.11330124989701519	
0.1133882186775595	
0.11347915717641	
0.11357420818811005	
0.11367352027051969	
0.11377724808856138	
0.11388555278324242	
0.11399860236778137	
0.11411657215277851	
0.11423964520245776	
0.1143680128241228	
0.11450187509303385	
0.11464144141500751	
0.11478693112909621	
0.11493857415273223	
0.11509661167174043	
0.11526129687758725	
0.11543289575414775	
0.11561168791613648	
0.1157979675011172	
0.11599204411669319	
0.11619424384403525	
0.11640491029833039	
0.11662440574596217	
0.11685311227728556	
0.11709143303262284	
0.11733979347760781	
0.11759864272214149	
0.11786845487495762	
0.11814973042305657	
0.11844299762200271	
0.11874881387917569	
0.1190677671074908	
0.11940047702173902	
0.11974759634348157	
0.12010981187328094	
0.12048784538091264	
0.12088245425499924	
0.12129443184326036	
0.12172460740324521	
0.12217384557110283	
0.12264304524276581	
0.12313313774806194	
0.12364508418405736	
0.12417987175978719	
0.12473850899101101	
0.1253220195715071	
0.12593143473762594	
0.12656778393649998	
0.12723208360692354	
0.12792532388708866	
0.12864845307709002	
0.1294023597086022	
0.13018785211186257	
0.13100563542376575	
0.1318562860532392	
0.13274022371389785	
0.13365768125168614	
0.1346086726386616	
0.1355929596739634	
0.13661001812837786	
0.13765900428625957	
0.13873872307105006	
0.1398475991769604	
0.1409836528530967	
0.14214448217502454	
0.14332725376441785	
0.1445287039472881	
0.1457451522404446	
0.14697252879156614	
0.14820641694574055	
0.1494421114606648	
0.15067469205594275	
0.15189911099844783	
0.15311029236427895	
0.15430323957338668	
0.15547314687771052	
0.15661550981276046	
0.1577262292963006	
0.15880170414387426	
0.159838907290625	
0.1608354419300584	
0.16178957501978472	
0.16270024703856073	
0.16356705836258956	
0.164390234015604	
0.16517056970973237	
0.16590936294068234	
0.16660833338392253	
0.16726953695628485	
0.16789527769771245	
0.16848802115796863	
0.16905031232636894	
0.1695847004056683	
0.17009367198309966	
0.17057959345612483	
0.17104466297258797	
0.17149087167037697	
0.17191997365867026	
0.1723334639662508	
0.17273256357754294	
0.17311821066411057	
0.17349105717627936	
0.17385147006481005	
0.1741995365364065	
0.1745350728923019	
0.17485763664196677	
0.17516654171236476	
0.17546087667772006	
0.17573952600776258	
0.17600119436784706	
0.17624443399794512	
0.17646767514682085	
0.1766692594428244	
0.17684747594673336	
0.17700059946177174	
0.1771269304821977	
0.17722483595969715	
0.17729278987492464	
0.1773294124408416	
0.1773335066564268	
0.17730409089317498	
0.17724042624700753	
