1 2 
12.891 0 1 
6.1723 0 1 
2.4744 1 0 
7.0207 1 0 
13.631 0 1 
2.3941 0 1 
1.1325 1 0 
4.7473 1 0 
16.149 0 1 
1.6881 0 1 
-2.8663 0 1 
-10.069 1 0 
-10.058 1 0 
-1.5854 0 1 
-2.1902 0 1 
-9.9397 0 1 
-10.307 1 0 
0.50984 1 0 
3.5856 1 0 
13.308 0 1 
6.0242 0 1 
0.065377 0 1 
-0.91749 0 1 
-5.3128 0 1 
-16.646 1 0 
0.30181 1 0 
5.208 1 0 
12.597 0 1 
6.2411 0 1 
3.4516 1 0 
9.2123 1 0 
10.969 0 1 
2.6735 1 0 
4.0469 1 0 
13.249 0 1 
6.0189 0 1 
0.91442 1 0 
2.1179 1 0 
10.796 0 1 
9.0952 0 1 
-1.5424 0 1 
-5.9509 0 1 
-13.973 1 0 
-3.7085 1 0 
-1.8529 0 1 
-6.7556 0 1 
-14.314 1 0 
-1.3348 1 0 
1.1897 1 0 
5.5852 1 0 
15.729 0 1 
1.0872 0 1 
-2.8086 0 1 
-10.341 1 0 
-9.748 1 0 
-1.157 0 1 
-1.1996 0 1 
-6.0464 0 1 
-15.635 1 0 
0.024445 1 0 
4.2931 1 0 
12.642 0 1 
6.6433 0 1 
2.1217 1 0 
5.7245 1 0 
14.663 0 1 
2.8928 0 1 
0.2915 1 0 
0.77443 1 0 
4.9325 1 0 
17.272 0 1 
-0.72233 0 1 
-5.9901 0 1 
-12.231 1 0 
-6.1383 1 0 
-4.6139 0 1 
-10.907 1 0 
-8.6508 1 0 
-3.5611 0 1 
-7.5394 0 1 
-12.562 1 0 
-3.6672 0 1 
-3.9325 0 1 
-12.121 1 0 
-7.425 1 0 
-1.7189 0 1 
-4.0679 0 1 
-14.48 1 0 
-4.4699 1 0 
0.50081 1 0 
2.7006 1 0 
12.998 0 1 
6.3494 0 1 
-1.8383 0 1 
-6.7038 0 1 
-13.749 1 0 
-2.8609 1 0 
-1.5942 0 1 
-6.376 0 1 
-14.875 1 0 
-1.0184 1 0 
2.1572 1 0 
8.9489 1 0 
11.613 0 1 
0.60339 0 1 
-1.1439 0 1 
-5.774 0 1 
-15.821 1 0 
-0.38944 1 0 
3.7995 1 0 
12.078 0 1 
7.4668 0 1 
1.7853 1 0 
4.2416 1 0 
14.581 0 1 
4.2752 0 1 
-0.37715 0 1 
-2.2226 0 1 
-11.592 1 0 
-8.0335 1 0 
1.9272 1 0 
6.7921 1 0 
13.431 0 1 
3.3354 0 1 
2.4895 1 0 
9.1626 1 0 
11.306 0 1 
0.90969 0 1 
-0.23068 0 1 
-1.3415 0 1 
-8.9109 0 1 
-11.561 1 0 
2.8998 1 0 
8.101 1 0 
11.483 0 1 
4.6432 1 0 
6.0237 1 0 
12.594 0 1 
5.7749 0 1 
4.1218 1 0 
10.645 0 1 
9.1247 0 1 
2.9776 1 0 
6.1006 1 0 
13.799 0 1 
3.852 0 1 
2.2134 1 0 
7.8814 1 0 
12.936 0 1 
1.2339 0 1 
-0.39344 0 1 
-2.1344 0 1 
-12.465 1 0 
-6.7697 1 0 
3.1543 1 0 
8.9584 1 0 
10.977 0 1 
3.6333 1 0 
5.6126 1 0 
13.35 0 1 
5.0638 0 1 
2.8447 1 0 
8.7795 1 0 
11.665 0 1 
1.8943 1 0 
1.8985 1 0 
8.4284 1 0 
12.377 0 1 
-0.059928 0 1 
-3.0333 0 1 
-11.903 1 0 
-7.7927 1 0 
-0.22193 1 0 
0.85915 1 0 
4.808 1 0 
16.877 0 1 
0.34406 0 1 
-4.6997 0 1 
-12.267 1 0 
-6.9065 1 0 
-3.1238 0 1 
-8.058 0 1 
-12.322 1 0 
-2.7803 0 1 
-3.0439 0 1 
-11.224 1 0 
-8.6472 1 0 
-0.64294 1 0 
-0.17574 0 1 
-0.88409 0 1 
-6.3385 0 1 
-15.72 1 0 
2.4155 1 0 
7.5015 1 0 
11.522 0 1 
5.5534 1 0 
6.1989 1 0 
11.936 0 1 
6.5261 0 1 
4.9062 1 0 
10.842 0 1 
8.6056 0 1 
3.9905 1 0 
8.2142 1 0 
11.759 0 1 
3.8848 1 0 
5.098 1 0 
13.022 0 1 
5.8666 0 1 
2.708 1 0 
7.8472 1 0 
12.733 0 1 
2.2331 0 1 
1.733 1 0 
7.4325 1 0 
13.698 0 1 
0.35962 0 1 
-2.6496 0 1 
-10.689 1 0 
-9.3313 1 0 
-0.36353 1 0 
0.90996 1 0 
4.9148 1 0 
16.687 0 1 
0.51173 0 1 
-4.3668 0 1 
-12.157 1 0 
-7.1809 1 0 
-2.7222 0 1 
-6.9542 0 1 
-13.519 1 0 
-2.8495 1 0 
-1.8649 0 1 
-7.4343 0 1 
-13.62 1 0 
-0.742 1 0 
1.83 1 0 
8.2044 1 0 
12.658 0 1 
0.23108 0 1 
-2.4718 0 1 
-10.476 1 0 
-9.6075 1 0 
-0.03908 1 0 
1.9325 1 0 
9.3651 1 0 
11.085 0 1 
-0.68418 0 1 
-4.1647 0 1 
-13.719 1 0 
-5.3815 1 0 
-0.69167 0 1 
-1.5612 0 1 
-8.6392 0 1 
-12.095 1 0 
1.5174 1 0 
6.052 1 0 
13.427 0 1 
4.4402 0 1 
2.9664 1 0 
9.5619 1 0 
10.709 0 1 
1.6376 1 0 
1.9322 1 0 
8.8527 1 0 
11.798 0 1 
-0.34127 0 1 
-3.5153 0 1 
-12.877 1 0 
-6.5616 1 0 
-0.38203 1 0 
-0.044818 0 1 
-0.20767 0 1 
-1.5806 0 1 
-12.247 1 0 
-6.4434 1 0 
5.2161 1 0 
9.9215 0 1 
8.9125 0 1 
5.8194 1 0 
9.2383 1 0 
9.8631 0 1 
5.6336 1 0 
8.2662 1 0 
10.839 0 1 
5.6985 1 0 
7.1425 1 0 
11.543 0 1 
6.1569 0 1 
6.0003 1 0 
11.51 0 1 
7.2214 0 1 
4.994 1 0 
10.353 0 1 
9.1189 0 1 
4.3145 1 0 
8.1637 1 0 
11.642 0 1 
4.2965 1 0 
5.6037 1 0 
12.841 0 1 
5.7741 0 1 
3.4654 1 0 
9.5969 1 0 
10.531 0 1 
2.4948 1 0 
4.0305 1 0 
13.424 0 1 
5.8075 0 1 
0.70388 1 0 
1.4463 1 0 
7.9992 1 0 
13.05 0 1 
-1.3195 0 1 
-5.7905 0 1 
-13.401 1 0 
-4.7525 1 0 
-2.9277 0 1 
-9.2221 0 1 
-11.124 1 0 
-1.7757 0 1 
-2.0001 0 1 
-8.9647 0 1 
-11.64 1 0 
0.22832 1 0 
3.2042 1 0 
12.407 0 1 
7.1622 0 1 
0.14534 0 1 
-0.93261 0 1 
-5.2593 0 1 
-16.612 1 0 
0.07528 1 0 
4.9214 1 0 
12.549 0 1 
6.4632 0 1 
3.1473 1 0 
8.4361 1 0 
11.926 0 1 
2.6074 1 0 
3.1145 1 0 
11.578 0 1 
8.2006 0 1 
0.5197 0 1 
-0.042898 0 1 
-0.32036 0 1 
-2.3832 0 1 
-15.825 1 0 
-2.5633 1 0 
5.7296 1 0 
10.714 0 1 
7.9768 0 1 
5.6684 1 0 
10.036 0 1 
9.1285 0 1 
5.2397 1 0 
8.8625 1 0 
10.538 0 1 
5.1023 1 0 
7.3674 1 0 
11.794 0 1 
5.4726 1 0 
5.8014 1 0 
11.997 0 1 
6.7418 0 1 
4.4458 1 0 
10.268 0 1 
9.4412 0 1 
3.6267 1 0 
6.9913 1 0 
12.918 0 1 
4.0512 0 1 
3.7496 1 0 
11.495 0 1 
8.219 0 1 
1.8503 1 0 
3.9893 1 0 
14.181 0 1 
4.8723 0 1 
-0.24436 0 1 
-1.808 0 1 
-9.8386 0 1 
-10.365 1 0 
1.698 1 0 
6.305 1 0 
13.526 0 1 
3.9653 0 1 
2.7324 1 0 
9.3405 1 0 
11.033 0 1 
1.3148 0 1 
0.93658 1 0 
4.5691 1 0 
16.627 0 1 
1.1267 0 1 
-3.8753 0 1 
-11.554 1 0 
-8.0511 1 0 
-2.4271 0 1 
-5.6314 0 1 
-14.378 1 0 
-3.4954 1 0 
-1.0247 0 1 
-3.6742 0 1 
-15.311 1 0 
-3.514 1 0 
2.3022 1 0 
8.2392 1 0 
12.303 0 1 
2.0017 0 1 
1.6482 1 0 
7.2891 1 0 
13.916 0 1 
0.23211 0 1 
-3.0083 0 1 
-11.454 1 0 
-8.3524 1 0 
-0.59873 1 0 
-0.15 0 1 
-0.7538 0 1 
-5.4757 0 1 
-17.006 1 0 
2.0048 1 0 
7.1998 1 0 
11.543 0 1 
5.8942 1 0 
6.0979 1 0 
11.7 0 1 
6.9117 0 1 
4.9781 1 0 
10.589 0 1 
8.8623 0 1 
4.1974 1 0 
8.2558 1 0 
11.619 0 1 
4.12 1 0 
5.483 1 0 
12.956 0 1 
5.7065 0 1 
3.2155 1 0 
9.1488 1 0 
11.12 0 1 
2.3267 1 0 
3.2282 1 0 
12.162 0 1 
7.4697 0 1 
0.28466 0 1 
-0.56029 0 1 
-3.228 0 1 
-16.293 1 0 
-2.3062 1 0 
4.4114 1 0 
11.148 0 1 
8.2737 0 1 
3.7079 1 0 
8.0761 1 0 
12.023 0 1 
3.5888 1 0 
4.4779 1 0 
12.849 0 1 
6.3757 0 1 
2.0142 1 0 
5.5752 1 0 
14.808 0 1 
2.8531 0 1 
0.017381 0 1 
-0.41372 0 1 
-2.6955 0 1 
-15.935 1 0 
-2.6256 1 0 
5.0817 1 0 
10.995 0 1 
8.0822 0 1 
4.7507 1 0 
9.4668 1 0 
10.18 0 1 
4.3379 1 0 
7.2057 1 0 
12.353 0 1 
4.7468 1 0 
4.884 1 0 
12.211 0 1 
6.9918 0 1 
3.1444 1 0 
8.0385 1 0 
12.331 0 1 
2.8222 1 0 
3.1014 1 0 
11.322 0 1 
8.5204 0 1 
0.69358 0 1 
0.38057 1 0 
2.0193 1 0 
12.659 0 1 
6.4026 0 1 
-3.7905 0 1 
-9.6302 0 1 
-10.015 1 0 
-4.1554 0 1 
-7.1722 0 1 
-12.483 1 0 
-4.5634 0 1 
-4.6329 0 1 
-12.167 1 0 
-7.1518 1 0 
-2.8174 0 1 
-7.2002 0 1 
-13.266 1 0 
-2.8299 1 0 
-2.1346 0 1 
-8.4324 0 1 
-12.31 1 0 
-0.60685 1 0 
1.4523 1 0 
7.0053 1 0 
14.325 0 1 
0.10893 0 1 
-3.4329 0 1 
-12.106 1 0 
-7.5099 1 0 
-0.98512 0 1 
-1.7213 0 1 
-8.8499 0 1 
-11.803 1 0 
1.0814 1 0 
5.1644 1 0 
13.827 0 1 
4.7026 0 1 
1.8353 1 0 
6.0402 1 0 
14.841 0 1 
1.9937 0 1 
-0.75153 0 1 
-3.6609 0 1 
-15.605 1 0 
-3.1396 1 0 
2.7352 1 0 
9.2177 1 0 
11.055 0 1 
2.1425 1 0 
2.8809 1 0 
11.498 0 1 
8.3014 0 1 
0.037854 0 1 
-1.5787 0 1 
-8.1844 0 1 
-12.764 1 0 
0.83668 1 0 
4.8211 1 0 
13.632 0 1 
5.1859 0 1 
1.7521 1 0 
5.4631 1 0 
15.136 0 1 
2.4459 0 1 
-0.76132 0 1 
-3.659 0 1 
-15.418 1 0 
-3.3789 1 0 
2.4709 1 0 
8.6366 1 0 
11.8 0 1 
2.0452 1 0 
2.1221 1 0 
9.135 1 0 
11.4 0 1 
-0.012669 0 1 
-2.6051 0 1 
-11.125 1 0 
-8.7666 1 0 
0.20083 1 0 
2.4099 1 0 
11.139 0 1 
8.718 0 1 
-0.82514 0 1 
-4.1621 0 1 
-14.212 1 0 
-4.7659 1 0 
-0.051804 1 0 
0.67607 1 0 
4.1048 1 0 
17.352 0 1 
0.48821 0 1 
-5.1966 0 1 
-11.981 1 0 
-6.9697 1 0 
-4.0457 0 1 
-9.6054 0 1 
-10.323 1 0 
-3.3621 0 1 
-5.8172 0 1 
-13.559 1 0 
-4.5695 1 0 
-2.6536 0 1 
-8.6528 0 1 
-11.876 1 0 
-1.6116 1 0 
-1.1257 0 1 
-5.2649 0 1 
-16.197 1 0 
-0.80083 1 0 
3.5972 1 0 
11.584 0 1 
8.0992 0 1 
1.8461 1 0 
4.0482 1 0 
14.265 0 1 
4.7489 0 1 
-0.25135 0 1 
-1.8148 0 1 
-9.897 0 1 
-10.281 1 0 
1.7319 1 0 
6.3693 1 0 
13.489 0 1 
3.9371 0 1 
2.7876 1 0 
9.512 1 0 
10.811 0 1 
1.3141 0 1 
1.0594 1 0 
5.1885 1 0 
16.365 0 1 
0.61743 0 1 
-3.9531 0 1 
-11.961 1 0 
-7.5576 1 0 
-2.191 0 1 
-5.3395 0 1 
-14.629 1 0 
-3.4292 1 0 
-0.48328 0 1 
-1.432 0 1 
-8.5077 0 1 
-12.268 1 0 
1.9684 1 0 
6.8322 1 0 
12.793 0 1 
4.4368 0 1 
4.1037 1 0 
11.696 0 1 
7.8921 0 1 
2.3215 1 0 
5.4692 1 0 
14.494 0 1 
3.4986 0 1 
0.77954 1 0 
2.6539 1 0 
13.339 0 1 
5.8915 0 1 
-2.3625 0 1 
-7.8778 0 1 
-12.486 1 0 
-2.8351 0 1 
-2.9669 0 1 
-10.973 1 0 
-8.966 1 0 
-0.6637 1 0 
-0.11521 0 1 
-0.53784 0 1 
-3.9232 0 1 
-18.168 1 0 
0.6036 1 0 
6.4886 1 0 
11.444 0 1 
6.6963 0 1 
5.7669 1 0 
11.082 0 1 
7.8905 0 1 
4.9551 1 0 
9.7817 0 1 
9.7573 0 1 
4.4777 1 0 
7.7438 1 0 
11.899 0 1 
4.655 1 0 
5.5013 1 0 
12.553 0 1 
6.2257 0 1 
3.6452 1 0 
9.572 1 0 
10.501 0 1 
2.7911 1 0 
4.6535 1 0 
13.745 0 1 
5.1702 0 1 
1.3096 1 0 
3.9281 1 0 
15.022 0 1 
3.8192 0 1 
-1.4766 0 1 
-6.0087 0 1 
-14.791 1 0 
-2.1421 1 0 
0.52355 1 0 
2.6892 1 0 
13.786 0 1 
5.3336 0 1 
-2.7289 0 1 
-8.6313 0 1 
-11.593 1 0 
-2.8882 0 1 
-3.9005 0 1 
-12.817 1 0 
-6.5846 1 0 
-1.0697 0 1 
-2.4117 0 1 
-11.641 1 0 
-8.0366 1 0 
1.3892 1 0 
5.572 1 0 
14.362 0 1 
3.5551 0 1 
1.0603 1 0 
3.7903 1 0 
15.411 0 1 
3.3585 0 1 
-2.255 0 1 
-8.1762 0 1 
-12.401 1 0 
-1.9171 1 0 
-1.4019 0 1 
-6.2925 0 1 
-15.159 1 0 
-0.48354 1 0 
3.2205 1 0 
11.467 0 1 
8.3146 0 1 
1.1145 1 0 
1.7657 1 0 
8.8427 1 0 
11.816 0 1 
-0.90621 0 1 
-4.7948 0 1 
-13.823 1 0 
-4.9552 1 0 
-1.4596 0 1 
-4.5804 0 1 
-15.392 1 0 
-2.9866 1 0 
1.3246 1 0 
5.6542 1 0 
15.242 0 1 
1.9283 0 1 
-1.3267 0 1 
-5.8985 0 1 
-15.284 1 0 
-1.3346 1 0 
2.0561 1 0 
8.4741 1 0 
12.227 0 1 
0.78944 0 1 
-0.98318 0 1 
-4.9701 0 1 
-16.386 1 0 
-0.9732 1 0 
3.6399 1 0 
11.491 0 1 
8.1949 0 1 
2.0213 1 0 
4.4768 1 0 
14.476 0 1 
4.3038 0 1 
0.090288 0 1 
-0.42236 0 1 
-2.6354 0 1 
-15.487 1 0 
-3.1559 1 0 
4.7497 1 0 
10.852 0 1 
8.4009 0 1 
4.4503 1 0 
8.9234 1 0 
10.867 0 1 
4.1663 1 0 
6.3464 1 0 
12.865 0 1 
5.0585 0 1 
3.977 1 0 
11.014 0 1 
8.7371 0 1 
2.5458 1 0 
5.4472 1 0 
14.274 0 1 
3.8629 0 1 
1.2227 1 0 
4.2815 1 0 
15.633 0 1 
2.8503 0 1 
-1.9936 0 1 
-7.6822 0 1 
-13.092 1 0 
-1.6075 1 0 
-0.25993 0 1 
-1.0103 0 1 
-6.7069 0 1 
-15.09 1 0 
2.0582 1 0 
7.0846 1 0 
12.081 0 1 
5.2397 1 0 
5.3536 1 0 
12.069 0 1 
6.9292 0 1 
3.8672 1 0 
9.3827 1 0 
10.632 0 1 
3.2096 1 0 
5.2975 1 0 
13.654 0 1 
4.8903 0 1 
2.1536 1 0 
6.9557 1 0 
13.907 0 1 
1.8376 0 1 
-9.7756e-005 0 1 
-0.3019 0 1 
-2.0568 0 1 
-13.983 1 0 
-4.6295 1 0 
4.9704 1 0 
10.391 0 1 
8.6982 0 1 
5.1266 1 0 
9.1934 1 0 
10.278 0 1 
4.8742 1 0 
7.5291 1 0 
11.827 0 1 
5.1704 1 0 
5.75 1 0 
12.212 0 1 
6.5001 0 1 
4.2196 1 0 
10.2 0 1 
9.5997 0 1 
3.3401 1 0 
6.3953 1 0 
13.422 0 1 
4.0879 0 1 
2.9546 1 0 
9.8181 1 0 
10.402 0 1 
1.4507 1 0 
1.6413 1 0 
7.8249 1 0 
13.25 0 1 
-0.33776 0 1 
-3.9175 0 1 
-13.018 1 0 
-6.3132 1 0 
-1.0558 0 1 
-2.4854 0 1 
-11.947 1 0 
-7.6519 1 0 
1.4568 1 0 
5.7341 1 0 
14.338 0 1 
3.3959 0 1 
1.0824 1 0 
3.9629 1 0 
15.611 0 1 
3.0387 0 1 
-2.3105 0 1 
-8.3968 0 1 
-12.15 1 0 
-1.8129 1 0 
-1.3741 0 1 
-6.2563 0 1 
-15.223 1 0 
-0.42536 1 0 
3.3546 1 0 
11.679 0 1 
8.0382 0 1 
1.2243 1 0 
2.235 1 0 
10.661 0 1 
9.3205 0 1 
-1.0242 0 1 
-4.7424 0 1 
-14.304 1 0 
-4.3588 1 0 
-0.69489 0 1 
-1.9608 0 1 
-10.66 1 0 
-9.2214 1 0 
1.978 1 0 
6.8486 1 0 
13.214 0 1 
3.6533 0 1 
3.0542 1 0 
10.43 0 1 
9.6345 0 1 
1.2445 1 0 
1.5015 1 0 
7.4262 1 0 
13.831 0 1 
-0.44132 0 1 
-4.3016 0 1 
-13.185 1 0 
-5.9878 1 0 
-1.5506 0 1 
-4.3313 0 1 
-15.04 1 0 
-3.6281 1 0 
0.95103 1 0 
4.3028 1 0 
15.456 0 1 
3.0756 0 1 
-1.6608 0 1 
-6.6932 0 1 
-14.243 1 0 
-1.7189 1 0 
0.50029 1 0 
2.6018 1 0 
13.749 0 1 
5.344 0 1 
-2.948 0 1 
-8.9662 0 1 
-11.145 1 0 
-3.0619 0 1 
-4.5955 0 1 
-13.436 1 0 
-5.5933 1 0 
-1.5928 0 1 
-4.6907 0 1 
-15.231 1 0 
-3.1314 1 0 
0.95451 1 0 
4.345 1 0 
15.611 0 1 
2.8366 0 1 
-1.8942 0 1 
-7.4195 0 1 
-13.423 1 0 
-1.5854 1 0 
0.035289 1 0 
0.42762 1 0 
2.9327 1 0 
16.82 0 1 
1.603 0 1 
-5.5549 0 1 
-11.192 1 0 
-7.6133 1 0 
-5.1225 0 1 
-10.114 1 0 
-9.3222 1 0 
-4.5652 0 1 
-8.227 0 1 
-11.459 1 0 
-4.5608 0 1 
-6.0092 0 1 
-12.654 1 0 
-5.7035 1 0 
-4.0424 0 1 
-10.594 1 0 
-9.2083 1 0 
-2.8829 0 1 
-5.8446 0 1 
-13.941 1 0 
-3.9451 1 0 
-1.9486 0 1 
-6.9279 0 1 
-14.083 1 0 
-1.4092 1 0 
0.87573 1 0 
4.284 1 0 
16.225 0 1 
2.0118 0 1 
-3.0646 0 1 
-10.216 1 0 
-9.8277 1 0 
-1.9485 0 1 
-3.2606 0 1 
-12.711 1 0 
-6.7861 1 0 
0.14325 1 0 
1.8022 1 0 
9.4005 1 0 
11.013 0 1 
-1.2478 0 1 
-5.4227 0 1 
-13.914 1 0 
-4.3703 1 0 
-1.8814 0 1 
-6.4104 0 1 
-14.565 1 0 
-1.7304 1 0 
0.79368 1 0 
3.8727 1 0 
15.902 0 1 
2.6877 0 1 
-2.8778 0 1 
-9.6272 0 1 
-10.552 1 0 
-2.0784 0 1 
-3.0921 0 1 
-12.136 1 0 
-7.5026 1 0 
0.0056682 1 0 
1.5135 1 0 
8.0343 1 0 
12.988 0 1 
-0.96076 0 1 
-5.11 0 1 
-13.598 1 0 
-5.0458 1 0 
-2.1193 0 1 
-6.7442 0 1 
-14.11 1 0 
-1.9441 1 0 
0.025352 1 0 
0.43903 1 0 
2.9587 1 0 
16.768 0 1 
1.6744 0 1 
-5.4524 0 1 
-11.221 1 0 
-7.6436 1 0 
-4.9893 0 1 
-10.007 1 0 
-9.5004 1 0 
-4.4397 0 1 
-7.9478 0 1 
-11.759 1 0 
-4.5282 0 1 
-5.6178 0 1 
-12.669 1 0 
-5.9936 1 0 
-3.6597 0 1 
-9.7764 0 1 
-10.265 1 0 
-2.7106 0 1 
-4.6808 0 1 
-13.845 1 0 
-5.0258 1 0 
-1.2186 0 1 
-3.6701 0 1 
-14.805 1 0 
-4.1565 1 0 
1.6205 1 0 
6.3817 1 0 
14.391 0 1 
2.1851 0 1 
0.0096167 0 1 
-0.32027 0 1 
-2.1482 0 1 
-14.27 1 0 
-4.3442 1 0 
4.9377 1 0 
10.473 0 1 
8.6471 0 1 
5.0165 1 0 
9.1736 1 0 
10.352 0 1 
4.7534 1 0 
7.374 1 0 
12 0 1 
5.1106 1 0 
5.4854 1 0 
12.208 0 1 
6.6785 0 1 
3.9223 1 0 
9.6602 1 0 
10.308 0 1 
3.1615 1 0 
5.4952 1 0 
13.726 0 1 
4.6282 0 1 
2.2035 1 0 
7.2912 1 0 
13.564 0 1 
1.6715 0 1 
0.011443 0 1 
-0.21687 0 1 
-1.4945 0 1 
-11.149 1 0 
-8.0197 1 0 
4.5471 1 0 
9.6365 0 1 
9.4976 0 1 
5.3484 1 0 
8.5524 1 0 
10.76 0 1 
5.314 1 0 
7.186 1 0 
11.767 0 1 
5.7625 1 0 
5.7855 1 0 
11.784 0 1 
7.0233 0 1 
4.5798 1 0 
10.179 0 1 
9.4879 0 1 
3.8465 1 0 
7.2691 1 0 
12.603 0 1 
4.1594 1 0 
4.2688 1 0 
12.134 0 1 
7.318 0 1 
2.2782 1 0 
5.7301 1 0 
14.505 0 1 
3.1578 0 1 
0.69405 1 0 
2.435 1 0 
12.805 0 1 
6.4932 0 1 
-2.4787 0 1 
-8.0042 0 1 
-12.26 1 0 
-3.07 0 1 
-3.545 0 1 
-12.031 1 0 
-7.6051 1 0 
-1.0631 0 1 
-1.9307 0 1 
-9.6736 0 1 
-10.641 1 0 
1.1185 1 0 
5.102 1 0 
14.053 0 1 
4.4447 0 1 
1.4294 1 0 
4.7525 1 0 
15.537 0 1 
2.6321 0 1 
-1.5271 0 1 
-6.3865 0 1 
-14.65 1 0 
-1.5656 1 0 
1.1174 1 0 
5.2244 1 0 
15.917 0 1 
1.4099 0 1 
-2.6861 0 1 
-9.9024 0 1 
-10.305 1 0 
-1.2584 1 0 
-1.1896 0 1 
-5.8912 0 1 
-15.772 1 0 
-0.14855 1 0 
4.1116 1 0 
12.438 0 1 
6.9489 0 1 
2.0162 1 0 
5.2284 1 0 
14.818 0 1 
3.255 0 1 
0.072114 0 1 
-0.26251 0 1 
-1.7027 0 1 
-11.954 1 0 
-7.069 1 0 
4.3818 1 0 
9.7799 0 1 
9.5164 0 1 
4.96 1 0 
8.34 1 0 
11.154 0 1 
4.9607 1 0 
6.5893 1 0 
12.255 0 1 
5.7154 0 1 
4.9136 1 0 
11.477 0 1 
7.8629 0 1 
3.6714 1 0 
8.3458 1 0 
11.786 0 1 
3.4131 1 0 
4.511 1 0 
13.038 0 1 
6.1295 0 1 
1.8853 1 0 
5.3308 1 0 
14.98 0 1 
2.8833 0 1 
-0.29614 0 1 
-1.7561 0 1 
-10.157 1 0 
-9.8567 1 0 
2.2627 1 0 
7.3309 1 0 
12.631 0 1 
3.8798 1 0 
4.0302 1 0 
12.072 0 1 
7.4607 0 1 
1.9274 1 0 
4.661 1 0 
14.73 0 1 
3.8547 0 1 
-0.097617 0 1 
-1.0772 0 1 
-6.5085 0 1 
-15.299 1 0 
1.2875 1 0 
6.0913 1 0 
12.793 0 1 
5.3146 0 1 
4.0027 1 0 
10.846 0 1 
8.9274 0 1 
2.6839 1 0 
5.6265 1 0 
14.141 0 1 
3.8774 0 1 
1.5242 1 0 
5.4369 1 0 
15.452 0 1 
1.9207 0 1 
-1.6215 0 1 
-6.9006 0 1 
-14.197 1 0 
-1.1278 1 0 
1.4616 1 0 
6.6994 1 0 
14.598 0 1 
0.62866 0 1 
-2.624 0 1 
-10.361 1 0 
-9.7507 1 0 
-0.61534 1 0 
0.33549 1 0 
1.9098 1 0 
12.014 0 1 
7.2151 0 1 
-3.5609 0 1 
-9.2927 0 1 
-10.419 1 0 
-4.1225 0 1 
-6.7485 0 1 
-12.738 1 0 
-4.7593 1 0 
-4.2574 0 1 
-11.624 1 0 
-7.9329 1 0 
-2.6179 0 1 
-6.1793 0 1 
-14.057 1 0 
-3.2814 1 0 
-1.5238 0 1 
-5.8101 0 1 
-15.326 1 0 
-1.4576 1 0 
1.9437 1 0 
8.0892 1 0 
12.732 0 1 
0.83519 0 1 
-1.1411 0 1 
-5.6176 0 1 
-15.879 1 0 
-0.68158 1 0 
3.4499 1 0 
11.544 0 1 
8.1808 0 1 
1.5676 1 0 
3.1973 1 0 
13.128 0 1 
6.2656 0 1 
-0.70225 0 1 
-3.5466 0 1 
-14.167 1 0 
-4.9686 1 0 
1.0253 1 0 
4.5204 1 0 
15.168 0 1 
3.3342 0 1 
-0.95697 0 1 
-4.3399 0 1 
-15.55 1 0 
-2.9239 1 0 
1.7905 1 0 
7.1063 1 0 
13.791 0 1 
1.6244 0 1 
-0.26052 0 1 
-1.5043 0 1 
-9.4177 0 1 
-10.847 1 0 
2.6262 1 0 
7.8173 1 0 
11.941 0 1 
4.2973 1 0 
5.2352 1 0 
12.748 0 1 
6.1397 0 1 
3.1503 1 0 
8.6839 1 0 
11.66 0 1 
2.4758 1 0 
3.098 1 0 
11.681 0 1 
8.0722 0 1 
0.39812 0 1 
-0.38358 0 1 
-2.2216 0 1 
-13.54 1 0 
-5.3784 1 0 
3.955 1 0 
9.9692 0 1 
9.6398 0 1 
4.0755 1 0 
7.426 1 0 
12.36 0 1 
4.3463 1 0 
4.7164 1 0 
12.412 0 1 
6.8198 0 1 
2.7501 1 0 
7.2761 1 0 
13.243 0 1 
2.6743 0 1 
1.9475 1 0 
7.8876 1 0 
13.049 0 1 
0.56576 0 1 
-1.8997 0 1 
-8.5764 0 1 
-12.161 1 0 
-0.068009 1 0 
2.662 1 0 
11.101 0 1 
8.8023 0 1 
-0.0076646 0 1 
-1.848 0 1 
-9.1961 0 1 
-11.317 1 0 
0.83551 1 0 
4.5558 1 0 
13.869 0 1 
5.0281 0 1 
1.0939 1 0 
3.2083 1 0 
14.106 0 1 
5.0481 0 1 
-1.7387 0 1 
-6.5867 0 1 
-14.051 1 0 
-2.4644 1 0 
-0.7572 0 1 
-3.0217 0 1 
-14.673 1 0 
-4.3133 1 0 
2.8517 1 0 
9.0651 1 0 
11.132 0 1 
2.6607 1 0 
3.8878 1 0 
13.037 0 1 
6.3173 0 1 
0.83771 1 0 
1.7246 1 0 
9.1473 1 0 
11.365 0 1 
-1.3714 0 1 
-5.7106 0 1 
-13.738 1 0 
-4.3464 1 0 
-2.3186 0 1 
-7.8476 0 1 
-12.923 1 0 
-1.4896 1 0 
-0.14676 0 1 
-0.48406 0 1 
-3.3291 0 1 
-17.509 1 0 
-0.72061 1 0 
5.8099 1 0 
11.419 0 1 
7.2143 0 1 
5.1974 1 0 
10.478 0 1 
8.8853 0 1 
4.5208 1 0 
8.5772 1 0 
11.166 0 1 
4.3789 1 0 
6.2169 1 0 
12.751 0 1 
5.3688 0 1 
4.0733 1 0 
10.901 0 1 
8.842 0 1 
2.7641 1 0 
5.8653 1 0 
14.036 0 1 
3.7648 0 1 
1.7447 1 0 
6.3268 1 0 
14.757 0 1 
1.4828 0 1 
-1.3406 0 1 
-6.0987 0 1 
-15.199 1 0 
-1.0084 1 0 
2.4333 1 0 
9.6374 1 0 
10.687 0 1 
0.77586 0 1 
-0.28693 0 1 
-1.6367 0 1 
-10.579 1 0 
-9.1076 1 0 
3.2563 1 0 
8.7175 1 0 
10.992 0 1 
4.306 1 0 
6.3429 1 0 
12.771 0 1 
5.2078 0 1 
4.1149 1 0 
11.085 0 1 
8.6142 0 1 
2.7246 1 0 
5.9436 1 0 
14.05 0 1 
3.6396 0 1 
1.6933 1 0 
6.2209 1 0 
14.884 0 1 
1.4604 0 1 
-1.4935 0 1 
-6.6541 0 1 
-14.581 1 0 
-0.87466 1 0 
2.1809 1 0 
9.1175 1 0 
11.395 0 1 
0.49871 0 1 
-1.314 0 1 
-6.5587 0 1 
-14.941 1 0 
-0.051835 1 0 
3.8228 1 0 
12.442 0 1 
7.0285 0 1 
1.4718 1 0 
3.5201 1 0 
14.008 0 1 
5.1697 0 1 
-0.93218 0 1 
-4.2225 0 1 
-15.027 1 0 
-3.692 1 0 
1.0466 1 0 
4.6322 1 0 
15.489 0 1 
2.799 0 1 
-1.475 0 1 
-6.1815 0 1 
-14.825 1 0 
-1.6851 1 0 
1.1227 1 0 
5.2108 1 0 
15.886 0 1 
1.4899 0 1 
-2.5772 0 1 
-9.6376 0 1 
-10.651 1 0 
-1.2165 1 0 
-0.89495 0 1 
-4.4348 0 1 
-16.692 1 0 
-1.1752 1 0 
3.9698 1 0 
11.575 0 1 
7.9942 0 1 
2.5831 1 0 
6.0527 1 0 
14.135 0 1 
3.3376 0 1 
1.4259 1 0 
5.3882 1 0 
15.613 0 1 
1.7053 0 1 
-2.0263 0 1 
-8.1988 0 1 
-12.557 1 0 
-1.019 1 0 
0.63224 1 0 
3.2956 1 0 
15.673 0 1 
3.0918 0 1 
-3.4814 0 1 
-10.274 1 0 
-9.6013 1 0 
-2.848 0 1 
-5.4726 0 1 
-13.996 1 0 
-4.2545 1 0 
-1.743 0 1 
-6.0033 0 1 
-14.961 1 0 
-1.8169 1 0 
1.1018 1 0 
5.0951 1 0 
15.907 0 1 
1.6318 0 1 
-2.4993 0 1 
-9.3941 0 1 
-10.964 1 0 
-1.2413 1 0 
-0.7892 0 1 
-3.8707 0 1 
-16.504 1 0 
-1.8797 1 0 
3.8458 1 0 
11.106 0 1 
8.5622 0 1 
2.7841 1 0 
6.1123 1 0 
13.949 0 1 
3.5787 0 1 
1.8577 1 0 
6.8635 1 0 
14.212 0 1 
1.2458 0 1 
-1.2632 0 1 
-5.9051 0 1 
-15.462 1 0 
-0.9054 1 0 
2.8007 1 0 
10.462 0 1 
9.6016 0 1 
1.0155 0 1 
0.8717 1 0 
4.4839 1 0 
16.809 0 1 
0.93332 0 1 
-4.2338 0 1 
-11.832 1 0 
-7.6051 1 0 
-2.8084 0 1 
-6.8557 0 1 
-13.532 1 0 
-3.0496 1 0 
-2.0759 0 1 
-8.0417 0 1 
-12.81 1 0 
-0.77532 1 0 
1.3158 1 0 
6.3575 1 0 
15.104 0 1 
0.39192 0 1 
-3.3368 0 1 
-11.693 1 0 
-8.0238 1 0 
-1.1695 0 1 
-2.0724 0 1 
-10.097 1 0 
-10.069 1 0 
1.0308 1 0 
4.8368 1 0 
14.169 0 1 
4.4772 0 1 
1.0018 1 0 
3.1145 1 0 
14.103 0 1 
5.0419 0 1 
-1.9604 0 1 
-7.1388 0 1 
-13.462 1 0 
-2.4466 1 0 
-1.3859 0 1 
-5.8142 0 1 
-15.517 1 0 
-1.0216 1 0 
2.69 1 0 
10.168 0 1 
9.9815 0 1 
0.99917 0 1 
0.64667 1 0 
3.2914 1 0 
16.039 0 1 
2.6292 0 1 
-3.9705 0 1 
-10.844 1 0 
-8.7928 1 0 
-3.2536 0 1 
-6.889 0 1 
-13.218 1 0 
-3.6466 1 0 
-3.0467 0 1 
-10.417 1 0 
-9.6504 1 0 
-1.2373 0 1 
-1.4732 0 1 
-7.3002 0 1 
-14.007 1 0 
0.4133 1 0 
4.3027 1 0 
13.14 0 1 
6.0413 0 1 
1.6024 1 0 
4.4736 1 0 
15.075 0 1 
3.5004 0 1 
-0.85421 0 1 
-3.9607 0 1 
-15.322 1 0 
-3.4169 1 0 
1.8576 1 0 
7.1727 1 0 
13.642 0 1 
1.8385 0 1 
0.23934 1 0 
0.84022 1 0 
5.5779 1 0 
16.705 0 1 
-1.4548 0 1 
-6.5885 0 1 
-12.131 1 0 
-5.7341 1 0 
-5.1335 0 1 
-11.596 1 0 
-7.6208 1 0 
-3.8967 0 1 
-8.8825 0 1 
-11.15 1 0 
-3.4734 0 1 
-5.227 0 1 
-13.411 1 0 
-5.2728 1 0 
-2.4093 0 1 
-7.4586 0 1 
-13.278 1 0 
-1.9559 1 0 
-0.76241 0 1 
-3.3021 0 1 
-15.447 1 0 
-3.3766 1 0 
3.1778 1 0 
9.8187 1 0 
10.211 0 1 
2.6333 1 0 
4.5634 1 0 
13.838 0 1 
5.0934 0 1 
1.0709 1 0 
3.0927 1 0 
13.86 0 1 
5.343 0 1 
-1.7394 0 1 
-6.5559 0 1 
-14.038 1 0 
-2.5628 1 0 
-0.8919 0 1 
-3.5789 0 1 
-15.558 1 0 
-3.2157 1 0 
2.8114 1 0 
9.3242 1 0 
10.904 0 1 
2.2352 1 0 
3.1938 1 0 
12.19 0 1 
7.4354 0 1 
0.18216 0 1 
-0.88609 0 1 
-4.9858 0 1 
-16.802 1 0 
-0.15235 1 0 
4.8108 1 0 
12.392 0 1 
6.7057 0 1 
3.157 1 0 
8.2765 1 0 
12.087 0 1 
2.7102 1 0 
3.1488 1 0 
11.552 0 1 
8.232 0 1 
0.61726 0 1 
0.25286 1 0 
1.3323 1 0 
9.2018 1 0 
11.057 0 1 
-3.294 0 1 
-8.5322 0 1 
-10.962 1 0 
-4.8059 0 1 
-6.736 0 1 
-12.303 1 0 
-5.4791 1 0 
-4.9311 0 1 
-11.672 1 0 
-7.6237 1 0 
-3.579 0 1 
-8.38 0 1 
-11.795 1 0 
-3.2708 0 1 
-4.3063 0 1 
-12.965 1 0 
-6.2932 1 0 
-1.6337 0 1 
-4.4364 0 1 
-14.995 1 0 
-3.6309 1 0 
0.76085 1 0 
3.6171 1 0 
14.965 0 1 
3.9613 0 1 
-1.9165 0 1 
-7.213 0 1 
-13.52 1 0 
-2.0581 1 0 
-0.71978 0 1 
-3.0474 0 1 
-14.922 1 0 
-4.0075 1 0 
3.0849 1 0 
9.4953 1 0 
10.582 0 1 
2.7636 1 0 
4.5342 1 0 
13.68 0 1 
5.3101 0 1 
1.2236 1 0 
3.548 1 0 
14.563 0 1 
4.4764 0 1 
-1.5446 0 1 
-6.1253 0 1 
-14.575 1 0 
-2.3472 1 0 
0.025432 1 0 
0.50877 1 0 
3.3603 1 0 
17.3 0 1 
0.99017 0 1 
-5.5182 0 1 
-11.502 1 0 
-7.3088 1 0 
-4.8306 0 1 
-10.165 1 0 
-9.3988 1 0 
-4.1801 0 1 
-7.7665 0 1 
-12.044 1 0 
-4.3083 0 1 
-5.1151 0 1 
-12.689 1 0 
-6.2831 1 0 
-3.0564 0 1 
-8.3731 0 1 
-12.03 1 0 
-2.4978 0 1 
-2.8251 0 1 
-10.94 1 0 
-9.0121 1 0 
-0.36002 1 0 
0.81249 1 0 
4.4516 1 0 
16.884 0 1 
0.85033 0 1 
-4.3786 0 1 
-11.914 1 0 
-7.4531 1 0 
-2.9694 0 1 
-7.3253 0 1 
-13.072 1 0 
-2.9794 1 0 
-2.5482 0 1 
-9.6556 0 1 
-10.673 1 0 
-0.68345 1 0 
0.52769 1 0 
2.8788 1 0 
15.163 0 1 
3.6641 0 1 
-3.775 0 1 
-10.334 1 0 
-9.4023 1 0 
-3.3776 0 1 
-6.6206 0 1 
-13.291 1 0 
-3.9787 1 0 
-3.1363 0 1 
-10.344 1 0 
-9.7268 1 0 
-1.4671 0 1 
-2.0644 0 1 
-9.6081 0 1 
-10.753 1 0 
0.6054 1 0 
3.9124 1 0 
13.583 0 1 
5.6249 0 1 
0.40751 1 0 
0.42647 1 0 
2.4997 1 0 
14.874 0 1 
3.8494 0 1 
-4.4662 0 1 
-10.598 1 0 
-8.7933 1 0 
-4.2783 0 1 
-8.4056 0 1 
-11.443 1 0 
-4.1566 0 1 
-5.7161 0 1 
-12.955 1 0 
-5.5309 1 0 
-3.4412 0 1 
-9.7389 0 1 
-10.375 1 0 
-2.3788 0 1 
-3.8976 0 1 
-13.368 1 0 
-5.9073 1 0 
-0.52168 0 1 
-0.75099 0 1 
-4.3401 0 1 
-17.228 1 0 
-0.42557 1 0 
5.0355 1 0 
12.1 0 1 
6.9253 0 1 
3.7365 1 0 
9.1818 1 0 
10.899 0 1 
3.115 1 0 
4.9051 1 0 
13.591 0 1 
5.2351 0 1 
1.8204 1 0 
5.6613 1 0 
15.01 0 1 
2.367 0 1 
-0.61484 0 1 
-3.0677 0 1 
-14.566 1 0 
-4.4567 1 0 
2.6025 1 0 
8.6047 1 0 
11.726 0 1 
2.5208 1 0 
3.1275 1 0 
11.703 0 1 
8.0438 0 1 
0.4467 0 1 
-0.21983 0 1 
-1.3113 0 1 
-9.1012 0 1 
-11.208 1 0 
3.2931 1 0 
8.5165 1 0 
10.96 0 1 
4.8418 1 0 
6.7571 1 0 
12.271 0 1 
5.5036 0 1 
4.982 1 0 
11.686 0 1 
7.5842 0 1 
3.6397 1 0 
8.5125 1 0 
11.636 0 1 
3.2913 1 0 
4.4935 1 0 
13.133 0 1 
6.017 0 1 
1.7635 1 0 
5.0116 1 0 
15.101 0 1 
3.0409 0 1 
-0.56104 0 1 
-2.8469 0 1 
-13.824 1 0 
-5.3393 1 0 
2.3217 1 0 
7.8863 1 0 
12.541 0 1 
2.6464 0 1 
2.6161 1 0 
10.179 0 1 
9.9949 0 1 
0.44993 0 1 
-0.89761 0 1 
-4.7888 0 1 
-16.69 1 0 
-0.71703 1 0 
4.2006 1 0 
11.974 0 1 
7.4562 0 1 
2.6197 1 0 
6.5143 1 0 
13.886 0 1 
3.0142 0 1 
1.5703 1 0 
6.1731 1 0 
15.053 0 1 
1.1722 0 1 
-2.0675 0 1 
-8.6033 0 1 
-12.068 1 0 
-0.67745 1 0 
1.1712 1 0 
5.8379 1 0 
15.724 0 1 
0.44517 0 1 
-3.6534 0 1 
-11.929 1 0 
-7.6789 1 0 
-1.6335 0 1 
-3.6692 0 1 
-14.012 1 0 
-5.1497 1 0 
0.63208 1 0 
3.2214 1 0 
13.949 0 1 
5.2452 0 1 
-1.4974 0 1 
-5.9206 0 1 
-14.611 1 0 
-2.6507 1 0 
-0.20905 0 1 
-0.47628 0 1 
-3.0986 0 1 
-16.875 1 0 
-1.5584 1 0 
5.3443 1 0 
11.33 0 1 
7.5949 0 1 
4.7817 1 0 
9.8947 0 1 
9.714 0 1 
4.2213 1 0 
7.5271 1 0 
12.204 0 1 
4.464 1 0 
4.9941 1 0 
12.503 0 1 
6.5797 0 1 
3.0619 1 0 
8.1667 1 0 
12.242 0 1 
2.6235 1 0 
2.8591 1 0 
10.902 0 1 
9.0601 0 1 
0.47079 0 1 
-0.49802 0 1 
-2.8012 0 1 
-15.209 1 0 
-3.5799 1 0 
4.0215 1 0 
10.521 0 1 
9.0964 0 1 
3.6431 1 0 
7.3043 1 0 
12.696 0 1 
3.8957 1 0 
3.9592 1 0 
11.957 0 1 
7.6163 0 1 
1.8903 1 0 
4.4609 1 0 
14.637 0 1 
4.0979 0 1 
-0.16971 0 1 
-1.4027 0 1 
-8.1602 0 1 
-12.806 1 0 
1.668 1 0 
6.3703 1 0 
13.092 0 1 
4.5773 0 1 
3.6111 1 0 
10.814 0 1 
9.0661 0 1 
2.0495 1 0 
4.0046 1 0 
13.928 0 1 
5.1858 0 1 
0.090367 0 1 
-0.62739 0 1 
-3.7814 0 1 
-17.189 1 0 
-0.97664 1 0 
5.0068 1 0 
11.765 0 1 
7.317 0 1 
4.0048 1 0 
9.2753 1 0 
10.695 0 1 
3.4496 1 0 
5.62 1 0 
13.496 0 1 
4.8488 0 1 
2.64 1 0 
8.4064 1 0 
12.163 0 1 
1.747 0 1 
1.2249 1 0 
5.6254 1 0 
15.873 0 1 
0.67918 0 1 
-3.4483 0 1 
-11.544 1 0 
-8.1806 1 0 
-1.5635 0 1 
-3.1855 0 1 
-13.106 1 0 
-6.2926 1 0 
0.70771 1 0 
3.5663 1 0 
14.186 0 1 
4.9426 0 1 
-1.0078 0 1 
-4.4644 0 1 
-15.163 1 0 
-3.3765 1 0 
1.0001 1 0 
4.4911 1 0 
15.566 0 1 
2.7984 0 1 
-1.7037 0 1 
-6.8869 0 1 
-14.068 1 0 
-1.5777 1 0 
0.57435 1 0 
2.9427 1 0 
14.68 0 1 
4.2874 0 1 
-3.0496 0 1 
-9.3674 0 1 
-10.724 1 0 
-2.8235 0 1 
-4.5328 0 1 
-13.618 1 0 
-5.3896 1 0 
-1.2945 0 1 
-3.7626 0 1 
-14.798 1 0 
-4.1477 1 0 
1.4434 1 0 
5.8674 1 0 
14.846 0 1 
2.3017 0 1 
-0.43433 0 1 
-2.3068 0 1 
-12.552 1 0 
-6.7652 1 0 
2.6283 1 0 
8.2194 1 0 
11.959 0 1 
3.2342 1 0 
4.0871 1 0 
12.737 0 1 
6.6383 0 1 
1.4762 1 0 
3.739 1 0 
14.403 0 1 
4.6504 0 1 
-0.9725 0 1 
-4.3507 0 1 
-15.204 1 0 
-3.3899 1 0 
1.1829 1 0 
5.1229 1 0 
15.459 0 1 
2.345 0 1 
-1.3795 0 1 
-5.9705 0 1 
-15.12 1 0 
-1.529 1 0 
1.6363 1 0 
7.1062 1 0 
14.011 0 1 
0.87022 0 1 
-1.8123 0 1 
-8.0505 0 1 
-12.855 1 0 
-0.34888 1 0 
2.2891 1 0 
9.8974 1 0 
10.369 0 1 
0.037902 0 1 
-2.1582 0 1 
-10.009 0 1 
-10.211 1 0 
0.52805 1 0 
3.6134 1 0 
13.366 0 1 
5.95 0 1 
0.060245 0 1 
-0.91796 0 1 
-5.3245 0 1 
-16.641 1 0 
0.32194 1 0 
5.2289 1 0 
12.602 0 1 
6.2225 0 1 
3.4706 1 0 
9.262 1 0 
10.907 0 1 
2.6776 1 0 
4.1052 1 0 
13.321 0 1 
5.9149 0 1 
0.94253 1 0 
2.2619 1 0 
11.337 0 1 
8.3967 0 1 
-1.578 0 1 
-6.0229 0 1 
-14.033 1 0 
-3.5121 1 0 
-1.6803 0 1 
-6.2572 0 1 
-14.873 1 0 
-1.3875 1 0 
1.5886 1 0 
7.0126 1 0 
14.154 0 1 
0.78138 0 1 
-2.0703 0 1 
-8.8905 0 1 
-11.711 1 0 
-0.35694 1 0 
1.7968 1 0 
8.4677 1 0 
12.331 0 1 
-0.22066 0 1 
-3.3858 0 1 
-12.556 1 0 
-6.9682 1 0 
-0.42523 1 0 
-0.06434 0 1 
-0.31204 0 1 
-2.3567 0 1 
-15.837 1 0 
-2.5261 1 0 
5.8075 1 0 
10.673 0 1 
7.9685 0 1 
5.7728 1 0 
10.066 0 1 
9.0381 0 1 
5.3501 1 0 
8.9951 1 0 
10.355 0 1 
5.1854 1 0 
7.6043 1 0 
11.593 0 1 
5.4616 1 0 
6.1079 1 0 
12.009 0 1 
6.5013 0 1 
4.7577 1 0 
10.748 0 1 
8.7756 0 1 
3.8355 1 0 
7.8586 1 0 
12.151 0 1 
3.8535 1 0 
4.6126 1 0 
12.739 0 1 
6.4599 0 1 
2.3189 1 0 
6.4022 1 0 
14.189 0 1 
2.6106 0 1 
0.75811 1 0 
2.9567 1 0 
14.465 0 1 
4.5594 0 1 
-2.7713 0 1 
-8.873 0 1 
-11.361 1 0 
-2.6774 0 1 
-3.7283 0 1 
-12.764 1 0 
-6.6815 1 0 
-0.79269 0 1 
-1.4231 0 1 
-7.7017 0 1 
-13.486 1 0 
1.0835 1 0 
5.4296 1 0 
13.446 0 1 
5.0084 0 1 
2.6246 1 0 
8.247 1 0 
12.348 0 1 
1.8225 0 1 
1.2496 1 0 
5.6793 1 0 
15.803 0 1 
0.70229 0 1 
-3.3605 0 1 
-11.433 1 0 
-8.331 1 0 
-1.4732 0 1 
-2.8383 0 1 
-12.315 1 0 
-7.2543 1 0 
0.8062 1 0 
3.9545 1 0 
14.374 0 1 
4.6308 0 1 
-0.50953 0 1 
-2.7467 0 1 
-13.071 1 0 
-6.2694 1 0 
1.7811 1 0 
6.575 1 0 
13.886 0 1 
2.8451 0 1 
1.4011 1 0 
5.6039 1 0 
15.591 0 1 
1.3434 0 1 
-2.3651 0 1 
-9.2573 0 1 
-11.171 1 0 
-0.96569 1 0 
0.021162 1 0 
0.26122 1 0 
1.8716 1 0 
13.441 0 1 
5.1451 0 1 
-5.1298 0 1 
-10.233 1 0 
-8.7358 1 0 
-5.4468 0 1 
-9.3064 0 1 
-10.002 1 0 
-5.2038 0 1 
-7.9882 0 1 
-11.306 1 0 
-5.3409 0 1 
-6.5036 0 1 
-12.026 1 0 
-6.1342 1 0 
-5.0963 0 1 
-11.268 1 0 
-8.0263 1 0 
-4.031 0 1 
-8.7442 0 1 
-11.233 1 0 
-3.7101 0 1 
-5.4598 0 1 
-13.272 1 0 
-5.2941 1 0 
-2.8159 0 1 
-8.5355 0 1 
-11.951 1 0 
-1.9923 1 0 
-1.8985 0 1 
-8.3269 0 1 
-12.511 1 0 
-0.032262 1 0 
2.8684 1 0 
11.515 0 1 
8.2799 0 1 
0.16729 0 1 
-1.1725 0 1 
-6.3291 0 1 
-15.37 1 0 
0.40502 1 0 
4.7654 1 0 
12.975 0 1 
6.0342 0 1 
2.4813 1 0 
7.1337 1 0 
13.532 0 1 
2.3233 0 1 
1.1306 1 0 
4.7837 1 0 
16.166 0 1 
1.6174 0 1 
-2.9204 0 1 
-10.199 1 0 
-9.891 1 0 
-1.5978 0 1 
-2.3202 0 1 
-10.407 1 0 
-9.6839 1 0 
0.53249 1 0 
3.5249 1 0 
13.362 0 1 
5.9649 0 1 
-0.12642 0 1 
-1.5786 0 1 
-8.6052 0 1 
-12.151 1 0 
1.3365 1 0 
5.7174 1 0 
13.598 0 1 
4.5429 0 1 
2.567 1 0 
8.4327 1 0 
12.161 0 1 
1.5866 0 1 
0.87913 1 0 
4.0858 1 0 
16.424 0 1 
1.8687 0 1 
-3.5413 0 1 
-10.865 1 0 
-8.9392 1 0 
-2.4045 0 1 
-4.9718 0 1 
-14.32 1 0 
-4.2069 1 0 
-0.8549 0 1 
-2.658 0 1 
-13.101 1 0 
-6.1999 1 0 
2.0997 1 0 
7.3028 1 0 
13.129 0 1 
2.8345 0 1 
2.2927 1 0 
8.9705 1 0 
11.59 0 1 
0.5821 0 1 
-1.1869 0 1 
-5.9703 0 1 
-15.62 1 0 
-0.2985 1 0 
3.7979 1 0 
12.164 0 1 
7.3653 0 1 
1.6981 1 0 
4.0386 1 0 
14.475 0 1 
4.4858 0 1 
-0.54106 0 1 
-2.8484 0 1 
-13.363 1 0 
-5.9238 1 0 
1.8069 1 0 
6.6664 1 0 
13.845 0 1 
2.7349 0 1 
1.3305 1 0 
5.3826 1 0 
15.773 0 1 
1.4116 0 1 
-2.5034 0 1 
-9.5277 0 1 
-10.804 1 0 
-1.1097 1 0 
-0.53661 0 1 
-2.6341 0 1 
-14.488 1 0 
-4.4146 1 0 
3.6668 1 0 
10.018 0 1 
9.7615 0 1 
3.4873 1 0 
6.5005 1 0 
13.273 0 1 
4.1932 0 1 
3.2407 1 0 
10.397 0 1 
9.6426 0 1 
1.6341 1 0 
2.5615 1 0 
11.195 0 1 
8.6647 0 1 
-0.53472 0 1 
-3.3528 0 1 
-13.328 1 0 
-6.0181 1 0 
0.47761 1 0 
2.7882 1 0 
12.807 0 1 
6.6189 0 1 
-1.3786 0 1 
-5.5395 0 1 
-14.62 1 0 
-3.1854 1 0 
-0.48361 0 1 
-1.5174 0 1 
-9.0089 0 1 
-11.508 1 0 
2.122 1 0 
7.0654 1 0 
12.682 0 1 
4.2663 0 1 
4.2083 1 0 
11.972 0 1 
7.5321 0 1 
2.2999 1 0 
5.6486 1 0 
14.499 0 1 
3.2759 0 1 
0.74367 1 0 
2.5977 1 0 
13.261 0 1 
5.9697 0 1 
-2.448 0 1 
-8.0269 0 1 
-12.293 1 0 
-2.9013 0 1 
-3.2603 0 1 
-11.612 1 0 
-8.1496 1 0 
-0.81092 0 1 
-0.89458 0 1 
-4.8116 0 1 
-16.846 1 0 
-0.39729 1 0 
4.6238 1 0 
12.238 0 1 
6.975 0 1 
3.0408 1 0 
7.83 1 0 
12.583 0 1 
2.7838 1 0 
2.7932 1 0 
10.557 0 1 
9.5013 0 1 
0.58239 0 1 
-0.33286 0 1 
-1.9018 0 1 
-12.012 1 0 
-7.2106 1 0 
3.5912 1 0 
9.3191 1 0 
10.379 0 1 
4.151 1 0 
6.8192 1 0 
12.686 0 1 
4.7494 0 1 
4.3476 1 0 
11.736 0 1 
7.7714 0 1 
2.6861 1 0 
6.4542 1 0 
13.87 0 1 
3.1618 0 1 
1.723 1 0 
6.6615 1 0 
14.508 0 1 
1.0872 0 1 
-1.7628 0 1 
-7.748 0 1 
-13.239 1 0 
-0.52979 1 0 
2.071 1 0 
9.1186 1 0 
11.415 0 1 
0.10566 0 1 
-2.3145 0 1 
-10.292 1 0 
-9.8425 1 0 
0.28233 1 0 
2.8856 1 0 
12.159 0 1 
7.4623 0 1 
-0.43113 0 1 
-2.8493 0 1 
-12.608 1 0 
-6.8859 1 0 
0.99533 1 0 
4.479 1 0 
14.738 0 1 
3.9405 0 1 
-0.27866 0 1 
-1.805 0 1 
-10.061 1 0 
-10.031 1 0 
1.949 1 0 
6.7792 1 0 
13.169 0 1 
3.8606 0 1 
3.2612 1 0 
10.724 0 1 
9.2419 0 1 
1.4594 1 0 
2.3096 1 0 
10.567 0 1 
9.4649 0 1 
-0.70665 0 1 
-3.948 0 1 
-13.892 1 0 
-5.2349 1 0 
-0.10026 1 0 
0.60227 1 0 
3.6315 1 0 
17.078 0 1 
1.2038 0 1 
-4.9494 0 1 
-11.657 1 0 
-7.4659 1 0 
-4.0257 0 1 
-9.1858 0 1 
-10.782 1 0 
-3.5165 0 1 
-5.6383 0 1 
-13.444 1 0 
-4.9084 1 0 
-2.7307 0 1 
-8.6039 0 1 
-11.905 1 0 
-1.792 1 0 
-1.5048 0 1 
-6.8611 0 1 
-14.502 1 0 
-0.19596 1 0 
3.3545 1 0 
11.926 0 1 
7.7399 0 1 
0.98417 1 0 
1.6177 1 0 
8.3541 1 0 
12.521 0 1 
-0.97644 0 1 
-5.0589 0 1 
-13.695 1 0 
-4.9532 1 0 
-1.93 0 1 
-6.1979 0 1 
-14.657 1 0 
-2.0444 1 0 
0.47332 1 0 
2.4736 1 0 
13.209 0 1 
5.9822 0 1 
-2.7657 0 1 
-8.566 0 1 
-11.603 1 0 
-3.1061 0 1 
-4.2454 0 1 
-13.054 1 0 
-6.2028 1 0 
-1.4481 0 1 
-3.875 0 1 
-14.671 1 0 
-4.2828 1 0 
1.0768 1 0 
4.7031 1 0 
15.341 0 1 
2.9543 0 1 
-1.1507 0 1 
-5.0648 0 1 
-15.592 1 0 
-2.2021 1 0 
1.6754 1 0 
6.9742 1 0 
14.061 0 1 
1.277 0 1 
-1.0927 0 1 
-5.2218 0 1 
-16.022 1 0 
-1.2207 1 0 
2.9855 1 0 
10.546 0 1 
9.4655 0 1 
1.4232 1 0 
2.0874 1 0 
9.7619 1 0 
10.542 0 1 
-0.67159 0 1 
-4.0356 0 1 
-13.738 1 0 
-5.4006 1 0 
-0.44695 0 1 
-0.64295 0 1 
-3.7864 0 1 
-17.177 1 0 
-0.99053 1 0 
4.9855 1 0 
11.764 0 1 
7.3295 0 1 
3.9783 1 0 
9.2287 1 0 
10.755 0 1 
3.4336 1 0 
5.5411 1 0 
13.505 0 1 
4.9052 0 1 
2.5702 1 0 
8.1738 1 0 
12.451 0 1 
1.767 0 1 
1.0584 1 0 
4.8268 1 0 
16.36 0 1 
1.237 0 1 
-3.417 0 1 
-11.102 1 0 
-8.7072 1 0 
-1.9139 0 1 
-3.8706 0 1 
-13.92 1 0 
-5.2286 1 0 
0.13987 1 0 
1.4855 1 0 
8.3225 1 0 
12.566 0 1 
-1.4472 0 1 
-5.966 0 1 
-13.398 1 0 
-4.5793 1 0 
-3.0017 0 1 
-9.5367 0 1 
-10.731 1 0 
-1.7205 0 1 
-2.1222 0 1 
-9.5065 0 1 
-10.897 1 0 
0.33434 1 0 
3.271 1 0 
12.695 0 1 
6.8036 0 1 
0.010119 0 1 
-1.2936 0 1 
-7.1271 0 1 
-14.323 1 0 
0.90244 1 0 
5.2772 1 0 
13.294 0 1 
5.3245 0 1 
2.7 1 0 
8.2167 1 0 
12.349 0 1 
1.9824 0 1 
1.5739 1 0 
6.99 1 0 
14.306 0 1 
0.29579 0 1 
-3.0722 0 1 
-11.47 1 0 
-8.3282 1 0 
-0.7468 1 0 
-0.62151 0 1 
-3.346 0 1 
-16.353 1 0 
-2.2257 1 0 
4.2937 1 0 
11.155 0 1 
8.3218 0 1 
3.518 1 0 
7.7287 1 0 
12.428 0 1 
3.5127 1 0 
3.9318 1 0 
12.26 0 1 
7.2563 0 1 
1.6073 1 0 
3.8224 1 0 
14.311 0 1 
4.7492 0 1 
-0.70301 0 1 
-3.4401 0 1 
-14.409 1 0 
-4.6744 1 0 
1.5526 1 0 
6.1262 1 0 
14.541 0 1 
2.4141 0 1 
0.089431 0 1 
-0.0037447 0 1 
-0.037368 0 1 
-0.30536 0 1 
-2.7778 0 1 
-18.22 1 0 
0.20759 1 0 
7.0679 1 0 
10.229 0 1 
7.5835 0 1 
7.0611 1 0 
10.224 0 1 
7.9738 0 1 
6.6891 1 0 
10.027 0 1 
8.491 0 1 
6.3654 1 0 
9.6355 0 1 
9.1325 0 1 
6.123 1 0 
9.0502 1 0 
9.8627 0 1 
6.0047 1 0 
8.298 1 0 
10.591 0 1 
6.0695 1 0 
7.4331 1 0 
11.146 0 1 
6.4006 1 0 
6.5317 1 0 
11.28 0 1 
7.1119 0 1 
5.6862 1 0 
10.744 0 1 
8.3306 0 1 
5.0081 1 0 
9.4455 1 0 
10.083 0 1 
4.6553 1 0 
7.5775 1 0 
11.921 0 1 
4.9186 1 0 
5.567 1 0 
12.37 0 1 
6.4199 0 1 
3.8833 1 0 
9.804 1 0 
10.161 0 1 
3.0369 1 0 
5.3949 1 0 
13.822 0 1 
4.5767 0 1 
1.983 1 0 
6.6166 1 0 
14.321 0 1 
1.7667 0 1 
-0.50035 0 1 
-2.5998 0 1 
-13.719 1 0 
-5.3819 1 0 
2.9211 1 0 
8.9191 1 0 
11.204 0 1 
3.0509 1 0 
4.5243 1 0 
13.387 0 1 
5.6859 0 1 
1.5431 1 0 
4.4713 1 0 
15.171 0 1 
3.37 0 1 
-1.0193 0 1 
-4.5595 0 1 
-15.573 1 0 
-2.736 1 0 
1.6764 1 0 
6.8217 1 0 
14.153 0 1 
1.5542 0 1 
-0.68689 0 1 
-3.4426 0 1 
-15.56 1 0 
-3.2291 1 0 
3.052 1 0 
9.6964 1 0 
10.398 0 1 
2.4565 1 0 
4.0481 1 0 
13.49 0 1 
5.7203 0 1 
0.66336 1 0 
1.3313 1 0 
7.4572 1 0 
13.861 0 1 
-1.2232 0 1 
-5.7384 0 1 
-13.268 1 0 
-4.9882 1 0 
-3.1075 0 1 
-9.4628 0 1 
-10.791 1 0 
-1.9602 0 1 
-2.6545 0 1 
-11.057 1 0 
-8.8558 1 0 
0.16333 1 0 
2.3207 1 0 
10.845 0 1 
9.0952 0 1 
-0.82311 0 1 
-4.2026 0 1 
-14.159 1 0 
-4.8178 1 0 
-0.18729 1 0 
0.17052 1 0 
1.0768 1 0 
7.9821 1 0 
12.965 0 1 
-3.3736 0 1 
-8.425 0 1 
-10.794 1 0 
-5.3357 0 1 
-7.1445 0 1 
-11.774 1 0 
-5.8027 1 0 
-5.7589 0 1 
-11.75 1 0 
-7.082 1 0 
-4.5715 0 1 
-10.124 1 0 
-9.5516 1 0 
-3.8582 0 1 
-7.2293 0 1 
-12.623 1 0 
-4.1941 0 1 
-4.2602 0 1 
-12.095 1 0 
-7.3682 1 0 
-2.2937 0 1 
-5.7392 0 1 
-14.488 1 0 
-3.1744 1 0 
-0.7318 0 1 
-2.5902 0 1 
-13.278 1 0 
-5.9444 1 0 
2.4886 1 0 
8.1052 1 0 
12.198 0 1 
2.916 1 0 
3.3763 1 0 
11.848 0 1 
7.8483 0 1 
0.86724 1 0 
1.1976 1 0 
6.3885 1 0 
15.314 0 1 
-0.5063 0 1 
-4.9053 0 1 
-13.026 1 0 
-5.8959 1 0 
-2.6072 0 1 
-7.5655 0 1 
-13.063 1 0 
-2.2426 1 0 
-1.453 0 1 
-6.2537 0 1 
-15.13 1 0 
-0.70978 1 0 
2.8385 1 0 
10.69 0 1 
9.3152 0 1 
0.89402 0 1 
0.65203 1 0 
3.3977 1 0 
16.286 0 1 
2.3074 0 1 
-4.1207 0 1 
-11.056 1 0 
-8.5034 1 0 
-3.3212 0 1 
-7.2393 0 1 
-12.933 1 0 
-3.522 1 0 
-3.3254 0 1 
-11.162 1 0 
-8.697 1 0 
-1.2829 0 1 
-2.0869 0 1 
-9.9704 0 1 
-10.25 1 0 
0.86463 1 0 
4.4608 1 0 
14.051 0 1 
4.843 0 1 
0.71591 1 0 
1.8569 1 0 
10.09 0 1 
10.008 0 1 
-1.8062 0 1 
-6.5099 0 1 
-13.413 1 0 
-3.8576 1 0 
-2.8792 0 1 
-9.8181 0 1 
-10.417 1 0 
-1.2981 1 0 
-1.2345 0 1 
-6.0737 0 1 
-15.562 1 0 
-0.095601 1 0 
4.0705 1 0 
12.483 0 1 
6.9093 0 1 
1.8976 1 0 
4.9026 1 0 
14.888 0 1 
3.4546 0 1 
-0.18505 0 1 
-1.3661 0 1 
-8.1255 0 1 
-12.855 1 0 
1.8176 1 0 
6.6171 1 0 
12.889 0 1 
4.5802 0 1 
3.974 1 0 
11.398 0 1 
8.2827 0 1 
2.3038 1 0 
5.1658 1 0 
14.486 0 1 
3.8141 0 1 
0.70623 1 0 
2.2197 1 0 
11.829 0 1 
7.7008 0 1 
-2.2069 0 1 
-7.3689 0 1 
-12.866 1 0 
-3.2916 1 0 
-3.1643 0 1 
-11.016 1 0 
-8.8963 1 0 
-1.0593 0 1 
-1.3284 0 1 
-6.8113 0 1 
-14.707 1 0 
0.44505 1 0 
4.5909 1 0 
13.104 0 1 
5.9622 0 1 
2.0886 1 0 
6.0569 1 0 
14.577 0 1 
2.5016 0 1 
0.12811 1 0 
0.1508 1 0 
0.98508 1 0 
7.6606 1 0 
13.475 0 1 
-3.5981 0 1 
-8.529 0 1 
-10.519 1 0 
-5.6398 0 1 
-7.527 0 1 
-11.365 1 0 
-5.9473 0 1 
-6.3739 0 1 
-11.634 1 0 
-6.7822 1 0 
-5.3031 0 1 
-10.872 1 0 
-8.387 1 0 
-4.488 0 1 
-8.9746 0 1 
-10.799 1 0 
-4.1932 0 1 
-6.4435 0 1 
-12.816 1 0 
-5.023 1 0 
-4.086 0 1 
-11.194 1 0 
-8.4935 1 0 
-2.6141 0 1 
-5.7777 0 1 
-14.184 1 0 
-3.6324 1 0 
-1.4342 0 1 
-5.2404 0 1 
-15.617 1 0 
-1.9305 1 0 
1.8594 1 0 
7.6271 1 0 
13.282 0 1 
1.1141 0 1 
-0.86539 0 1 
-4.323 0 1 
-16.377 1 0 
-1.7603 1 0 
3.3387 1 0 
10.706 0 1 
9.184 0 1 
2.1159 1 0 
4.0974 1 0 
13.963 0 1 
5.1156 0 1 
0.20727 0 1 
-0.17202 0 1 
-1.0803 0 1 
-7.9719 0 1 
-12.986 1 0 
3.3365 1 0 
8.396 1 0 
10.836 0 1 
5.3128 1 0 
7.0888 1 0 
11.817 0 1 
5.8053 0 1 
5.6846 1 0 
11.737 0 1 
7.1464 0 1 
4.4946 1 0 
9.9972 0 1 
9.7222 0 1 
3.8082 1 0 
7.0112 1 0 
12.794 0 1 
4.2549 0 1 
4.0399 1 0 
11.763 0 1 
7.8296 0 1 
2.169 1 0 
5.1069 1 0 
14.621 0 1 
3.6683 0 1 
0.4252 1 0 
1.109 1 0 
6.7254 1 0 
14.996 0 1 
-1.4561 0 1 
-6.2812 0 1 
-12.747 1 0 
-5.1889 1 0 
-4.1604 0 1 
-11.158 1 0 
-8.5138 1 0 
-2.7532 0 1 
-6.0796 0 1 
-13.985 1 0 
-3.5625 1 0 
-1.7872 0 1 
-6.6191 0 1 
-14.488 1 0 
-1.2993 1 0 
1.391 1 0 
6.3595 1 0 
14.961 0 1 
0.81927 0 1 
-2.542 0 1 
-10.024 0 1 
-10.185 1 0 
-0.7114 1 0 
0.24333 1 0 
1.4138 1 0 
9.4513 1 0 
10.716 0 1 
-3.1314 0 1 
-8.4131 0 1 
-11.186 1 0 
-4.597 0 1 
-6.3499 0 1 
-12.57 1 0 
-5.5008 1 0 
-4.3875 0 1 
-11.18 1 0 
-8.4151 1 0 
-3.0882 0 1 
-6.8618 0 1 
-13.343 1 0 
-3.4436 1 0 
-2.7077 0 1 
-9.7089 0 1 
-10.582 1 0 
-1.0086 1 0 
-0.38254 0 1 
-1.8665 0 1 
-11.688 1 0 
-7.6475 1 0 
3.4067 1 0 
9.0784 1 0 
10.679 0 1 
4.0825 1 0 
6.4483 1 0 
12.889 0 1 
4.9019 0 1 
3.9709 1 0 
11.131 0 1 
8.6001 0 1 
2.4656 1 0 
5.3523 1 0 
14.346 0 1 
3.8474 0 1 
1.0511 1 0 
3.6071 1 0 
15.11 0 1 
3.7814 0 1 
-2.144 0 1 
-7.8105 0 1 
-12.817 1 0 
-2.0377 1 0 
-1.3025 0 1 
-5.7519 0 1 
-15.678 1 0 
-0.80668 1 0 
3.1175 1 0 
11.045 0 1 
8.8413 0 1 
1.2709 1 0 
1.979 1 0 
9.54 1 0 
10.84 0 1 
-0.82374 0 1 
-4.4513 0 1 
-13.928 1 0 
-5.0042 1 0 
-0.86962 0 1 
-2.3781 0 1 
-11.995 1 0 
-7.5482 1 0 
1.8416 1 0 
6.6332 1 0 
13.65 0 1 
3.2058 0 1 
2.0706 1 0 
7.8977 1 0 
12.983 0 1 
0.88061 0 1 
-1.1789 0 1 
-5.7479 0 1 
-15.737 1 0 
-0.67107 1 0 
3.349 1 0 
11.447 0 1 
8.317 0 1 
1.434 1 0 
2.7294 1 0 
12.048 0 1 
7.5789 0 1 
-0.84757 0 1 
-4.1045 0 1 
-14.416 1 0 
-4.5296 1 0 
0.31723 1 0 
2.029 1 0 
10.813 0 1 
9.0385 0 1 
-1.8376 0 1 
-6.5768 0 1 
-13.494 1 0 
-3.6057 1 0 
-2.6099 0 1 
-9.2928 0 1 
-11.119 1 0 
-1.0866 1 0 
-0.31353 0 1 
-1.4658 0 1 
-9.6079 0 1 
-10.504 1 0 
3.0412 1 0 
8.3397 1 0 
11.319 0 1 
4.478 1 0 
6.1148 1 0 
12.7 0 1 
5.5426 0 1 
4.0702 1 0 
10.759 0 1 
9.0084 0 1 
2.8376 1 0 
5.9001 1 0 
13.967 0 1 
3.8346 0 1 
1.8897 1 0 
6.7991 1 0 
14.245 0 1 
1.3847 0 1 
-1.0493 0 1 
-5.0098 0 1 
-16.102 1 0 
-1.4177 1 0 
2.9295 1 0 
10.331 0 1 
9.7339 0 1 
1.4901 1 0 
2.1226 1 0 
9.8077 1 0 
10.482 0 1 
-0.60127 0 1 
-3.8505 0 1 
-13.581 1 0 
-5.6426 1 0 
-0.29268 1 0 
-0.00033034 1 0 
0.040555 1 0 
0.31437 1 0 
2.7732 1 0 
18.017 0 1 
0.048627 0 1 
-6.9191 0 1 
-10.37 1 0 
-7.5469 1 0 
-6.8719 0 1 
-10.323 1 0 
-8.0141 1 0 
-6.4647 0 1 
-10.039 1 0 
-8.6371 1 0 
-6.1236 0 1 
-9.5176 1 0 
-9.406 1 0 
-5.8921 0 1 
-8.7724 0 1 
-10.257 1 0 
-5.8298 0 1 
-7.8541 0 1 
-11.032 1 0 
-6.0232 0 1 
-6.8476 0 1 
-11.453 1 0 
-6.5994 1 0 
-5.8614 0 1 
-11.17 1 0 
-7.7275 1 0 
-5.0222 0 1 
-9.9609 1 0 
-9.5349 1 0 
-4.4968 0 1 
-7.9695 0 1 
-11.711 1 0 
-4.5837 0 1 
-5.7108 0 1 
-12.638 1 0 
-5.9667 1 0 
-3.7861 0 1 
-10.006 1 0 
-9.9639 1 0 
-2.7904 0 1 
-5.0767 0 1 
-13.971 1 0 
-4.6159 1 0 
-1.492 0 1 
-4.886 0 1 
-15.477 1 0 
-2.593 1 0 
1.3785 1 0 
5.9097 1 0 
15.12 0 1 
1.6657 0 1 
-1.4658 0 1 
-6.475 0 1 
-14.746 1 0 
-1.0365 1 0 
2.0279 1 0 
8.5813 1 0 
12.111 0 1 
0.55595 0 1 
-1.4816 0 1 
-7.1583 0 1 
-14.13 1 0 
-0.035701 1 0 
3.487 1 0 
12.246 0 1 
7.3323 0 1 
0.96687 1 0 
1.7388 1 0 
8.9656 1 0 
11.636 0 1 
-1.1308 0 1 
-5.2456 0 1 
-13.846 1 0 
-4.6147 1 0 
-1.8738 0 1 
-6.2263 0 1 
-14.695 1 0 
-1.8925 1 0 
0.70832 1 0 
3.4915 1 0 
15.458 0 1 
3.3545 0 1 
-2.8222 0 1 
-9.2964 0 1 
-10.927 1 0 
-2.2976 0 1 
-3.312 0 1 
-12.385 1 0 
-7.1898 1 0 
-0.27354 1 0 
0.51395 1 0 
2.9882 1 0 
15.895 0 1 
2.7781 0 1 
-4.3851 0 1 
-10.951 1 0 
-8.4894 1 0 
-3.842 0 1 
-8.1026 0 1 
-11.933 1 0 
-3.7485 0 1 
-4.7581 0 1 
-12.941 1 0 
-6.145 1 0 
-2.3407 0 1 
-6.6717 0 1 
-13.995 1 0 
-2.4269 1 0 
-0.7764 0 1 
-3.1271 0 1 
-14.906 1 0 
-4.0404 1 0 
2.8789 1 0 
9.1819 1 0 
11.005 0 1 
2.5917 1 0 
3.8567 1 0 
13.065 0 1 
6.2895 0 1 
0.75248 1 0 
1.4364 1 0 
7.8474 1 0 
13.274 0 1 
-1.1912 0 1 
-5.5903 0 1 
-13.441 1 0 
-4.8818 1 0 
-2.751 0 1 
-8.6768 0 1 
-11.815 1 0 
-1.7841 1 0 
-1.551 0 1 
-7.0727 0 1 
-14.231 1 0 
-0.12812 1 0 
3.3541 1 0 
12.007 0 1 
7.6409 0 1 
0.90323 1 0 
1.4001 1 0 
7.3957 1 0 
13.919 0 1 
-0.83075 0 1 
-5.057 0 1 
-13.398 1 0 
-5.3399 1 0 
-2.3339 0 1 
-7.1944 0 1 
-13.573 1 0 
-2.0076 1 0 
-0.58812 0 1 
-2.4479 0 1 
-13.352 1 0 
-5.7799 1 0 
3.0088 1 0 
8.9603 1 0 
11.101 0 1 
3.2389 1 0 
4.923 1 0 
13.488 0 1 
5.3601 0 1 
1.9682 1 0 
6.0642 1 0 
14.691 0 1 
2.256 0 1 
-0.27312 0 1 
-1.6024 0 1 
-9.6562 0 1 
-10.535 1 0 
2.4153 1 0 
7.5386 1 0 
12.31 0 1 
4.1133 1 0 
4.6307 1 0 
12.534 0 1 
6.7045 0 1 
2.5235 1 0 
6.7884 1 0 
13.777 0 1 
2.6507 0 1 
1.3141 1 0 
5.3687 1 0 
15.805 0 1 
1.3756 0 1 
-2.5771 0 1 
-9.7053 0 1 
-10.57 1 0 
-1.1449 1 0 
-0.7496 0 1 
-3.7341 0 1 
-16.463 1 0 
-1.9937 1 0 
3.9208 1 0 
11.097 0 1 
8.5428 0 1 
2.9313 1 0 
6.4432 1 0 
13.694 0 1 
3.5223 0 1 
2.2508 1 0 
8.2558 1 0 
12.486 0 1 
1.0319 0 1 
-0.56264 0 1 
-2.9654 0 1 
-15.067 1 0 
-3.8082 1 0 
3.4506 1 0 
9.9973 0 1 
9.8959 0 1 
3.0636 1 0 
5.6591 1 0 
13.811 0 1 
4.3491 0 1 
2.1529 1 0 
7.3258 1 0 
13.561 0 1 
1.5359 0 1 
-0.23531 0 1 
-1.3809 0 1 
-8.8074 0 1 
-11.762 1 0 
2.5623 1 0 
7.6889 1 0 
11.966 0 1 
4.4982 1 0 
5.3281 1 0 
12.624 0 1 
6.2426 0 1 
3.3783 1 0 
9.0717 1 0 
11.15 0 1 
2.6312 1 0 
3.8169 1 0 
12.959 0 1 
6.4267 0 1 
0.77937 1 0 
1.4772 1 0 
8.0104 1 0 
13.031 0 1 
-1.1934 0 1 
-5.5581 0 1 
-13.499 1 0 
-4.8297 1 0 
-2.6403 0 1 
-8.4213 0 1 
-12.146 1 0 
-1.738 1 0 
-1.2177 0 1 
-5.5988 0 1 
-15.899 1 0 
-0.68762 1 0 
3.4588 1 0 
11.548 0 1 
8.1744 0 1 
1.5835 1 0 
3.2476 1 0 
13.223 0 1 
6.1499 0 1 
-0.68066 0 1 
-3.4673 0 1 
-14.086 1 0 
-5.0754 1 0 
1.0962 1 0 
4.7439 1 0 
15.157 0 1 
3.1841 0 1 
-0.7754 0 1 
-3.6776 0 1 
-15.175 1 0 
-3.685 1 0 
2.0954 1 0 
7.7176 1 0 
12.945 0 1 
1.9849 0 1 
1.0978 1 0 
4.8586 1 0 
16.266 0 1 
1.3534 0 1 
-3.2099 0 1 
-10.782 1 0 
-9.1336 1 0 
-1.7461 0 1 
-3.1608 0 1 
-12.76 1 0 
-6.7234 1 0 
0.42282 1 0 
2.707 1 0 
12.43 0 1 
7.0855 0 1 
-1.2197 0 1 
-5.1146 0 1 
-14.7 1 0 
-3.5218 1 0 
-0.28663 0 1 
-0.57425 0 1 
-3.6038 0 1 
-17.333 1 0 
-0.86732 1 0 
5.3395 1 0 
11.676 0 1 
7.2263 0 1 
4.4845 1 0 
9.9219 0 1 
9.8086 0 1 
3.8257 1 0 
6.9583 1 0 
12.815 0 1 
4.3052 0 1 
4.0293 1 0 
11.706 0 1 
7.9007 0 1 
2.1909 1 0 
5.1201 1 0 
14.599 0 1 
3.6882 0 1 
0.47217 1 0 
1.2978 1 0 
7.7433 1 0 
13.443 0 1 
-1.7423 0 1 
-6.5369 0 1 
-12.856 1 0 
-4.7356 1 0 
-4.041 0 1 
-11.365 1 0 
-8.3036 1 0 
-2.4357 0 1 
-5.4823 0 1 
-14.38 1 0 
-3.6623 1 0 
-1.0186 0 1 
-3.5666 0 1 
-15.123 1 0 
-3.7702 1 0 
2.2366 1 0 
8.0264 1 0 
12.546 0 1 
2.0696 0 1 
1.5867 1 0 
6.9676 1 0 
14.321 0 1 
0.36231 0 1 
-2.9544 0 1 
-11.222 1 0 
-8.6446 1 0 
-0.68468 1 0 
-0.30459 0 1 
-1.594 0 1 
-10.61 1 0 
-9.0122 1 0 
3.4958 1 0 
8.9501 1 0 
10.658 0 1 
4.4919 1 0 
6.8557 1 0 
12.451 0 1 
5.0922 0 1 
4.7504 1 0 
11.842 0 1 
7.4963 0 1 
3.2167 1 0 
7.8099 1 0 
12.512 0 1 
3.0554 1 0 
3.2636 1 0 
11.467 0 1 
8.3292 0 1 
0.93096 1 0 
1.1938 1 0 
6.283 1 0 
15.427 0 1 
-0.37999 0 1 
-4.7484 0 1 
-12.952 1 0 
-6.071 1 0 
-2.4838 0 1 
-7.1153 0 1 
-13.546 1 0 
-2.3411 1 0 
-1.1431 0 1 
-4.8279 0 1 
-16.149 1 0 
-1.5905 1 0 
2.9025 1 0 
10.185 0 1 
9.913 0 1 
1.5652 1 0 
2.2214 1 0 
10.085 1 0 
10.11 0 1 
-0.54417 0 1 
-3.6354 0 1 
-13.416 1 0 
-5.8851 1 0 
-0.049787 1 0 
0.93979 1 0 
5.4502 1 0 
16.522 0 1 
-0.40728 0 1 
-5.2713 0 1 
-12.656 1 0 
-6.1307 1 0 
-3.4608 0 1 
-9.3139 0 1 
-10.852 1 0 
-2.6355 0 1 
-4.0669 0 1 
-13.317 1 0 
-5.9305 1 0 
-0.88032 0 1 
-2.0333 0 1 
-10.503 1 0 
-9.4798 1 0 
1.5554 1 0 
5.9886 1 0 
13.888 0 1 
3.797 0 1 
2.0325 1 0 
7.3202 1 0 
13.641 0 1 
1.2679 0 1 
-0.80179 0 1 
-4.0013 0 1 
-16.205 1 0 
-2.2217 1 0 
3.2294 1 0 
10.342 0 1 
9.6289 0 1 
2.2191 1 0 
4.0557 1 0 
13.78 0 1 
5.3566 0 1 
0.35206 0 1 
0.30296 1 0 
1.7853 1 0 
12.033 0 1 
7.0541 0 1 
-4.1021 0 1 
-9.6791 0 1 
-9.7692 1 0 
-4.6456 0 1 
-7.8739 0 1 
-11.706 1 0 
-4.7871 0 1 
-5.8162 0 1 
-12.496 1 0 
-6.0778 1 0 
-4.0331 0 1 
-10.288 1 0 
-9.564 1 0 
-3.0254 0 1 
-5.8532 0 1 
-13.822 1 0 
-4.1239 1 0 
-2.1868 0 1 
-7.5955 0 1 
-13.263 1 0 
-1.3968 1 0 
0.28107 1 0 
1.5937 1 0 
9.9773 1 0 
10.019 0 1 
-2.81 0 1 
-8.1145 0 1 
-11.683 1 0 
-4.1979 0 1 
-5.4726 0 1 
-12.894 1 0 
-5.7969 1 0 
-3.2727 0 1 
-9.1994 0 1 
-11.044 1 0 
-2.3936 0 1 
-3.4262 0 1 
-12.516 1 0 
-7.0215 1 0 
-0.40353 1 0 
0.026158 1 0 
0.2119 1 0 
1.6053 1 0 
12.354 0 1 
6.322 0 1 
-5.2065 0 1 
-9.9492 1 0 
-8.8995 1 0 
-5.784 0 1 
-9.2448 0 1 
-9.877 1 0 
-5.5933 0 1 
-8.2435 0 1 
-10.881 1 0 
-5.6636 0 1 
-7.0881 0 1 
-11.592 1 0 
-6.1468 1 0 
-5.9202 0 1 
-11.514 1 0 
-7.271 1 0 
-4.9027 0 1 
-10.25 1 0 
-9.2734 1 0 
-4.2388 0 1 
-7.9443 0 1 
-11.868 1 0 
-4.2991 0 1 
-5.331 0 1 
-12.779 1 0 
-6.0405 1 0 
-3.2331 0 1 
-8.9331 0 1 
-11.356 1 0 
-2.4735 0 1 
-3.3423 0 1 
-12.248 1 0 
-7.3582 1 0 
-0.46102 1 0 
-0.056533 0 1 
-0.25772 0 1 
-1.9388 0 1 
-14.083 1 0 
-4.3527 1 0 
5.4765 1 0 
10.322 0 1 
8.4664 0 1 
5.7304 1 0 
9.6281 0 1 
9.5234 0 1 
5.4308 1 0 
8.5603 1 0 
10.708 0 1 
5.3996 1 0 
7.2692 1 0 
11.667 0 1 
5.8113 1 0 
5.9344 1 0 
11.76 0 1 
6.9523 0 1 
4.7616 1 0 
10.396 0 1 
9.172 0 1 
3.9965 1 0 
7.7422 1 0 
12.162 0 1 
4.1037 1 0 
4.8161 1 0 
12.683 0 1 
6.4405 0 1 
2.6618 1 0 
7.325 1 0 
13.254 0 1 
2.498 0 1 
1.6788 1 0 
6.9907 1 0 
14.226 0 1 
0.63008 0 1 
-2.398 0 1 
-9.8664 0 1 
-10.402 1 0 
-0.42548 1 0 
1.1169 1 0 
5.798 1 0 
15.878 0 1 
0.16632 0 1 
-4.1504 0 1 
-12.428 1 0 
-6.9468 1 0 
-2.094 0 1 
-5.4545 0 1 
-14.734 1 0 
-3.1323 1 0 
-0.24773 0 1 
-0.5169 0 1 
-3.2961 0 1 
-17.077 1 0 
-1.2944 1 0 
5.3098 1 0 
11.471 0 1 
7.4661 0 1 
4.6254 1 0 
9.8651 0 1 
9.8127 0 1 
4.0328 1 0 
7.2199 1 0 
12.526 0 1 
4.4006 1 0 
4.5057 1 0 
12.184 0 1 
7.1789 0 1 
2.6133 1 0 
6.6909 1 0 
13.78 0 1 
2.8694 0 1 
1.5645 1 0 
6.2511 1 0 
15.004 0 1 
1.0674 0 1 
-2.1834 0 1 
-8.9842 0 1 
-11.561 1 0 
-0.6561 1 0 
0.98924 1 0 
5.07 1 0 
16.398 0 1 
0.77885 0 1 
-3.8247 0 1 
-11.766 1 0 
-7.8233 1 0 
-2.1317 0 1 
-5.0097 0 1 
-14.637 1 0 
-3.7286 1 0 
-0.34119 0 1 
-0.74171 0 1 
-4.5916 0 1 
-17.398 1 0 
0.24503 1 0 
5.6363 1 0 
12.195 0 1 
6.4439 0 1 
4.3266 1 0 
10.371 0 1 
9.3692 0 1 
3.4135 1 0 
6.7098 1 0 
13.22 0 1 
3.9643 0 1 
3.243 1 0 
10.595 0 1 
9.4015 0 1 
1.5096 1 0 
2.3613 1 0 
10.683 0 1 
9.3175 0 1 
-0.65471 0 1 
-3.7879 0 1 
-13.767 1 0 
-5.4274 1 0 
0.049032 1 0 
1.1939 1 0 
6.8521 1 0 
14.754 0 1 
-1.0794 0 1 
-5.6663 0 1 
-13.105 1 0 
-5.2722 1 0 
-3.2923 0 1 
-9.6423 0 1 
-10.529 1 0 
-2.1812 0 1 
-3.3445 0 1 
-12.598 1 0 
-6.9253 1 0 
-0.15173 1 0 
0.84782 1 0 
4.8369 1 0 
16.937 0 1 
0.17875 0 1 
-4.8993 0 1 
-12.339 1 0 
-6.7219 1 0 
-3.3291 0 1 
-8.6129 0 1 
-11.665 1 0 
-2.7936 0 1 
-3.6744 0 1 
-12.548 1 0 
-6.9543 1 0 
-0.88235 0 1 
-1.6178 0 1 
-8.532 0 1 
-12.262 1 0 
1.1636 1 0 
5.3936 1 0 
13.695 0 1 
4.7006 0 1 
2.2218 1 0 
7.2976 1 0 
13.546 0 1 
1.7047 0 1 
0.085779 1 0 
0.13472 1 0 
0.91669 1 0 
7.3072 1 0 
14.078 0 1 
-3.6308 0 1 
-8.4957 0 1 
-10.445 1 0 
-5.8184 0 1 
-7.6248 0 1 
-11.192 1 0 
-6.0885 0 1 
-6.5947 0 1 
-11.487 1 0 
-6.7882 1 0 
-5.6148 0 1 
-10.979 1 0 
-8.0992 1 0 
-4.8222 0 1 
-9.5108 0 1 
-10.102 1 0 
-4.4098 0 1 
-7.35 0 1 
-12.218 1 0 
-4.7554 0 1 
-5.0896 0 1 
-12.326 1 0 
-6.7522 1 0 
-3.3342 0 1 
-8.6006 0 1 
-11.675 1 0 
-2.8076 0 1 
-3.689 0 1 
-12.559 1 0 
-6.9391 1 0 
-0.90133 0 1 
-1.688 0 1 
-8.842 0 1 
-11.811 1 0 
1.2035 1 0 
5.4168 1 0 
13.772 0 1 
4.5744 0 1 
2.1145 1 0 
7.0465 1 0 
13.854 0 1 
1.6806 0 1 
-0.21553 0 1 
-1.2969 0 1 
-8.2901 0 1 
-12.571 1 0 
2.4011 1 0 
7.458 1 0 
12.112 0 1 
4.6364 1 0 
5.1957 1 0 
12.468 0 1 
6.5185 0 1 
3.3545 1 0 
8.8165 1 0 
11.438 0 1 
2.7267 1 0 
3.7545 1 0 
12.755 0 1 
6.6881 0 1 
0.85142 1 0 
1.6219 1 0 
8.6112 1 0 
12.145 0 1 
-1.23 0 1 
-5.5099 0 1 
-13.681 1 0 
-4.619 1 0 
-2.3203 0 1 
-7.6565 0 1 
-13.127 1 0 
-1.6348 1 0 
-0.28702 0 1 
-1.135 0 1 
-7.4484 0 1 
-13.907 1 0 
2.2913 1 0 
7.3206 1 0 
12.051 0 1 
4.9596 1 0 
5.3799 1 0 
12.29 0 1 
6.6381 0 1 
3.7302 1 0 
9.3951 1 0 
10.669 0 1 
3.0053 1 0 
4.9142 1 0 
13.698 0 1 
5.0897 0 1 
1.6967 1 0 
5.3325 1 0 
15.222 0 1 
2.4801 0 1 
-0.89164 0 1 
-4.1682 0 1 
-15.765 1 0 
-2.7321 1 0 
2.3224 1 0 
8.525 1 0 
12.015 0 1 
1.6858 0 1 
1.1963 1 0 
5.5408 1 0 
15.964 0 1 
0.68345 0 1 
-3.5191 0 1 
-11.609 1 0 
-8.0889 1 0 
-1.6567 0 1 
-3.5096 0 1 
-13.674 1 0 
-5.5854 1 0 
0.57623 1 0 
3.07 1 0 
13.547 0 1 
5.7324 0 1 
-1.4158 0 1 
-5.6656 0 1 
-14.703 1 0 
-2.8812 1 0 
-0.21479 0 1 
-0.44105 0 1 
-2.8448 0 1 
-16.316 1 0 
-2.2112 1 0 
5.1674 1 0 
11.128 0 1 
7.9025 0 1 
4.7436 1 0 
9.6106 1 0 
10.033 0 1 
4.2777 1 0 
7.2876 1 0 
12.337 0 1 
4.6407 1 0 
4.8783 1 0 
12.292 0 1 
6.8962 0 1 
3.075 1 0 
7.9622 1 0 
12.439 0 1 
2.7598 1 0 
2.8977 1 0 
10.867 0 1 
9.1035 0 1 
0.58761 0 1 
-0.16541 0 1 
-1.0019 0 1 
-7.0779 0 1 
-14.511 1 0 
2.655 1 0 
7.7258 1 0 
11.487 0 1 
5.2902 1 0 
6.2428 1 0 
12.114 0 1 
6.2482 0 1 
4.7944 1 0 
10.975 0 1 
8.4996 0 1 
3.7763 1 0 
7.999 1 0 
12.059 0 1 
3.713 1 0 
4.5773 1 0 
12.83 0 1 
6.3615 0 1 
2.1833 1 0 
6.082 1 0 
14.476 0 1 
2.6539 0 1 
0.41049 1 0 
1.3775 1 0 
8.4553 1 0 
12.333 0 1 
-2.1815 0 1 
-7.1563 0 1 
-12.469 1 0 
-4.497 0 1 
-4.6244 0 1 
-12.213 1 0 
-7.099 1 0 
-2.7701 0 1 
-7.1268 0 1 
-13.354 1 0 
-2.8057 1 0 
-2.0024 0 1 
-7.9797 0 1 
-12.914 1 0 
-0.63533 1 0 
1.68 1 0 
7.7993 1 0 
13.233 0 1 
0.10019 0 1 
-2.9891 0 1 
-11.598 1 0 
-8.174 1 0 
-0.40781 1 0 
0.38657 1 0 
2.2343 1 0 
13.574 0 1 
5.3438 0 1 
-3.946 0 1 
-9.9724 1 0 
-9.6424 1 0 
-4.0564 0 1 
-7.4007 0 1 
-12.388 1 0 
-4.3368 0 1 
-4.6709 0 1 
-12.383 1 0 
-6.8735 1 0 
-2.7066 0 1 
-7.1328 0 1 
-13.39 1 0 
-2.7015 1 0 
-1.825 0 1 
-7.4015 0 1 
-13.68 1 0 
-0.66108 1 0 
2.0278 1 0 
8.8717 1 0 
11.746 0 1 
0.22119 0 1 
-2.1443 0 1 
-9.6835 0 1 
-10.656 1 0 
0.23694 1 0 
2.9629 1 0 
12.15 0 1 
7.4797 0 1 
-0.21225 0 1 
-2.1681 0 1 
-10.632 1 0 
-9.3489 1 0 
1.135 1 0 
5.0172 1 0 
14.3 0 1 
4.1715 0 1 
0.9553 1 0 
3.072 1 0 
14.119 0 1 
5.0156 0 1 
-2.0834 0 1 
-7.4293 0 1 
-13.131 1 0 
-2.4582 1 0 
-1.7404 0 1 
-7.2699 0 1 
-13.88 1 0 
-0.53985 1 0 
2.3792 1 0 
9.9092 1 0 
10.349 0 1 
0.32122 0 1 
-1.3823 0 1 
-7.0082 0 1 
-14.394 1 0 
0.25772 1 0 
4.1441 1 0 
12.922 0 1 
6.3616 0 1 
1.573 1 0 
4.2017 1 0 
14.872 0 1 
3.913 0 1 
-0.85572 0 1 
-3.9576 0 1 
-15.199 1 0 
-3.5778 1 0 
1.6757 1 0 
6.6337 1 0 
14.227 0 1 
1.9328 0 1 
-0.1593 0 1 
-1.0588 0 1 
-6.8488 0 1 
-14.852 1 0 
1.9243 1 0 
6.902 1 0 
12.296 0 1 
5.1422 0 1 
5.0042 1 0 
11.978 0 1 
7.2212 0 1 
3.4782 1 0 
8.5141 1 0 
11.705 0 1 
3.0634 1 0 
4.084 1 0 
12.898 0 1 
6.4412 0 1 
1.3227 1 0 
3.3337 1 0 
13.895 0 1 
5.3163 0 1 
-1.2084 0 1 
-5.0825 0 1 
-15.051 1 0 
-3.0307 1 0 
0.44104 1 0 
2.3646 1 0 
12.465 0 1 
6.9132 0 1 
-2.3402 0 1 
-7.6981 0 1 
-12.582 1 0 
-3.1219 0 1 
-3.2778 0 1 
-11.433 1 0 
-8.3693 1 0 
-0.98619 0 1 
-1.3468 0 1 
-7.0014 0 1 
-14.463 1 0 
0.59675 1 0 
4.7794 1 0 
13.231 0 1 
5.7122 0 1 
2.2033 1 0 
6.5611 1 0 
14.18 0 1 
2.2654 0 1 
0.35439 1 0 
1.2506 1 0 
7.8904 1 0 
13.208 0 1 
-2.1808 0 1 
-7.1652 0 1 
-12.326 1 0 
-4.7307 0 1 
-4.9156 0 1 
-12.244 1 0 
-6.9371 1 0 
-3.163 0 1 
-8.118 0 1 
-12.244 1 0 
-2.8065 0 1 
-3.1604 0 1 
-11.48 1 0 
-8.3212 1 0 
-0.70001 1 0 
-0.47829 0 1 
-2.5702 0 1 
-14.683 1 0 
-4.1346 1 0 
4.0606 1 0 
10.366 0 1 
9.2255 0 1 
3.8579 1 0 
7.5095 1 0 
12.421 0 1 
4.05 1 0 
4.4421 1 0 
12.414 0 1 
6.922 0 1 
2.3352 1 0 
6.1431 1 0 
14.311 0 1 
2.8638 0 1 
0.83002 1 0 
3.1558 1 0 
14.773 0 1 
4.2105 0 1 
-2.651 0 1 
-8.7526 0 1 
-11.558 1 0 
-2.4715 0 1 
-3.1725 0 1 
-11.866 1 0 
-7.8399 1 0 
-0.41292 1 0 
0.25992 1 0 
1.5395 1 0 
10.421 0 1 
9.2552 0 1 
-3.5559 0 1 
-8.965 0 1 
-10.593 1 0 
-4.6036 0 1 
-7.0108 0 1 
-12.303 1 0 
-5.1271 1 0 
-5.0021 0 1 
-11.989 1 0 
-7.2089 1 0 
-3.4678 0 1 
-8.5047 0 1 
-11.719 1 0 
-3.0531 0 1 
-4.0545 0 1 
-12.869 1 0 
-6.4843 1 0 
-1.298 0 1 
-3.2299 0 1 
-13.699 1 0 
-5.5559 1 0 
1.2304 1 0 
5.1423 1 0 
14.985 0 1 
3.069 0 1 
-0.29345 0 1 
-1.7632 0 1 
-10.13 1 0 
-9.9027 1 0 
2.2025 1 0 
7.2288 1 0 
12.735 0 1 
3.8729 1 0 
3.886 1 0 
11.868 0 1 
7.7409 0 1 
1.8278 1 0 
4.2069 1 0 
14.482 0 1 
4.4177 0 1 
-0.28879 0 1 
-1.9072 0 1 
-10.361 1 0 
-9.6353 1 0 
1.8451 1 0 
6.5853 1 0 
13.401 0 1 
3.7593 0 1 
2.8461 1 0 
9.8145 1 0 
10.427 0 1 
1.2319 0 1 
1.0544 1 0 
5.2368 1 0 
16.367 0 1 
0.51172 0 1 
-4.0686 0 1 
-12.094 1 0 
-7.3654 1 0 
-2.2753 0 1 
-5.6911 0 1 
-14.516 1 0 
-3.1922 1 0 
-0.68683 0 1 
-2.3896 0 1 
-12.642 1 0 
-6.6859 1 0 
2.4588 1 0 
7.9423 1 0 
12.314 0 1 
3.1143 1 0 
3.5526 1 0 
12.002 0 1 
7.6395 0 1 
1.1016 1 0 
2.0382 1 0 
10.072 1 0 
10.096 0 1 
-1.1236 0 1 
-5.0574 0 1 
-14.158 1 0 
-4.3347 1 0 
-1.2219 0 1 
-4.0311 0 1 
-15.354 1 0 
-3.3504 1 0 
1.8207 1 0 
7.0872 1 0 
13.752 0 1 
1.8112 0 1 
0.095854 1 0 
0.15946 1 0 
1.0798 1 0 
8.4494 1 0 
12.107 0 1 
-3.9505 0 1 
-8.8492 0 1 
-10.21 1 0 
-5.6163 0 1 
-7.8799 0 1 
-11.144 1 0 
-5.8011 0 1 
-6.7295 0 1 
-11.646 1 0 
-6.448 1 0 
-5.6134 0 1 
-11.239 1 0 
-7.7932 1 0 
-4.6956 0 1 
-9.662 0 1 
-10 1 0 
-4.1989 0 1 
-7.2361 0 1 
-12.417 1 0 
-4.579 0 1 
-4.7382 0 1 
-12.24 1 0 
-7.0202 1 0 
-2.916 0 1 
-7.521 0 1 
-12.934 1 0 
-2.7774 1 0 
-2.424 0 1 
-9.4534 0 1 
-10.948 1 0 
-0.53549 1 0 
1.0355 1 0 
5.3534 1 0 
16.253 0 1 
0.49162 0 1 
-3.9937 0 1 
-12.083 1 0 
-7.4034 1 0 
-2.1502 0 1 
-5.3257 0 1 
-14.673 1 0 
-3.376 1 0 
-0.38962 0 1 
-1.0523 0 1 
-6.472 0 1 
-15.379 1 0 
1.4345 1 0 
6.3119 1 0 
12.645 0 1 
5.302 0 1 
4.3218 1 0 
11.264 0 1 
8.3392 0 1 
2.9411 1 0 
6.6157 1 0 
13.594 0 1 
3.41 0 1 
2.3236 1 0 
8.5815 1 0 
12.068 0 1 
0.95519 0 1 
-0.50994 0 1 
-2.7277 0 1 
-14.567 1 0 
-4.3583 1 0 
3.4884 1 0 
9.8713 1 0 
9.9972 0 1 
3.2782 1 0 
5.957 1 0 
13.603 0 1 
4.3506 0 1 
2.6203 1 0 
8.7279 1 0 
11.799 0 1 
1.4952 0 1 
0.91074 1 0 
4.3046 1 0 
16.535 0 1 
1.5431 0 1 
-3.6509 0 1 
-11.139 1 0 
-8.5942 1 0 
-2.3727 0 1 
-5.1296 0 1 
-14.404 1 0 
-3.9639 1 0 
-0.83185 0 1 
-2.6698 0 1 
-13.217 1 0 
-6.0547 1 0 
2.1868 1 0 
7.5035 1 0 
12.916 0 1 
2.8145 0 1 
2.4955 1 0 
9.6456 1 0 
10.692 0 1 
0.56437 0 1 
-0.85443 0 1 
-4.5119 0 1 
-16.702 1 0 
-1.0717 1 0 
4.0157 1 0 
11.663 0 1 
7.8778 0 1 
2.5846 1 0 
6.1371 1 0 
14.102 0 1 
3.267 0 1 
1.4426 1 0 
5.4986 1 0 
15.561 0 1 
1.6089 0 1 
-2.0484 0 1 
-8.3063 0 1 
-12.424 1 0 
-0.96737 1 0 
0.67447 1 0 
3.5057 1 0 
15.988 0 1 
2.6757 0 1 
-3.5342 0 1 
-10.488 1 0 
-9.3528 1 0 
-2.7485 0 1 
-5.4537 0 1 
-14.085 1 0 
-4.1408 1 0 
-1.5771 0 1 
-5.4741 0 1 
-15.369 1 0 
-2.0135 1 0 
1.4258 1 0 
6.2194 1 0 
14.948 0 1 
1.2912 0 1 
-1.7992 0 1 
-7.7449 0 1 
-13.214 1 0 
-0.69118 1 0 
1.7134 1 0 
7.8657 1 0 
13.134 0 1 
0.16182 0 1 
-2.8167 0 1 
-11.242 1 0 
-8.6247 1 0 
-0.2934 1 0 
0.88787 1 0 
4.8733 1 0 
16.771 0 1 
0.42841 0 1 
-4.5231 0 1 
-12.224 1 0 
-7.0372 1 0 
-2.9035 0 1 
-7.4799 0 1 
-12.977 1 0 
-2.7837 1 0 
-2.3872 0 1 
-9.3288 0 1 
-11.114 1 0 
-0.54043 1 0 
1.0907 1 0 
5.5915 1 0 
16.033 0 1 
0.38964 0 1 
-3.9498 0 1 
-12.153 1 0 
-7.3345 1 0 
-2.0005 0 1 
-4.9471 0 1 
-14.774 1 0 
-3.5833 1 0 
-0.053545 1 0 
0.41072 1 0 
2.6158 1 0 
15.565 0 1 
3.0477 0 1 
-4.8822 0 1 
-10.881 1 0 
-8.302 1 0 
-4.5986 0 1 
-9.1501 0 1 
-10.573 1 0 
-4.2646 0 1 
-6.7444 0 1 
-12.649 1 0 
-4.9145 1 0 
-4.4145 0 1 
-11.675 1 0 
-7.8216 1 0 
-2.8294 0 1 
-6.7488 0 1 
-13.59 1 0 
-3.1557 1 0 
-2.1081 0 1 
-8.0682 0 1 
-12.765 1 0 
-0.83499 1 0 
1.1593 1 0 
5.6928 1 0 
15.808 0 1 
0.65122 0 1 
-3.4319 0 1 
-11.552 1 0 
-8.1755 1 0 
-1.5205 0 1 
-3.0612 0 1 
-12.861 1 0 
-6.5902 1 0 
0.76417 1 0 
3.7687 1 0 
14.351 0 1 
4.7051 0 1 
-0.81534 0 1 
-3.8244 0 1 
-14.872 1 0 
-4.037 1 0 
1.4156 1 0 
5.7962 1 0 
14.922 0 1 
2.285 0 1 
-0.55488 0 1 
-2.8195 0 1 
-14.055 1 0 
-5.0381 1 0 
2.658 1 0 
8.5732 1 0 
11.702 0 1 
2.747 1 0 
3.5587 1 0 
12.386 0 1 
7.1681 0 1 
0.79325 1 0 
1.2323 1 0 
6.684 1 0 
14.943 0 1 
-0.73101 0 1 
-5.149 0 1 
-13.151 1 0 
-5.5942 1 0 
-2.7492 0 1 
-8.1471 0 1 
-12.402 1 0 
-2.1147 1 0 
-1.7916 0 1 
-7.778 0 1 
-13.25 1 0 
-0.21056 1 0 
2.7601 1 0 
11.079 0 1 
8.8324 0 1 
0.29593 0 1 
-0.94625 0 1 
-5.1476 0 1 
-16.577 1 0 
-0.26849 1 0 
4.5094 1 0 
12.355 0 1 
6.8911 0 1 
2.7549 1 0 
7.237 1 0 
13.273 0 1 
2.7081 0 1 
1.9622 1 0 
7.9138 1 0 
13.011 0 1 
0.58333 0 1 
-1.8425 0 1 
-8.3808 0 1 
-12.431 1 0 
-0.0692 1 0 
2.7552 1 0 
11.269 0 1 
8.5901 0 1 
0.094887 0 1 
-1.4825 0 1 
-7.718 0 1 
-13.436 1 0 
0.71289 1 0 
4.7218 1 0 
13.464 0 1 
5.4531 0 1 
1.8424 1 0 
5.6009 1 0 
14.999 0 1 
2.4818 0 1 
-0.51532 0 1 
-2.6523 0 1 
-13.541 1 0 
-5.6334 1 0 
2.5691 1 0 
8.302 1 0 
11.985 0 1 
2.871 1 0 
3.5096 1 0 
12.163 0 1 
7.4474 0 1 
0.88347 1 0 
1.4169 1 0 
7.514 1 0 
13.751 0 1 
-0.89394 0 1 
-5.135 0 1 
-13.434 1 0 
-5.2416 1 0 
-2.3694 0 1 
-7.3651 0 1 
-13.391 1 0 
-1.9479 1 0 
-0.64937 0 1 
-2.7674 0 1 
-14.322 1 0 
-4.6824 1 0 
3.1094 1 0 
9.3448 1 0 
10.707 0 1 
3.0031 1 0 
4.8763 1 0 
13.68 0 1 
5.1356 0 1 
1.6747 1 0 
5.2306 1 0 
15.254 0 1 
2.5592 0 1 
-0.91898 0 1 
-4.2647 0 1 
-15.771 1 0 
-2.6668 1 0 
2.2454 1 0 
8.3694 1 0 
12.226 0 1 
1.6157 0 1 
0.8982 1 0 
4.1598 1 0 
16.438 0 1 
1.7992 0 1 
-3.5217 0 1 
-10.882 1 0 
-8.9267 1 0 
-2.3472 0 1 
-4.842 0 1 
-14.325 1 0 
-4.2909 1 0 
-0.72708 0 1 
-2.1151 0 1 
-11.286 1 0 
-8.4026 1 0 
2.0342 1 0 
6.9893 1 0 
13.184 0 1 
3.4431 0 1 
2.9207 1 0 
10.282 0 1 
9.8357 0 1 
1.0675 0 1 
0.9069 1 0 
4.6237 1 0 
16.752 0 1 
0.84994 0 1 
-4.1915 0 1 
-11.877 1 0 
-7.5702 1 0 
-2.6949 0 1 
-6.6158 0 1 
-13.769 1 0 
-3.0521 1 0 
-1.7661 0 1 
-6.9052 0 1 
-14.244 1 0 
-0.96571 1 0 
1.7879 1 0 
7.9062 1 0 
13.04 0 1 
0.42996 0 1 
-2.1927 0 1 
-9.5567 0 1 
-10.824 1 0 
-0.066399 1 0 
2.2224 1 0 
10.127 0 1 
10.058 0 1 
-0.42506 0 1 
-3.3145 0 1 
-12.956 1 0 
-6.4791 1 0 
0.16228 1 0 
1.8037 1 0 
9.4688 1 0 
10.913 0 1 
-1.3159 0 1 
-5.5575 0 1 
-13.883 1 0 
-4.2885 1 0 
-2.0014 0 1 
-6.8711 0 1 
-14.094 1 0 
-1.5814 1 0 
0.59043 1 0 
3.014 1 0 
14.829 0 1 
4.1176 0 1 
-3.0481 0 1 
-9.4126 0 1 
-10.683 1 0 
-2.7664 0 1 
-4.4581 0 1 
-13.611 1 0 
-5.4307 1 0 
-1.1936 0 1 
-3.3814 0 1 
-14.279 1 0 
-4.8381 1 0 
1.5483 1 0 
6.0973 1 0 
14.538 0 1 
2.4749 0 1 
0.15478 1 0 
0.27732 1 0 
1.8217 1 0 
12.736 0 1 
6.0757 0 1 
-4.6506 0 1 
-10.041 1 0 
-9.1634 1 0 
-5.0551 0 1 
-8.7301 0 1 
-10.757 1 0 
-4.9381 0 1 
-7.0446 0 1 
-12.076 1 0 
-5.4525 1 0 
-5.343 0 1 
-11.905 1 0 
-7.1378 1 0 
-3.9695 0 1 
-9.3683 0 1 
-10.609 1 0 
-3.3601 0 1 
-5.5608 0 1 
-13.566 1 0 
-4.801 1 0 
-2.4945 0 1 
-8.0373 0 1 
-12.634 1 0 
-1.7126 1 0 
-0.8117 0 1 
-3.6766 0 1 
-16.067 1 0 
-2.5377 1 0 
3.3925 1 0 
10.398 0 1 
9.5067 0 1 
2.5335 1 0 
4.8712 1 0 
14.14 0 1 
4.524 0 1 
1.0372 1 0 
3.2295 1 0 
14.308 0 1 
4.7982 0 1 
-1.9239 0 1 
-7.0867 0 1 
-13.553 1 0 
-2.3615 1 0 
-1.1653 0 1 
-4.9133 0 1 
-16.116 1 0 
-1.5335 1 0 
2.8784 1 0 
10.177 0 1 
9.9284 0 1 
1.5091 1 0 
2.0639 1 0 
9.5485 1 0 
10.836 0 1 
-0.55318 0 1 
-3.8009 0 1 
-13.452 1 0 
-5.8121 1 0 
-0.34596 1 0 
-0.14487 0 1 
-0.81889 0 1 
-6.1222 0 1 
-16.096 1 0 
2.5968 1 0 
7.676 1 0 
11.238 0 1 
5.7552 1 0 
6.5908 1 0 
11.719 0 1 
6.4787 0 1 
5.4382 1 0 
11.162 0 1 
7.9807 0 1 
4.5205 1 0 
9.3463 1 0 
10.407 0 1 
4.0958 1 0 
6.7337 1 0 
12.763 0 1 
4.7387 0 1 
4.2139 1 0 
11.589 0 1 
7.9887 0 1 
2.5722 1 0 
6.0309 1 0 
14.152 0 1 
3.3402 0 1 
1.3983 1 0 
5.2768 1 0 
15.674 0 1 
1.7743 0 1 
-2.0558 0 1 
-8.2467 0 1 
-12.485 1 0 
-1.0709 1 0 
0.47428 1 0 
2.5375 1 0 
13.952 0 1 
5.0514 0 1 
-3.3634 0 1 
-9.5578 0 1 
-10.356 1 0 
-3.3562 0 1 
-5.7779 0 1 
-13.567 1 0 
-4.5972 1 0 
-2.6224 0 1 
-8.5465 0 1 
-12.01 1 0 
-1.6205 1 0 
-1.0557 0 1 
-4.9217 0 1 
-16.384 1 0 
-1.057 1 0 
3.571 1 0 
11.374 0 1 
8.3504 0 1 
1.9889 1 0 
4.2926 1 0 
14.349 0 1 
4.554 0 1 
0.018281 0 1 
-0.75829 0 1 
-4.6045 0 1 
-17.283 1 0 
0.054108 1 0 
5.3931 1 0 
12.246 0 1 
6.5449 0 1 
4.0211 1 0 
9.9048 1 0 
10.001 0 1 
3.1914 1 0 
5.805 1 0 
13.695 0 1 
4.3747 0 1 
2.4126 1 0 
8.1112 1 0 
12.588 0 1 
1.4951 0 1 
0.39125 1 0 
1.7032 1 0 
10.598 0 1 
9.1396 0 1 
-2.9768 0 1 
-8.4067 0 1 
-11.419 1 0 
-4.0937 0 1 
-5.6816 0 1 
-13.001 1 0 
-5.4961 1 0 
-3.3561 0 1 
-9.5992 0 1 
-10.561 1 0 
-2.3136 0 1 
-3.6177 0 1 
-12.982 1 0 
-6.4295 1 0 
-0.36642 1 0 
-0.031212 0 1 
-0.13058 0 1 
-0.99648 0 1 
-8.3342 0 1 
-12.203 1 0 
4.3965 1 0 
8.9817 1 0 
9.8153 0 1 
6.0576 1 0 
8.3417 1 0 
10.523 0 1 
6.112 1 0 
7.5128 1 0 
11.072 0 1 
6.4135 1 0 
6.6423 1 0 
11.244 0 1 
7.0655 0 1 
5.8155 1 0 
10.806 0 1 
8.1851 0 1 
5.1344 1 0 
9.646 1 0 
9.8153 0 1 
4.7396 1 0 
7.9047 1 0 
11.631 0 1 
4.8773 1 0 
5.9519 1 0 
12.432 0 1 
6.0582 0 1 
4.2271 1 0 
10.556 0 1 
9.1925 0 1 
3.1802 1 0 
6.4394 1 0 
13.516 0 1 
3.8556 0 1 
2.7129 1 0 
9.3768 1 0 
10.993 0 1 
1.2496 0 1 
0.79451 1 0 
3.8922 1 0 
16.513 0 1 
1.8566 0 1 
-3.8412 0 1 
-11.115 1 0 
-8.5545 1 0 
-2.7674 0 1 
-6.0812 0 1 
-13.973 1 0 
-3.5814 1 0 
-1.816 0 1 
-6.711 0 1 
-14.384 1 0 
-1.2842 1 0 
1.3316 1 0 
6.1471 1 0 
15.2 0 1 
0.86046 0 1 
-2.6557 0 1 
-10.224 1 0 
-9.9177 1 0 
-0.84428 1 0 
-0.24328 0 1 
-1.1839 0 1 
-8.1315 0 1 
-12.779 1 0 
2.8757 1 0 
8.0028 1 0 
11.426 0 1 
4.94 1 0 
6.2364 1 0 
12.359 0 1 
5.9155 0 1 
4.5503 1 0 
11.022 0 1 
8.5418 0 1 
3.4121 1 0 
7.3731 1 0 
12.778 0 1 
3.5649 0 1 
3.5639 1 0 
11.598 0 1 
8.1294 0 1 
1.4331 1 0 
2.8253 1 0 
12.344 0 1 
7.2146 0 1 
