0.285108273739609 
0.23806793178507138 
0.2031915115625915 
0.20390067598575756 
0.2080465841553094 
0.20978877472471688 
0.20921117647019952 
0.20720205650897883 
0.20352274810551582 
0.1930001890317637 
0.17225103557380994 
0.16073888559471117 
0.15407094137379385 
0.14872987590893258 
0.14481359142755948 
0.13864984604134764 
0.13450162634785537 
0.12979239507028095 
0.12398742365949314 
0.11595402642689807 
0.1067316129790933 
0.09454710795333399 
0.08607604987293843 
0.08086606595804524 
0.07536102250566613 
0.0733670794806146 
0.06990175054662826 
0.06923230777831622 
0.06581527240850973 
0.06602485320193585 
0.06278858745173993 
0.06307613479625213 
0.06082191582140652 
0.06156644572586714 
0.059125900412074925 
0.06127600092254544 
0.05882922159520747 
0.0619846314736649 
0.06174552558338979 
0.06406066857426244 
0.06526375534366001 
0.06732636217473882 
0.06843095765666965 
0.061686299676579424 
0.059304594988097495 
0.05697054138631918 
0.055682766627578144 
0.05475021059876404 
0.05408380453235645 
0.053591372433128615 
0.053228020294070574 
0.0529793283110085 
0.05283265540510508 
0.0527668151948434 
0.052755888051733174 
0.052777886585116625 
0.052823502277088936 
0.052895863107119974 
0.05297093093302767 
0.05303373644267943 
0.05319212919985556 
0.053353318798091534 
0.053513364565571084 
0.05366084110408002 
0.053780792591304735 
0.05388379096802187 
0.053978286006477784 
0.05406310966058293 
0.05413186127610801 
0.054178725269335315 
0.0542061739311603 
0.05422624848083535 
0.05424432115391633 
0.054246993821767335 
0.05423025203161619 
0.054199959513738134 
0.05413888481153322 
0.05410512805321815 
0.05404146917187577 
0.05403230105371359 
0.05393444893913869 
0.054010141664989166 
0.05326345068749245 
0.05464346986726361 
0.053643772640727304 
0.053795281791037416 
0.05379435132364966 
