0.24503406730273233 
0.3108908844233131 
0.28876952373944326 
0.27112724611376343 
0.2572115550580032 
0.24271417697307754 
0.22605092570620466 
0.20869917198080648 
0.19321426149124954 
0.18100756406509144 
0.1717554407604588 
0.1644071804401668 
0.158130280710755 
0.1525017239481417 
0.14734486554714082 
0.14258287793866217 
0.13817041230477842 
0.1340709889639551 
0.13025209232873838 
0.1266850985923835 
0.12334566955054199 
0.12021364533966203 
0.11727251262424772 
0.11450870235699064 
0.11191090347743148 
0.10946948225181713 
0.10717602929325477 
0.10502302175447979 
0.10300357657817519 
0.10111127115022374 
0.09934001261759406 
0.09768394244897961 
0.09613736702119084 
0.09469470794452378 
0.09335046781420832 
0.0920992084440214 
0.09093553963196221 
0.08985411721949403 
0.08884964962135282 
0.08791691204596555 
0.08705076721848486 
0.08624619056416147 
0.08549829671102518 
0.08480236334890538 
0.0841538488462221 
0.08354840275737653 
0.08298187440546681 
0.08245033379000599 
0.08195012817205846 
0.08147800025224108 
0.0810312808729737 
0.08060813422624509 
0.08020778173653087 
0.07983058706446768 
0.07947788955508191 
0.07915155258465861 
0.07885331460574002 
0.0785841119104815 
0.07834353664508815 
0.07812953747844031 
0.07793840255549897 
0.07776498293353022 
0.07760305029577833 
0.07744569566407526 
0.07728575365691825 
0.07711628694372338 
0.07693111937128044 
0.07672529411522057 
0.07649527226525434 
0.07623880500835518 
0.07595467909621374 
0.07564264138915783 
0.07530353248587508 
0.07493936664635045 
0.07455319902358244 
0.07414885621007078 
0.07373064264781642 
0.07330307823911059 
0.07287066773918628 
0.07243764211783606 
0.07200761220601107 
0.07158319432530481 
0.07116581201194958 
0.07075586500159563 
0.07035325326260869 
0.06995803483795661 
0.06957095589902601 
0.06919369778575418 
0.0688288123917417 
0.06847939563742277 
0.06814859046071858 
0.06783904070843437 
0.0675524338512616 
0.06728925415378692 
0.06704880745093203 
0.06682948786167173 
0.06662917580966021 
0.06644563137858006 
0.06627678978489819 
0.06612093832321989 
0.06597680448601102 
0.06584359618753148 
0.06572102355348952 
0.06560931469660461 
0.06550922190434665 
0.06542200226066495 
0.06534935107572101 
0.06529327259292729 
0.06525589278051801 
0.06523924754903665 
0.06524510065922086 
0.06527484401909639 
0.06532950823626311 
0.06540987910429066 
0.06551669475460664 
0.0656508994016713 
0.06581394932511447 
0.06600820307701954 
0.06623747266657076 
0.06650790282370135 
0.06682951003443917 
0.06721923419500454 
0.0677076568561664 
0.0683559526900696 
0.06930172894485105 
0.0708694782830707 
0.07353933550012211 
0.07717688054705198 
0.08471169243876146 
0.09047073514122347 
0.09397964703177147 
0.09311199841876845 
0.09446512219064414 
0.09442984571706164 
0.09542506880847706 
0.09672526770215957 
0.0982139701709174 
0.10025382798359439 
0.1038609123702718 
0.10811475862424884 
0.1142123801177166 
0.10717155177727963 
0.11902217177754834 
0.08990651287829003 
0.06336024841270213 
0.06513608069636734 
0.06685722835523612 
0.06706499297426735 
0.06784647185069657 
0.06824524748626809 
0.06866345536768116 
0.06887804559185542 
0.06902101310600815 
0.06905533056146995 
0.06904206348768933 
0.0689912229281429 
0.06892974061291267 
0.0688661020037371 
0.0688085937970142 
0.06875966475311039 
0.06872177876435204 
0.06869659591060773 
0.06868671930399915 
0.0686953990180799 
0.068727005218192 
0.0687867528149007 
0.06888061479965221 
0.06901467893201135 
0.06919412009893763 
0.0694213101474396 
0.06969349207824735 
0.07000119422785002 
0.07032967051065421 
0.07066426046079909 
0.07099677597375553 
0.07132815731453043 
0.0716664396887825 
0.07202287946184291 
0.07240747592213341 
0.07282167663719265 
0.07324810390395523 
0.07364762575004398 
0.07397676399203142 
0.07421433720313879 
0.07437116510643092 
0.07447870997158454 
0.07457204352880062 
0.07468143588682433 
0.07483427260872705 
0.07506020430977979 
0.07539412798651685 
0.07587240908191277 
0.07650158328774706 
0.07713808484724696 
0.07744419658289277 
0.07791846191335813 
0.07994665959788931 
0.0850696242450345 
0.08938197550505955 
0.09802516001051388 
0.1240716729956535 
0.10061052394577633 
0.1024844119188936 
0.1053298570127784 
0.09831389290729686 
0.09871382011369503 
0.10499347516152445 
0.09769563796881618 
0.09885653421148899 
0.09755795919339352 
0.09837273550999802 
0.09660327618700418 
0.09696742638073942 
0.09571844782539286 
0.09661572725264075 
0.09467351995166437 
0.0952900447024622 
0.09418613455912028 
0.09350881696072916 
0.09251073114183192 
0.0919423325373933 
0.09114769485795127 
0.09062483608282995 
0.08996957962228483 
0.08933141341907258 
0.08854233354511619 
0.08771804631765569 
0.08716766785928333 
0.08692196408968711 
0.08671286929071734 
0.08639867648267215 
0.08605810089325318 
0.08562068088547152 
0.08320517263615386 
0.0841220953974098 
0.08900268650788183 
0.07032585167727501 
0.07125274153901773 
0.0707741065138001 
0.07060512348345538 
0.07061552057959385 
0.07048580340764861 
0.0704557669215311 
0.07036660783440536 
0.07031131735965694 
0.07024504051771095 
0.07015811459109424 
0.07016135936701776 
0.06995526882864161 
0.07024453201078076 
0.06953623557702465 
0.07024222529920296 
0.06960988560154314 
0.06996672948205324 
0.06902845278343155 
0.07005291300739522 
0.06954708196702233 
0.0686510505381833 
0.06977917024088684 
0.06959669301511952 
0.06811601091284722 
0.06967671823188458 
0.06806898294071313 
0.06811951174980728 
0.06954520108532675 
0.0678007718872502 
0.06872902003953323 
0.08213506788965373 
0.08305682685409654 
0.07078755938955993 
0.07745267495974315 
0.06952806453366582 
0.07227465662311748 
0.07990626114739652 
0.06654425717128973 
0.07198159729136124 
0.07591722553411728 
0.07059515771409182 
0.07437402829403894 
0.07137461381457126 
0.07560475043558876 
0.06685336390031137 
0.07211535889305729 
0.0813457410390227 
0.06636789404602873 
0.07102350933353369 
0.07646494828071189 
0.0670100951398002 
0.0704582071257862 
0.07358045206126573 
0.06639647046076003 
0.06954925593513774 
0.07426464380327544 
0.06533369030536687 
0.06515524706205593 
0.0710720751096193 
0.07303346363175373 
0.0650386817647936 
0.06650510286921972 
0.06684886952145115 
0.06697454904685758 
0.06687662784995416 
0.0667712367261062 
0.06669679568021268 
0.06661244769021622 
0.0664329745246797 
0.06612707496789728 
0.06604982375438712 
0.0658285345089682 
0.06587016920953238 
0.06550053465221559 
0.06580580256350854 
0.06520295339558589 
0.06554684400518725 
0.06517093518162347 
0.0652252089914417 
0.06526197520772184 
0.065602071225244 
0.06877159770117817 
0.06565906049503792 
0.06671883762332576 
0.06689484581846097 
0.06694874784280137 
0.06695012738408013 
0.0669317506011859 
0.06690587023539421 
0.06688140706596171 
0.06687049454722373 
0.06689998595965022 
0.06704971760849437 
0.06762245630931027 
0.07118258660266057 
0.062163178284526006 
0.06419013087613824 
0.0701389996216089 
0.06481416204398344 
0.06398627657667393 
0.0702378656937545 
0.06479858573107952 
0.06420906410575732 
0.07097999431674175 
0.06271730279352272 
0.0651168964931292 
0.07146628162266523 
0.059605122775195835 
0.06611361386841469 
0.06920167623078372 
0.05919769907825975 
0.06300680427280345 
0.059485843537584404 
0.06555990917503138 
0.059163321009260264 
0.0663003427420284 
0.0596455318639926 
0.06444261042235656 
0.06163754417367453 
0.06291013359280917 
0.06318680096272242 
0.06318831208164896 
0.06354460707859592 
0.06374389355408311 
0.06390294289955178 
0.06406397565834493 
0.06419210317809523 
0.06429452408217921 
0.06437803498359934 
0.06444405533996203 
0.06449492955203584 
0.06453302970882671 
0.06456013742178522 
0.06457747368403725 
0.06458563337736338 
0.06458443101904002 
0.06457265842181029 
0.0645476957910367 
0.06450487830749374 
0.06443644717969062 
0.06432977735124186 
0.06416434276765962 
0.0639066050264969 
0.06350226163094895 
0.06286857626382017 
0.06190170592098802 
0.06053224935534954 
0.058832628811002735 
0.05705145157565142 
0.055454480838381844 
0.054160720901483744 
0.0531598705125674 
0.052392614406422906 
0.05179676334967066 
0.051322919033796745 
0.05093590476056825 
0.05061172805888642 
0.050334213603233015 
0.05009241968081664 
0.04987886967422884 
0.04968838678849925 
0.04951733041847669 
0.049363090212388806 
0.049223744493441184 
0.049097824987594255 
0.048984152479139925 
0.04888172195271699 
0.048789623989277955 
0.0487069937608673 
0.04863298137040041 
0.04856673851114044 
0.048507417122363936 
0.048454176250896666 
0.048406193845576075 
0.04836268075007352 
0.04832289471073517 
0.04828615276446607 
0.04825184090307963 
0.04821942040819599 
0.048188430692579845 
0.04815848884551182 
0.04812928634240055 
0.04810058353525118 
0.048072202597873696 
0.048044019576449146 
0.048015956117139755 
0.04798797133300302 
0.047960054153740245 
0.04793221638894381 
0.04790448663740721 
0.0478769050956722 
0.04784951925865552 
0.04782238046233535 
0.04779554119052421 
0.04776905305187457 
0.047742965326853654 
0.04771732398502066 
0.04769217107854906 
0.04766754442678203 
0.047643477517336254 
0.0476199995607107 
0.047597135646722556 
0.04757490696176369 
0.0475533310354689 
0.047532421993716135 
0.04751219080186185 
0.04749264548778577 
0.04747379133877891 
0.047455631069697926 
0.04743816496228654 
0.047421390977287994 
0.04740530484210141 
0.047389900117392234 
0.0473751682463923 
0.047361098590690646 
0.04734767845621662 
0.04733489311291427 
0.04732272581133451 
0.04731115779907347 
0.04730016833968053 
0.04728973473636211 
0.047279832362520514 
0.04727043470090543 
0.04726151339291151 
0.04725303829931556 
0.04724497757353601 
0.04723729774828038 
0.04722996383623175 
0.04722293944521698 
0.047216186908069335 
0.04720966742717218 
0.047203341233419946 
0.04719716775907516 
0.04719110582372949 
0.04718511383230267 
0.047179149983716626 
0.047173172488614995 
0.04716713979421267 
0.04716101081411435 
0.047154745160710596 
0.04714830337757058 
0.04714164716911088 
0.04713473962473577 
0.04712754543461488 
0.04712003109431728 
0.047112165095628544 
0.047103918101067295 
0.047095263099861055 
0.0470861755434587 
0.04707663345900856 
0.047066617539634654 
0.04705611121076233 
0.04704510067218696 
0.0470335749159993 
0.04702152572090918 
0.04700894762388597 
0.04699583787038076 
0.046982196344694166 
0.046968025482294715 
0.04695333016607353 
0.04693811760864849 
0.04692239722289315 
0.04690618048288664 
0.046889480777431214 
0.04687231325821995 
0.046854694684609746 
0.046836643266821146 
0.046818178509218274 
0.04679932105514749 
0.04678009253463172 
0.04676051541603117 
0.046740612862597807 
0.04672040859468454 
0.04669992675820194 
0.046679191799768094 
0.0466582283488643 
0.046637061107189036 
0.046615714745296855 
0.046594213806526265 
0.046572582618142566 
0.04655084520956242 
0.04652902523748456 
0.046507145917708326 
0.04648522996340555 
0.0464632995295827 
0.046441376163475545 
0.04641948076059919 
0.04639763352619124 
0.04637585394178157 
0.046354160736634877 
0.04633257186381506 
0.046311104480637855 
0.04628977493327934 
0.046268598745323394 
0.046247590610033744 
0.0462267643861492 
0.046206133097000834 
0.046185708932754845 
0.04616550325559493 
0.04614552660764669 
0.04612578872146044 
0.046106298532861544 
0.046087064195977225 
0.04606809310025424 
0.04604939188927283 
0.046030966481170964 
0.046012822090486544 
0.045994963251231466 
0.04597739384101245 
0.04596011710601634 
0.04594313568668079 
0.045926451643883606 
0.04591006648547908 
0.04589398119303125 
0.04587819624859062 
0.045862711661377446 
0.04584752699424293 
0.04583264138979065 
0.045818053596048576 
0.045803761991598434 
0.045789764610077645 
0.04577605916397682 
0.04576264306767465 
0.045749513459653966 
0.045736667223860564 
0.04572410101016751 
0.04571181125392659 
0.045699794194588104 
0.04568804589338295 
0.04567656225006532 
0.0456653390187232 
0.04565437182266775 
0.04564365616841623 
0.04563318745879095 
0.04562296100515755 
0.04561297203883001 
0.0456032157216711 
0.04559368715592199 
0.04558438139329214 
0.045575293443345224 
0.045566418281214896 
0.04555775085468609 
0.04554928609067893 
0.04554101890116689 
0.04553294418856743 
0.045525056850637444 
0.04551735178490754 
0.04550982389268751 
0.04550246808267424 
0.04549527927419303 
0.04548825240010101 
0.04548138240938172 
0.04547466426945625 
0.045468092968238207 
0.04546166351595625 
0.04545537094676753 
0.04544921032018413 
0.045443176722334035 
0.04543726526707645 
0.045431471096989466 
0.04542578938424943 
0.04542021533141769 
0.04541474417215115 
0.04540937117185185 
0.04540409162827089 
0.045398900872076785 
0.045393794267405765 
0.045388767212402724 
0.04538381513976511 
0.04537893351730162 
0.04537411784851406 
0.04536936367321527 
0.04536466656818639 
0.04536002214789041 
0.04535542606524307 
0.0453508740124513 
0.045346361721928394 
0.04534188496728989 
0.04533743956443726 
0.04533302137273682 
0.04532862629629638 
0.04532425028534848 
0.045319889337740664 
0.045315539500538606 
0.045311196871746645 
0.04530685760214658 
0.04530251789725697 
0.045298174019416264 
0.04529382228998988 
0.04528945909170019 
0.045285080871081726 
0.045280684141057966 
0.045276265483638466 
0.04527182155273426 
0.04526734907708727 
0.04526284486330861 
0.04525830579902098 
0.045253728856098976 
0.04524911109399901 
0.04524444966317069 
0.04523974180854061 
0.04523498487305758 
0.04523017630128807 
0.04522531364304973 
0.04522039455706788 
0.04521541681464342 
0.0452103783033136 
0.045205277030491785 
0.04520011112706778 
0.04519487885095155 
0.04518957859054081 
0.04518420886809527 
0.045178768342996105 
0.04517325581486997 
0.04516767022656071 
0.04516201066692455 
0.04515627637343019 
0.045150466734543634 
0.045144581291875804 
0.0451386197420766 
0.04513258193845363 
0.04512646789229746 
0.04512027777389831 
0.0451140119132353 
0.04510767080032487 
0.045101255085213024 
0.0450947655776021 
0.0450882032460968 
0.045081569217065756 
0.045074864773107556 
0.04506809135111874 
0.045061250539958644 
0.04505434407771252 
0.045047373848551085 
0.04504034187919252 
0.04503325033497073 
0.04502610151551772 
0.045018897850069746 
0.04501164189240929 
0.04500433631545604 
0.04499698390552297 
0.04498958755625372 
0.04498215026226333 
0.04497467511249861 
0.044967165283343935 
0.04495962403149537 
0.04495205468662503 
0.04494446064386472 
0.04493684535613328 
0.04492921232633451 
0.04492156509945481 
0.04491390725458544 
0.04490624239690165 
0.04489857414962169 
0.04489090614597796 
0.044883242021224054 
0.044875585404708165 
0.04486793991203545 
0.044860309137348446 
0.044852696645748376 
0.04484510596588093 
0.044837540582710486 
0.044830003930502786 
0.04482249938603777 
0.04481503026207027 
0.044807599801056266 
0.044800211169161525 
0.044792867450565696 
0.044785571642075965 
0.044778326648061424 
0.04477113527571778 
0.04476400023067007 
0.044756924112921814 
0.044749909413152975 
0.044742958509372696 
0.044736073663927615 
0.04472925702086539 
0.04472251060365537 
0.04471583631325956 
0.04470923592655471 
0.044702711095097256 
0.04469626334422633 
0.044689894072496975 
0.04468360455143558 
0.0446773959256068 
0.04467126921298403 
0.04466522530560801 
0.04465926497052756 
0.04465338885100408 
0.04464759746796947 
0.04464189122172477 
0.044636270393862705 
0.04463073514940223 
0.04462528553911965 
0.04461992150206155 
0.04461464286822521 
0.044609449361391725 
0.04460434060209752 
0.04459931611072961 
0.04459437531073102 
0.04458951753190122 
0.04458474201378015 
0.04458004790910166 
0.044575434287303636 
0.04457090013808231 
0.044566444374981175 
0.0445620658390008 
0.044557763302221456 
0.04455353547142582 
0.04454938099171565 
0.0445452984501118 
0.0445412863791287 
0.044537343260317996 
0.04453346752777249 
0.04452965757158531 
0.04452591174125627 
0.04452222834904397 
0.04451860567325472 
0.044515041961467244 
0.04451153543368672 
0.044508084285427726 
0.044504686690721176 
0.04450134080504353 
0.044498044768166 
0.04449479670692284 
0.04449159473789602 
0.04448843697001795 
0.04448532150708732 
0.044482246450202545 
0.04447920990010893 
0.04447620995946134 
0.044473244735001784 
0.04447031233965466 
0.04446741089453565 
0.04446453853088125 
0.044461693391893535 
0.04445887363450705 
0.044456077431073326 
0.04445330297097013 
0.0444505484621309 
0.04444781213250065 
0.04444509223141765 
0.04444238703092039 
0.044439694826986696 
0.04443701394070082 
0.04443434271935312 
0.04443167953747503 
0.044429022797806896 
0.04442637093220442 
0.04442372240248335 
0.04442107570120411 
0.04441842935239823 
0.0444157819122383 
0.044413131969653206 
0.04441047814689027 
0.04440781910002366 
0.044405153519414965 
0.04440248013012467 
0.04439979769227386 
0.04439710500136375 
0.044394400888548714 
0.044391684220866846 
0.04438895390142925 
0.04438620886956981 
0.04438344810095505 
0.0443806706076575 
0.04437787543819282 
0.0443750616775214 
0.04437222844701788 
0.0443693749044057 
0.04436650024366348 
0.04436360369489865 
0.044360684524193096 
0.04435774203342141 
0.04435477556004071 
0.04435178447685596 
0.04434876819175917 
0.044345726147445495 
0.044342657821105656 
0.04433956272409607 
0.04433644040158761 
0.044333290432194396 
0.04433011242758163 
0.04432690603205571 
0.044323670922134455 
0.04432040680610166 
0.04431711342354324 
0.044313790544867504 
0.044310437970810454 
0.044307055531925446 
0.04430364308805891 
0.044300200527811744 
0.04429672776798841 
0.04429322475303251 
0.04428969145445111 
0.04428612787022613 
0.04428253402421739 
0.04427890996555124 
0.04427525576800298 
0.04427157152936735 
0.04426785737082044 
0.04426411343627424 
0.044260339891721776 
0.04425653692457476 
0.044252704742995495 
0.04424884357522036 
0.0442449536688789 
0.0442410352903061 
0.044237088723849995 
0.04423311427117545 
0.04422911225056213 
0.04422508299620083 
0.04422102685748542 
0.04421694419830334 
0.044212835396323175 
0.04420870084228232 
0.04420454093927187 
0.04420035610202339 
0.04419614675619486 
0.04419191333765784 
0.044187656291787045 
0.0441833760727506 
0.04417907314280548 
0.04417474797159396 
0.044170401035447074 
0.04416603281669028 
0.04416164380295728 
0.04415723448650768 
0.04415280536355402 
0.04414835693359491 
0.04414388969875684 
0.044139404163145865 
0.04413490083220803 
0.044130380212102104 
0.04412584280908055 
0.04412128912888643 
0.044116719676159086 
0.044112134953855985 
0.04410753546268774 
0.04410292170056675 
0.04409829416207328 
0.04409365333793573 
0.044088999714528065 
0.04408433377338517 
0.04407965599073521 
0.044074966837050325 
0.04407026677661643 
0.044065556267122094 
0.044060835759268155 
0.04405610569639577 
0.04405136651413582 
0.04404661864008027 
0.04404186249347331 
0.044037098484924306 
0.04403232701614201 
0.04402754847969218 
0.04402276325877439 
0.04401797172702394 
0.04401317424833246 
0.04400837117669285 
0.04400356285606549 
0.04399874962026478 
0.04399393179286838 
0.0439891096871491 
0.043984283606022904 
0.043979453842023085 
0.043974620677290854 
0.04396978438358692 
0.04396494522232211 
0.04396010344460662 
0.043955259291316474 
0.043950412993179366 
0.04394556477087495 
0.04394071483515217 
0.04393586338696229 
0.043931010617605716 
0.04392615670889221 
0.043921301833315156 
0.04391644615423623 
0.04391158982608243 
0.043906732994553166 
0.04390187579683611 
0.04389701836183104 
0.04389216081038371 
0.04388730325552206 
0.0438824458027029 
0.043877588550059646 
0.04387273158865539 
0.04386787500273908 
0.04386301887000395 
0.04385816326184638 
0.04385330824362586 
0.043848453874924684 
0.04384360020980634 
0.04383874729707136 
0.04383389518051261 
0.04382904389916466 
0.04382419348755144 
0.04381934397592854 
0.043814495390520215 
0.04380964775375119 
0.04380480108447327 
0.043799955398183696 
0.04379511070723794 
0.04379026702105496 
0.04378542434631517 
0.043780582687150134 
0.04377574204532504 
0.04377090242041242 
0.04376606380995743 
0.04376122620963579 
0.043756389613402384 
0.04375155401363161 
0.04374671940124916 
0.04374188576585654 
0.0437370530958461 
0.04373222137850753 
0.04372739060012881 
0.043722560746086624 
0.04371773180093095 
0.043712903748461054 
0.0437080765717957 
0.043703250253435605 
0.04369842477531987 
0.043693600118875235 
0.0436887762650609 
0.04368395319440623 
0.04367913088704501 
0.043674309322742244 
0.043669488480918735 
0.0436646683406705 
0.0436598488807836 
0.04365503007974674 
0.043650211915759664 
0.04364539436673919 
0.04364057741032203 
0.04363576102386617 
0.04363094518445007 
0.04362612986886987 
0.0436213150536355 
0.04361650071496542 
0.043611686828782414 
0.043606873370704624 
0.0436020603160413 
0.043597247639784835 
0.04359243531660414 
0.04358762332083929 
0.04358281162649391 
0.04357800020723177 
0.04357318903637125 
0.04356837808688148 
0.04356356733138089 
0.043558756742134906 
0.04355394629105576 
0.04354913594970364 
0.043544325689289176 
0.043539515480676576 
0.043534705294389624 
0.04352989510061675 
0.04352508486922027 
0.0435202745697449 
0.04351546417142883 
0.04351065364321541 
