0.23294827696688405 
0.31852575833923213 
0.3078709712629249 
0.2949746885221472 
0.2817863910987141 
0.26879904527279885 
0.25624630112074775 
0.2442786031489142 
0.23297455559448743 
0.22233210474863074 
0.2122868863894081 
0.20277790291200684 
0.19379494403541642 
0.18535667650702645 
0.17747027821684858 
0.17012179614172937 
0.16328614745535844 
0.15693642974488495 
0.15104748923452202 
0.14559597920474945 
0.14055940146904966 
0.13591534260087057 
0.13164120146349012 
0.12771431049847792 
0.12411226307338669 
0.12081329124559137 
0.1177965980188437 
0.1150425992238627 
0.11253306426128286 
0.11025116417260182 
0.10818144425544274 
0.10630974066689668 
0.1046230590999494 
0.10310943069772613 
0.10175775718644267 
0.10055765447837811 
0.09949930198918652 
0.09857330358386959 
0.09777056518716136 
0.09708219337767907 
0.09649941846632774 
0.09601354445765073 
0.09561592684479629 
0.09529797745741272 
0.09505119374064819 
0.09486720813808 
0.0947378519412921 
0.09465522726131885 
0.0946117807708319 
0.09460037352213134 
0.09461434230064267 
0.09464754938624062 
0.09469441901693801 
0.09474996008776668 
0.09480977556982086 
0.094870059791825 
0.09492758514807167 
0.09497968006825218 
0.09502420028063172 
0.09505949555555374 
0.09508437421908496 
0.09509806772502646 
0.0951001973972566 
0.09509074504059312 
0.09507002843641396 
0.09503868180951902 
0.09499764025921878 
0.0949481260456941 
0.09489163374107355 
0.09482991088488861 
0.09476493123799547 
0.09469885924272547 
0.09463400685889273 
0.09457278708922535 
0.0945176711713976 
0.09447115703357742 
0.09443575356941676 
0.09441397760073178 
0.09440834820858639 
0.09442134754634691 
0.09445529950689524 
0.09451209792803801 
0.09459269309467361 
0.09469621613539896 
0.09481857878526112 
0.09495031078183944 
0.09507322571109511 
0.09515505797117296 
0.09514002173826237 
0.09493021617940192 
0.09434660248415593 
0.09306809835373288 
0.09088772549257391 
0.08987137888584946 
0.09230351608298713 
0.09458142327631375 
0.09614675731298349 
0.09730758408600845 
0.09822085107566862 
0.09897205902993564 
0.09961247098986852 
0.10017490473214866 
0.10068137617833989 
0.10114715265400903 
0.1015830651240708 
0.10199690698213143 
0.10239432164260497 
0.10277938915975067 
0.1031550284175184 
0.1035232825391053 
0.10388552821851345 
0.104242634159091 
0.10459508450775545 
0.10494307737285923 
0.1052866047417116 
0.10562551758743556 
0.10595957827434893 
0.10628850134404491 
0.10661198329031905 
0.10692972192410062 
0.10724142627436034 
0.10754681851207715 
0.10784562994582815 
0.10813759356079715 
0.10842243575414875 
0.10869986982962271 
0.10896959349088184 
0.10923129209031403 
0.1094846488146765 
0.10972936234318102 
0.10996517175462064 
0.11019188748880733 
0.11040942587585752 
0.11061784311697706 
0.11081736286017149 
0.11100839031511955 
0.11119150634025045 
0.11136743846580868 
0.11153701302469218 
0.11170110190290486 
0.11186058421556254 
0.1120163411259849 
0.11216928788256696 
0.11232042615860528 
0.11247088483023221 
0.11262191975730226 
0.11277486242867332 
0.11293103091331891 
0.11309163043835438 
0.1132576700571038 
0.11342991104073784 
0.11360884998351993 
0.11379473072958846 
0.1139875755011345 
0.11418722576161505 
0.11439338544045607 
0.1146056616879259 
0.11482360053319897 
0.11504671642693852 
0.11527451568708202 
0.11550651446330319 
0.11574225213441912 
0.1159813011722643 
0.11622327453310802 
0.1164678316361832 
0.11671468400350604 
0.1169636017014129 
0.11721442187223209 
0.11746706089928477 
0.11772153211948377 
0.11797797144555125 
0.11823667361021294 
0.1184981414959532 
0.11876314895611992 
0.11903281114202836 
0.11930864128805012 
0.11959254421986791 
0.11988665606283565 
0.12019291285232342 
0.12051228862324771 
0.1208438682220565 
0.12118424873313303 
0.12152784555761703 
0.12186818143904816 
0.12219948773354321 
0.12251775590349653 
0.12282092060706304 
0.12310846665467974 
0.12338090902599766 
0.12363940368931636 
0.12388552533661074 
0.12412114592768991 
0.12434834534724835 
0.12456931881205469 
0.12478627479525786 
0.12500133129781316 
0.12521642102311664 
0.1254332136629598 
0.12565306008453847 
0.12587696031567128 
0.12610555517381045 
0.12633913996884172 
0.12657769755769932 
0.12682094687601683 
0.1270684019572694 
0.12731943567843312 
0.12757334237926868 
0.12782939422240153 
0.12808688754562447 
0.12834517716756316 
0.1286036982725258 
0.12886197684603104 
0.12911963053153291 
0.12937636222973276 
0.1296319488344747 
0.12988622728081894 
0.1301390796434177 
0.13039041841861987 
0.13064017240286283 
0.1308882728228935 
0.13113463870441586 
0.13137916001106412 
0.13162167681136047 
0.13186195209870416 
0.13209963333759678 
0.1323341903355009 
0.13256480067962717 
0.1327901265161886 
0.13300789251620035 
0.1332141459427175 
0.13340204032312877 
0.1335597697718444 
0.13366637203452605 
0.1336816404801777 
0.13352150290810616 
0.13296079300797106 
0.13086945036955652 
0.13663387320150494 
0.13840127873273192 
0.1399874781099452 
0.14000903978584592 
0.13964208996016328 
0.13929671727375853 
0.13908019441808117 
0.1389904160509336 
0.13900117367254722 
0.13908778384850917 
0.13923207117495598 
0.13942152819516154 
0.1396475880174033 
0.13990427618643095 
0.14018734531155347 
0.14049374371557669 
0.14082127728579066 
0.14116837236998336 
0.1415338844737328 
0.14191692170715847 
0.14231667380584323 
0.14273226771680847 
0.14316271650139037 
0.1436070886906808 
0.1440650807119758 
0.14453818108557456 
0.14503151829900526 
0.145556196094888 
0.14613105959995656 
0.14678062937446995 
0.14752351425729868 
0.1483510930508516 
0.1492157636282295 
0.1500530074442905 
0.15082351105943745 
0.151531931970752 
0.15218035866332064 
0.15260121746628683 
0.15135944448748234 
0.1536216592134787 
0.15710901447733458 
0.15881158823594532 
0.15998670972616175 
0.1616089127930312 
0.16322925752638304 
0.16429612710385091 
0.16419288617942812 
0.17023078394502864 
0.1720651276735077 
0.17314959924448606 
0.1755564793175377 
0.1769589530848074 
0.17664700555974747 
0.17840972670702815 
0.18271999563987873 
0.18488609817115412 
0.18758053618556797 
0.18916127726957976 
0.18859382717796971 
0.19585646056785158 
0.19378933196176065 
0.19026623050948926 
0.18733101912356628 
0.18704341184302467 
0.1838865011059453 
0.1779541817762783 
0.17701842898312997 
0.18008709185137745 
0.18271794991253204 
0.178007466230167 
0.1679372195603201 
0.16657089339239145 
0.1825251930626154 
0.20320534070851254 
0.19371913229097318 
0.17480389530492543 
0.1765300965212807 
0.1706557349144655 
0.135308884624613 
0.17110094908099582 
0.15622446711078128 
0.15156621664511177 
0.14888172861128338 
0.14551036044944918 
0.13951450898679857 
0.12959912133630955 
0.12852653559070637 
0.12516512857250423 
0.12184333659614004 
0.12194447622368108 
0.12758982099569616 
0.13165003653422286 
0.13425862997619878 
0.13721558283418145 
0.14118933194038635 
0.14331384176477302 
0.1446055019795951 
0.14547033686426195 
0.14607205840512874 
0.14650900228725403 
0.14684381133053145 
0.14711457433749828 
0.14734350929518625 
0.1475435416594136 
0.1477225112102681 
0.14788551963299856 
0.14803612465940394 
0.14817692931629356 
0.1483098903411945 
0.14843650233676095 
0.14855792193501102 
0.14867505626480346 
0.14878862634995565 
0.14889921220204244 
0.14900728492711957 
0.14911322994518333 
0.14921736422236143 
0.1493199494276647 
0.14942120223425595 
0.14952130254966292 
0.14962040019726128 
0.14971862041111472 
0.1498160684028226 
0.14991283318846216 
0.15000899081415572 
0.1501046070839407 
0.15019973986951582 
0.1502944410650818 
0.15038875823966424 
0.1504827360322633 
0.15057641733056615 
0.15066984427092292 
0.15076305909508975 
0.15085610489757106 
0.15094902629587015 
0.15104187005469535 
0.15113468569395788 
0.15122752610957058 
0.15132044823559887 
0.15141351377648063 
0.15150679003904716 
0.1516003508960863 
0.15169427791659387 
0.15178866170275152 
0.151883603480666 
0.15197921700124223 
0.152075630820097 
0.1521729910417856 
0.15227146463516716 
0.15237124345480227 
0.15247254914019384 
0.15257563911315414 
0.15268081395770167 
0.15278842655206507 
0.15289889343624807 
0.15301270905177727 
0.15313046369762853 
0.15325286632901872 
0.15338077371375675 
0.15351522799695563 
0.1536575054709671 
0.15380918039214939 
0.15397220915848733 
0.1541490422483769 
0.15434277429093093 
0.15455734688026662 
0.1547978248171589 
0.15507077515884846 
0.15538479095501753 
0.15575121979156717 
0.15618518565433914 
0.15670704647670325 
0.1573445822178893 
0.15813687751199101 
0.15914465459234614 
0.16048745721819094 
0.1622451795071413 
0.16507401633424817 
0.1675993356455106 
0.16598822917493766 
0.17495984919571572 
0.17144093855330447 
0.16979055261326426 
0.16122712297977493 
0.15726958564516877 
0.15570598573580108 
0.1570547091679318 
0.1551481113343617 
0.1537213367019663 
0.15304013080914 
0.15264037114243006 
0.15185248945927665 
0.15131850308205524 
0.1495683624526329 
0.15484491282634258 
0.15158053120786225 
0.1520295803051799 
0.1539229430744411 
0.1540778469159786 
0.15331420702561133 
0.15240991725195677 
0.15150145371661777 
0.15050674806194933 
0.149299291506156 
0.14597815970372635 
0.15209328256362778 
0.1489019310443376 
0.14613000964565037 
0.14408879358518256 
0.14023979983038318 
0.14515135445756855 
0.1481253369100964 
0.14670162861320696 
0.1518864179954501 
0.1505886527159836 
0.1443302299178913 
0.1427215042610653 
0.14227130868728682 
0.14254556566933713 
0.14334116741720918 
0.14409043683626993 
0.1442502658724723 
0.14540343347096618 
0.14682896500150952 
0.14647994233161987 
0.14540762171998428 
0.14420584108699325 
0.14354252278904775 
0.14365612912503609 
0.1439246696555539 
0.14405363299564491 
0.1443964987664396 
0.14444770218572972 
0.14336677386313312 
0.1415754866790531 
0.14035684026572803 
0.142112941413219 
0.1421413266804923 
0.141826039873517 
0.14145299744688575 
0.14110638224880195 
0.1408155119398001 
0.14058498318791937 
0.14041062108290936 
0.1402863127489441 
0.14020640483124308 
0.14016675847550283 
0.14016626636371862 
