0.06816848189665842 
0.06445388345926142 
0.060926143009541765 
0.05757735468373236 
0.054399803438232065 
0.05138597516432595 
0.04852856494239061 
0.045820483564297625 
0.04325486245428963 
0.04082505711838366 
0.03852464925061305 
0.03634744762139943 
0.03428748786928092 
0.03233903131232292 
0.030496562889993056 
0.028754788340272557 
0.027108630710443282 
0.025553226293476436 
0.024083920075360685 
0.022696260772145288 
0.021385995529017578 
0.02014906434744386 
0.01898159430033791 
0.0178798935894134 
0.016840445493363627 
0.01585990225030308 
0.014935078913025554 
0.01406294721107853 
0.01324062944942852 
0.012465392469592971 
0.011734641695529978 
0.011045915283302486 
0.010396878390550182 
0.009785317579099433 
0.009209135361603756 
0.008666344900916164 
0.00815506486893618 
0.007673514469932479 
0.007220008631795756 
0.006792953367319728 
0.00639084130641455 
0.006012247399119332 
0.005655824788384439 
0.005320300850822271 
0.00500447340297012 
0.004707207070056892 
0.004427429813804732 
0.004164129615420466 
0.003916351309628532 
0.003683193565359222 
0.0034638060085255295 
0.003257386482194271 
0.003063178439370054 
0.002880468463567005 
0.002708583912328895 
0.0025468906788759073 
0.0023947910670968184 
0.002251721775167247 
0.0021171519831552675 
0.00199058154006844 
0.0018715392459041941 
0.00175958122437984 
0.0016542893821433373 
0.0015552699503939126 
0.0014621521049760302 
0.0013745866611454916 
0.001292244839345466 
0.0012148170984671745 
0.0011420120332091457 
0.001073555332285719 
0.001009188794370429 
9.486693987936031E-4 
