3.0026471082266935 
1.958359848223599 
1.7168867210932015 
1.5190361717975498 
1.3248911439636022 
1.1499225084176021 
1.0161935135436337 
0.9283308033348003 
0.874705522842198 
0.8407025322760304 
0.817179497554428 
0.7994919609278068 
0.7852596101506836 
0.7731761362472033 
0.7624773608125595 
0.7526917943002502 
0.74351358802333 
0.7347331247626898 
0.7261965880931617 
0.7177806242578412 
0.7093749454704726 
0.7008691570320931 
0.6921421234958774 
0.6830537037279109 
0.6734402309703074 
0.6631170556105436 
0.651893533522943 
0.6396061501538784 
0.6261702956939463 
0.6116385151701933 
0.5962397144048851 
0.5803743925332516 
0.5645598870618677 
0.5493424297234548 
0.5352043419359336 
0.5224927461763896 
0.511385555823545 
0.5018966109037799 
0.49391093640884043 
0.4872355991574331 
0.48164990798986584 
0.47694221576357765 
0.4729291979784785 
0.4694611875071814 
0.4664197383676143 
0.4637123545858085 
0.4612670828802278 
0.45902797132290235 
0.4569515175321618 
0.4550039247462312 
0.4531589553508431 
0.451396227970165 
0.44969986099054754 
0.44805740011538153 
0.44645898375403004 
0.4448967065723703 
0.4433641448904408 
0.44185601089067106 
0.4403679065821739 
0.4388961529006576 
0.4374376737194783 
0.4359899185289046 
0.43455081093066106 
0.4331187128830786 
0.4316923969104819 
0.43027102039136694 
0.42885409769129534 
0.42744146740151956 
0.426033253327357 
0.42462981913468395 
0.4232317176617061 
0.42183963676840297 
0.42045434416243044 
0.4190766338680201 
0.4177072768943067 
0.41634697825752753 
0.4149963419010025 
0.4136558443420808 
0.4123258171614548 
0.4110064378252847 
0.40969772785323233 
0.40839955704216985 
0.40711165232311325 
0.405833609844213 
0.4045649090003955 
0.40330492733283935 
0.40205295546490144 
0.4008082114982549 
0.39956985454496113 
0.39833699730605454 
0.39710871781899537 
0.39588407068202897 
0.3946620982215695 
0.3934418421965212 
0.39222235672539507 
0.3910027231683402 
0.38978206768169205 
0.3885595820672201 
0.38733454833894354 
0.386106367104888 
0.3848745893952888 
0.38363895096530864 
0.3823994073900579 
0.3811561675211401 
0.37990972219740315 
0.37866086464442184 
0.3774106989188585 
0.3761606331948739 
0.3749123557215613 
0.3736677928611902 
0.37242905056994746 
0.37119834270503277 
0.36997791126830876 
0.36876994478521063 
0.367576501244743 
0.3663994413518234 
0.36524037642030743 
0.3641006333627738 
0.362981237269578 
0.36188291033910697 
0.3608060846456097 
0.35975092550298776 
0.35871736197690524 
0.3577051213074279 
0.3567137644876961 
0.35574272086060077 
0.3547913202310215 
0.35385882156810167 
0.3529444378479719 
0.35204735694825207 
0.3511667587567042 
0.35030182881349975 
0.3494517688896914 
0.34861580493362826 
0.34779319280960874 
0.34698322222307154 
0.3461852191844571 
0.3453985473169868 
0.34462260826672814 
0.34385684142940603 
0.34310072316903645 
0.342353765669197 
0.3416155155286551 
0.34088555218885896 
0.34016348626092197 
0.33944895780365786 
0.33874163459139045 
0.33804121040009083 
0.33734740333245167 
0.33665995419634 
0.33597862494634806 
0.3353031971945573 
0.3346334707939488 
0.3339692624958758 
0.33331040468157086 
0.33265674416659813 
0.332008141076435 
0.3313644677908727 
0.3307256079545993 
0.33009145555115116 
0.32946191403731134 
0.32883689553502155 
0.3282163200778893 
0.32760011490942986 
0.3269882138302703 
0.32638055659160864 
0.32577708833236535 
0.32517775905752044 
0.32458252315527586 
0.32399133895075943 
0.3234041682941047 
0.32282097618083677 
0.3222417304025907 
0.32166640122628076 
0.3210949610999318 
0.3205273843834671 
0.3199636471028358 
0.3194037267259303 
0.3188476019588404 
0.3182952525610443 
0.3177466591782261 
0.3172018031914598 
0.31666066658159076 
0.31612323180767954 
0.315589481698463 
0.31505939935583227 
0.3145329680693791 
0.31401017124114206 
0.31349099231970284 
0.3129754147428692 
0.3124634218882006 
0.31195499703069896 
0.31145012330702604 
0.3109487836856454 
0.31045096094234115 
0.3099566376405916 
0.30946579611632125 
0.3089784184665851 
0.30849448654177614 
0.30801398194097246 
0.307536886010079 
0.30706317984243425 
0.30659284428159084 
0.306125859925995 
0.30566220713531544 
0.3052018660381938 
0.30474481654120583 
0.30429103833885063 
0.30384051092438397 
0.3033932136013518 
0.3029491254956703 
0.3025082255681355 
0.3020704926272366 
0.3016359053421803 
0.30120444225602444 
0.3007760817988453 
0.30035080230086214 
0.2999285820054554 
0.2995093990820189 
0.2990932316386064 
0.29868005773431333 
0.298269855391374 
0.29786260260693165 
0.2974582773644579 
0.2970568576448025 
0.29665832143685433 
0.2962626467477991 
0.29586981161296205 
0.2954797941052353 
0.29509257234407743 
0.2947081245040872 
0.2943264288231525 
0.29394746361017365 
0.29357120725237035 
0.29319763822217076 
0.2928267350836955 
0.29245847649884366 
0.2920928412329854 
0.2917298081602758 
0.291369356268602 
0.29101146466416666 
0.29065611257572654 
0.29030327935849937 
0.28995294449773995 
0.2896050876120162 
0.28925968845617817 
0.28891672692404335 
0.28857618305081706 
0.2882380370152391 
0.28790226914149153 
0.2875688599008668 
0.28723778991321325 
0.2869090399481631 
0.2865825909261655 
0.28625842391932443 
0.28593652015206045 
0.2856168610015984 
0.28529942799830255 
0.28498420282585857 
0.2846711673213156 
0.28436030347500146 
0.28405159343031133 
0.2837450194833868 
0.2834405640826885 
0.28313820982847065 
0.28283793947216646 
0.2825397359156901 
0.2822435822106624 
0.2819494615575669 
0.2816573573048425 
0.2813672529479168 
0.2810791321281896 
0.28079297863196584 
0.2805087763893494 
0.2802265094730976 
0.2799461620974429 
0.2796677186168858 
0.27939116352496113 
0.27911648145298684 
0.2788436571687882 
0.2785726755754147 
0.27830352170983813 
0.2780361807416481 
0.27777063797173573 
0.27750687883097586 
0.27724488887890736 
0.2769846538024166 
0.2767261594144165 
0.2764693916525362 
0.2762143365778123 
0.2759609803733907 
0.27570930934323523 
0.2754593099108439 
0.2752109686179809 
0.2749642721234176 
0.2747192072016856 
0.2744757607418453 
0.27423391974626943 
0.2739936713294384 
0.2737550027167548 
0.2735179012433701 
0.27328235435303266 
0.27304834959694707 
0.27281587463265294 
0.2725849172229236 
0.27235546523467485 
0.27212750663789864 
0.27190102950460976 
0.27167602200781027 
0.2714524724204732 
0.27123036911454074 
0.2710097005599424 
0.2707904553236268 
0.2705726220686137 
0.2703561895530596 
0.27014114662934235 
0.2699274822431597 
0.26971518543264367 
0.269504245327492 
0.26929465114811485 
0.2690863922047924 
0.2688794578968541 
0.2686738377118644 
0.26846952122483053 
0.2682664980974138 
0.268064758077165 
0.26786429099676545 
0.26766508677328155 
0.26746713540743444 
0.26727042698287834 
0.2670749516654917 
0.2668806997026799 
0.2666876614226889 
0.2664958272339252 
0.26630518762429434 
0.2661157331605402 
0.26592745448759936 
0.26574034232796234 
0.2655543874810448 
0.26536958082256684 
0.265185913303939 
0.2650033759516594 
0.2648219598667146 
0.26464165622399255 
0.26446245627169723 
0.26428435133077516 
0.26410733279434445 
0.263931392127133 
0.2637565208649223 
0.2635827106139945 
0.26340995305059073 
0.26323823992036804 
0.26306756303786677 
0.2628979142859817 
0.2627292856154361 
0.26256166904426403 
0.26239505665729296 
0.26222944060563586 
0.26206481310618157 
0.2619011664410959 
0.2617384929573199 
0.2615767850660782 
0.261416035242386 
0.26125623602456266 
0.2610973800137489 
0.26093945987342426 
0.2607824683289323 
0.26062639816700534 
0.26047124223529255 
0.2603169934418956 
0.2601636447549006 
0.2600111892019165 
0.2598596198696172 
0.2597089299032853 
0.25955911250635516 
0.2594101609399662 
0.2592620685225115 
0.2591148286291911 
0.2589684346915718 
0.2588228801971429 
0.25867815868887806 
0.2585342637648005 
0.25839118907754827 
0.25824892833394225 
0.2581074752945564 
0.2579668237732926 
0.2578269676369545 
0.25768790080482484 
0.2575496172482466 
0.25741211099020317 
0.25727537610490425 
0.25713940671737157 
0.25700419700302707 
0.25686974118728423 
0.25673603354514085 
0.2566030684007754 
0.2564708401271423 
0.2563393431455728 
0.2562085719253767 
0.2560785209834464 
0.25594918488386237 
0.2558205582375021 
0.25569263570165085 
0.2555654119796131 
0.2554388818203294 
0.2553130400179912 
0.25518788141166293 
0.25506340088490115 
0.2549395933653799 
0.25481645382451534 
0.2546939772770953 
0.2545721587809101 
0.25445099343638333 
0.25433047638620837 
0.25421060281498575 
0.25409136794886195 
0.2539727670551712 
0.25385479544207934 
0.25373744845823326 
0.2536207214924033 
0.25350460997314034 
0.2533891093684255 
0.2532742151853267 
0.2531599229696572 
0.25304622830563334 
0.2529331268155395 
0.25282061415939244 
0.252708686034607 
0.25259733817566654 
0.2524865663537947 
0.2523763663766285 
0.2522667340878961 
0.2521576653670943 
0.25204915612916956 
0.2519412023242031 
0.25183379993709337 
0.25172694498724657 
0.251620633528267 
0.25151486164764775 
0.25140962546646706 
0.25130492113908526 
0.25120074485284494 
0.25109709282777076 
0.25099396131627727 
0.25089134660287127 
0.2507892450038639 
0.25068765286708 
0.2505865665715723 
0.2504859825273363 
0.25038589717502835 
0.25028630698568793 
0.25018720846045706 
0.25008859813030615 
0.24999047255576318 
0.24989282832663973 
0.24979566206176426 
0.24969897040871622 
0.24960275004356022 
0.24950699767058684 
0.24941171002205095 
0.24931688385791484 
0.2492225159655934 
0.24912860315970137 
0.24903514228180212 
0.24894213020015882 
0.24884956380948625 
0.24875744003071218 
0.24866575581072822 
0.24857450812215312 
0.24848369396309533 
0.24839331035691614 
0.2483033543519946 
0.2482138230214993 
0.24812471346315396 
0.24803602279901382 
0.2479477481752393 
0.24785988676187062 
0.2477724357526082 
0.24768539236459156 
0.24759875383818455 
0.2475125174367555 
0.24742668044646854 
0.2473412401760677 
0.24725619395667087 
0.24717153914155887 
0.24708727310597264 
0.24700339324690657 
0.24691989698290787 
0.24683678175387785 
0.24675404502087037 
0.2466716842658979 
0.2465896969917367 
0.24650808072173297 
0.2464268329996128 
0.24634595138929297 
0.24626543347469332 
0.24618527685955094 
0.24610547916723693 
0.24602603804057474 
0.24594695114165724 
0.24586821615167212 
0.24578983077072206 
0.24571179271764906 
0.24563409972986364 
0.2455567495631704 
0.24547973999159914 
0.24540306880723567 
0.24532673382005443 
0.24525073285775437 
0.2451750637655938 
0.24509972440622843 
0.24502471265955228 
0.24495002642253622 
0.24487566360907093 
0.24480162214981324 
0.24472789999202796 
0.2446544950994382 
0.24458140545207116 
0.24450862904610976 
0.24443616389374298 
0.24436400802302086 
0.2442921594777051 
0.2442206163171274 
0.2441493766160476 
0.24407843846450888 
0.2440077999676994 
0.2439374592458146 
0.24386741443391757 
0.24379766368180508 
0.2437282051538725 
0.24365903702897865 
0.24359015750031568 
0.24352156477527756 
0.24345325707533066 
0.24338523263588582 
0.24331748970617112 
0.24325002654910566 
0.24318284144117594 
0.2431159326723128 
0.24304929854576826 
0.2429829373779948 
0.24291684749852782 
0.24285102724986404 
0.24278547498734665 
0.2427201890790476 
0.24265516790565347 
0.24259040986035174 
0.24252591334871695 
0.24246167678860087 
0.24239769861001975 
0.24233397725504657 
0.24227051117770185 
0.24220729884384704 
0.24214433873107746 
0.24208162932861732 
0.2420191691372161 
0.24195695666904518 
0.2418949904475949 
0.24183326900757443 
0.2417717908948109 
0.241710554666152 
0.24164955888936512 
0.24158880214304174 
0.2415282830165017 
0.24146800010969657 
0.24140795203311527 
0.24134813740769367 
0.2412885548647166 
0.24122920304573167 
0.2411700806024547 
0.2411111861966832 
0.2410525185002033 
0.24099407619470625 
0.24093585797169725 
0.24087786253241275 
0.2408200885877316 
0.24076253485809207 
0.24070520007340887 
0.2406480829729879 
0.24059118230544566 
0.24053449682862765 
0.24047802530952725 
0.24042176652420694 
0.24036571925771744 
0.24030988230402156 
0.2402542544659151 
0.24019883455495109 
0.2401436213913626 
0.24008861380398916 
0.24003381063020177 
0.23997921071582723 
0.239924812915077 
0.23987061609047575 
0.23981661911278593 
0.2397628208609419 
0.23970922022197402 
0.23965581609094422 
0.2396026073708729 
0.23954959297267484 
0.23949677181508647 
0.23944414282460424 
0.2393917049354136 
0.23933945708932852 
0.2392873982357199 
0.23923552733145748 
0.23918384334084133 
0.23913234523554375 
0.23908103199453876 
0.2390299026040503 
0.23897895605748048 
0.23892819135535942 
0.23887760750527345 
0.238827203521818 
0.23877697842652498 
0.23872693124781916 
0.238677061020944 
0.2386273667879233 
0.23857784759748107 
0.23852850250501187 
0.2384793305724969 
0.23843033086847834 
0.238381502467973 
0.23833284445245287 
0.23828435590975178 
0.2382360359340592 
0.23818788362581292 
0.23813989809170802 
0.23809207844457794 
0.23804442380341825 
0.23799693329325128 
0.2379496060451725 
0.2379024411961905 
0.23785543788930388 
0.23780859527330786 
0.23776191250291043 
0.23771538873849912 
0.23766902314630353 
0.2376228148981075 
0.23757676317148 
0.2375308671494104 
0.23748512602062724 
0.23743953897913722 
0.23739410522465504 
0.23734882396201507 
0.23730369440175278 
0.23725871575934104 
0.23721388725597575 
0.237169208117579 
0.23712467757585765 
0.2370802948669866 
0.23703605923304602 
0.23699196992026375 
0.2369480261809671 
0.23690422727122765 
0.2368605724535119 
0.23681706099351105 
0.23677369216374877 
0.23673046523928692 
0.2366873795026585 
0.23664443423801335 
0.23660162873789164 
0.23655896229520285 
0.23651643421255467 
0.2364740437912129 
0.23643179034400894 
0.2363896731800601 
0.23634769162270217 
0.2363058449882507 
0.23626413261101514 
0.23622255381363758 
0.23618110794213498 
0.2361397943242893 
0.23609861231894785 
0.23605756125738386 
0.23601664051295712 
0.23597584941811195 
0.2359351873632251 
0.23589465367859974 
0.23585424777533917 
0.2358139689768388 
0.23577381672041256 
0.23573379031562378 
0.23569388923411047 
0.23565411276148707 
0.23561446041572978 
0.23557493144362393 
0.23553552542732312 
0.23549624155278723 
0.23545707949290406 
0.235418038340132 
0.23537911789775248 
0.23534031711596445 
0.23530163598787518 
0.23526307324834447 
0.23522462916968845 
0.23518630216143954 
0.23514809291004504 
0.2351099993334909 
0.23507202273678524 
0.2350341602941566 
0.23499641424009896 
0.2349587806208727 
0.23492126307516284 
0.23488385593365357 
0.23484656496677 
0.23480938188741887 
0.23477231571711846 
0.23473535416038657 
0.23469851121861318 
0.23466176843619613 
0.23462514747466798 
0.23458862037601572 
0.23455222063332598 
0.23451590557460733 
0.23447972704151734 
0.23444361949063938 
0.2344076633327176 
0.23437175733558915 
0.23433602656893585 
0.23430031389601133 
0.23426481447170683 
0.234229283248644 
0.23419402580007162 
0.2341586583037646 
0.23412366097394022 
0.23408843007531938 
0.23405372311309325 
0.234018586522906 
0.23398421979428521 
0.23394911074213212 
0.23391516608299973 
0.23387997821946757 
0.23384658991070983 
0.23381115291116872 
0.23377854196988646 
0.23374258236766463 
0.23371111479522796 
0.23367419395604266 
0.23364448165664492 
0.23360590019980354 
0.23357898074040626 
0.23353763925317736 
0.23351530842961735 
0.23346952891827824 
0.2334549871330765 
0.23340236255609 
0.2334015480532414 
