6.832773073019149 
4.976061314850151 
3.9301673823915766 
3.039875257666476 
2.573901642443401 
2.3253724540308274 
2.151635775376994 
2.000416275415296 
1.876913518782611 
1.7789526800958428 
1.6764996683050393 
1.5816771094695448 
1.5003413412212658 
1.4749493949265173 
1.5982633437997562 
1.5697526933454862 
1.4196389960715885 
1.3972902457773957 
1.3252499296697524 
1.321522938108352 
1.2299678588616965 
1.1101987917100664 
1.0733137688420042 
1.1229136872009386 
1.0338961376282823 
1.085449761150378 
0.9420837807139413 
1.0170386389363935 
0.9591667192295091 
0.9651352630803186 
0.9045288923360612 
0.8607091831427407 
0.8266614081021768 
0.8977615554603339 
0.8224059420676184 
0.9397764747923205 
0.936914796733972 
0.9904475545752424 
1.0933853732439602 
0.9179865668293673 
1.005798197552522 
0.7387406624553463 
0.8240268901068227 
0.8048636610534163 
0.7940796236262684 
0.7257472089564877 
0.7902388582811966 
0.6852271492430224 
0.8896207983830989 
0.7572432897891512 
0.9789308296280798 
1.053934042715085 
1.0332884104961728 
0.7812763890308261 
0.7765453313328344 
0.8150500611446869 
0.8282335625231922 
0.7855573307788863 
0.747357700177094 
0.6699880070158475 
0.5950839515850268 
0.6063620003155861 
0.6271469961890376 
0.6172498238584532 
0.6973329421549166 
0.7792651884821352 
0.7703271355453101 
0.6662500998103168 
0.772973001591597 
0.8484034745354193 
0.9411153650885624 
0.975999359926146 
0.8924088408958464 
1.1208544499140982 
0.7745566998625256 
0.7952436757881437 
0.8889706690964804 
0.8796521957501398 
0.8766347570071709 
0.7220346325783806 
0.905196939844295 
0.838953865848434 
0.9929750719580888 
1.1827244498329923 
0.8527451802108821 
0.9159160283509714 
0.8508906056045984 
0.7455863896978606 
0.8076668778778241 
0.6222295516127134 
0.6117290226324115 
0.5340986994731645 
0.5417759247403928 
0.4688942838780529 
0.4271607664232065 
0.4286147573069874 
0.4212514866392159 
0.44479215297803115 
0.4090469631332192 
0.4128229747408836 
0.40800511182336013 
0.4240977498793623 
0.4062698404586849 
0.42088697891953014 
0.40307354699288367 
0.41067631023955814 
0.4026315956982069 
0.4112393302139942 
0.403275329216016 
0.41193272020145594 
0.4081874820152653 
0.42249152249079513 
0.4678679599422857 
0.5996335543432121 
0.7582979037250861 
0.7923101133981465 
0.8570302043137815 
0.6436187537890959 
0.5240230789267486 
0.6119004257082868 
0.6937699758828435 
0.721066750172043 
1.1787063111732408 
0.979780058680878 
0.899728060910369 
1.1937741513671005 
0.8892801265517825 
0.8496304477280767 
0.9915855407475728 
0.9954650315121865 
0.8258854483934877 
1.2156361587454159 
1.1685558079401175 
0.9628475027998483 
0.8085698111764656 
0.6129669475729954 
0.5831406281052325 
0.6109583449353946 
0.6352507115478733 
0.5535385659182669 
0.49723154757248217 
0.5081978939341973 
0.46705778194868763 
0.4265070829577964 
0.4126742271094777 
0.41602798129240987 
0.4100742395974431 
0.4288304056416067 
0.40376581875870377 
0.4133265335147252 
0.40178037117463267 
0.4142006072367063 
0.3980591872200041 
0.4054521269773124 
0.39521843567812365 
0.40083189920721535 
0.3928913964575266 
0.397193052059029 
0.3907382528038342 
0.39371636034721913 
0.3886660791525596 
0.3904887106597604 
0.3867534566144526 
0.3877640971591674 
0.3851002165651884 
0.38562887185457323 
0.383742080768983 
0.3840091818087975 
0.38264976895484276 
0.3827753241280499 
0.38176723285342934 
0.3818115364931952 
0.38104161010023296 
0.3810358011560839 
0.3804333572954265 
0.380395123769261 
0.37991525991415354 
0.3798557080952717 
0.37946854084712195 
0.3793950708601015 
0.3790794982367034 
0.3789971176359537 
0.3787373966465056 
0.37864947929303394 
0.3784333953058581 
0.3783422289500871 
0.37816011051726917 
0.3780673121834022 
0.37791147208307757 
0.3778182741584217 
0.37768265259465517 
0.3775900633639045 
0.37746995877005496 
0.377378822984612 
0.3772706578594825 
0.3771816588032398 
0.37708276356166387 
0.3769964079915294 
0.37690482375781753 
0.37682143740376817 
0.37673574403678617 
0.3766554872903151 
0.3765746610960919 
0.37649756091373976 
0.3764208625136627 
0.3763468509538235 
0.3762737405892302 
0.3762026912154439 
0.3761327671381798 
0.3760645241859828 
0.3759974793520179 
0.3759318781964706 
0.375867470735376 
0.37580435053979494 
0.3757423840845781 
0.37568159449604094 
0.37562190523210665 
0.37556330906466895 
0.37550575715556334 
0.3754492306482178 
0.375393694414395 
0.375339126193084 
0.375285497995962 
0.37523278746826494 
0.3751809706683718 
0.3751300262851547 
0.37507993291650477 
0.3750306705399202 
0.3749822195053017 
0.374934561001025 
0.3748876766791305 
0.3748415487770591 
0.37479615997173676 
0.3747514933948658 
0.3747075325708073 
0.3746642614057056 
0.37462166415810666 
0.3745797254261834 
0.37453843013275917 
0.3744977635161988 
0.3744577111225524 
0.37441825880005014 
0.37437939269489107 
0.3743410992480076 
0.37430336519253626 
0.37426617755158237 
0.3742295236361847 
0.37419339104320354 
0.3741577676530932 
0.3741226416274216 
0.3740880014061158 
0.37405383570439865 
0.37402013350941793 
0.3739868840765702 
0.3739540769255512 
0.37392170183614915 
0.37388974884382264 
0.37385820823508187 
0.37382707054272724 
0.373796326540951 
0.3737659672403551 
0.37373598388289275 
0.3737063679367759 
0.37367711109135393 
0.3736482052519957 
0.37361964253498015 
0.37359141526242073 
0.37356351595722576 
0.3735359373381113 
0.37350867231467216 
0.3734817139825212 
0.3734550556184965 
0.3734286906759504 
0.3734026127801128 
0.3733768157235454 
0.37335129346167867 
0.3733260401084364 
0.3733010499319527 
0.37327631735037764 
0.3732518369277751 
0.3732276033701158 
0.37320361152135323 
0.3731798563596047 
0.3731563329934127 
0.37313303665810443 
0.37310996271224023 
0.37308710663414624 
0.3730644640185487 
0.3730420305732825 
0.3730198021160973 
0.37299777457154076 
0.3729759439679334 
0.37295430643442384 
0.372932858198123 
0.37291159558132386 
0.3728905149987963 
0.3728696129551621 
0.3728488860423416 
0.372828330937079 
0.37280794439854065 
0.3727877232659782 
0.37276766445646725 
0.3727477649627133 
0.37272802185092163 
0.37270843225873035 
0.37268899339321193 
0.37266970252893067 
0.3726505570060652 
0.37263155422857946 
0.37261269166246297 
0.37259396683401663 
0.3725753773281955 
0.37255692078700364 
0.3725385949079372 
0.3725203974424802 
0.37250232619464296 
0.37248437901955184 
0.3724665538220787 
0.3724488485555193 
0.37243126122030595 
0.3724137898627683 
0.3723964325739311 
0.3723791874883479 
0.37236205278297246 
0.3723450266760704 
0.37232810742615813 
0.37231129333098245 
0.37229458272652494 
0.3722779739860462 
0.37226146551915335 
0.37224505577089917 
0.37222874322091254 
0.37221252638255004 
0.3721964038020808 
0.372180374057891 
0.372164435759716 
0.37214858754789754 
0.37213282809266063 
0.3721171560934149 
0.37210157027807633 
0.37208606940241123 
0.3720706522493968 
0.37205531762860833 
0.3720400643756125 
0.3720248913513935 
0.372009797441784 
0.3719947815569224 
0.3719798426307166 
0.37196497962033354 
0.3719501915056964 
0.371935477288998 
0.3719208359942316 
0.37190626666672877 
0.3718917683727179 
0.3718773401988885 
0.37186298125197154 
0.37184869065832904 
0.371834467563559 
0.37182031113210506 
0.37180622054688145 
0.37179219500890565 
0.3717782337369442 
0.3717643359671616 
0.37175050095278245 
0.37173672796376317 
0.37172301628647036 
0.37170936522336695 
0.37169577409270443 
0.3716822422282277 
0.37166876897888446 
0.3716553537085369 
0.3716419957956885 
0.371628694633212 
0.37161544962808324 
0.37160226020112286 
0.3715891257867442 
0.3715760458327057 
0.3715630197998664 
0.37155004716194945 
0.37153712740531175 
0.37152426002871425 
0.37151144454309715 
0.37149868047136575 
0.37148596734817096 
0.3714733047197001 
0.37146069214346955 
0.37144812918812414 
0.37143561543323184 
0.37142315046909125 
0.37141073389653767 
0.37139836532675113 
0.3713860443810704 
0.3713737706908075 
0.37136154389706566 
0.3713493636505602 
0.3713372296114429 
0.37132514144912165 
0.37131309884209485 
0.3713011014777772 
0.3712891490523292 
0.37127724127049416 
0.3712653778454307 
0.3712535584985495 
0.3712417829593528 
0.37123005096527206 
0.3712183622615095 
0.3712067166008827 
0.3711951137436623 
0.3711835534574236 
0.37117203551688777 
0.3711605597037691 
0.3711491258066259 
0.37113773362070296 
0.3711263829477875 
0.37111507359605367 
0.37110380537991944 
0.3710925781198915 
0.37108139164242354 
0.3710702457797648 
0.37105914036981635 
0.3710480752559833 
0.37103705028702955 
0.3710260653169348 
0.37101512020474625 
0.37100421481443885 
0.3709933490147698 
0.37098252267913295 
0.3709717356854217 
0.37096098791588167 
0.3709502792569712 
0.3709396095992215 
0.37092897883709425 
0.37091838686884043 
0.3709078335963616 
0.3708973189250731 
0.370886842763762 
0.37087640502445113 
0.3708660056222612 
0.3708556444752752 
0.3708453215044003 
0.37083503663323597 
0.3708247897879378 
0.3708145808970846 
0.3708044098915476 
0.370794276704355 
0.37078418127056784 
0.3707741235271447 
0.37076410341281796 
0.3707541208679665 
0.37074417583448915 
0.37073426825568023 
0.37072439807611024 
0.3707145652415018 
0.370704769698612 
0.37069501139511374 
0.3706852902794813 
0.37067560630087537 
0.3706659594090315 
0.37065634955414944 
0.3706467766867853 
0.37063724075774707 
0.3706277417179894 
0.3706182795185122 
0.3706088541102632 
0.37059946544404077 
0.3705901134703995 
0.37058079813955785 
0.37057151940131355 
0.3705622772049523 
0.3705530714991665 
0.3705439022319764 
0.3705347693506512 
0.3705256728016323 
0.3705166125304648 
0.37050758848172866 
0.37049860059896955 
0.3704896488246398 
0.37048073310003954 
0.37047185336525507 
0.3704630095591117 
0.37045420161912257 
0.37044542948143827 
0.3704366930808094 
0.3704279923505407 
0.3704193272224575 
0.37041069762687256 
0.370402103492552 
0.37039354474669234 
0.37038502131489465 
0.3703765331211437 
0.37036808008779015 
0.3703596621355379 
0.3703512791834295 
0.3703429311488433 
0.37033461794748385 
0.3703263394933808 
0.3703180956988911 
0.37030988647470264 
0.37030171172983867 
0.37029357137167146 
0.37028546530593026 
0.37027739343672034 
0.37026935566653624 
0.3702613518962857 
0.3702533820253111 
0.37024544595141257 
0.3702375435708778 
0.3702296747785107 
0.3702218394676631 
0.37021403753026777 
0.3702062688568757 
0.3701985333366919 
0.37019083085761706 
0.37018316130628576 
0.37017552456811237 
0.3701679205273317 
0.37016034906704953 
0.3701528100692828 
0.3701453034150154 
0.370137828984241 
0.37013038665601633 
0.3701229763085131 
0.37011559781906783 
0.37010825106423584 
0.37010093591984466 
0.37009365226104785 
0.3700863999623781 
0.3700791788978038 
0.3700719889407822 
0.3700648299643149 
0.37005770184100323 
0.3700506044431046 
0.3700435376425828 
0.37003650131116655 
0.3700294953204038 
0.37002251954171184 
0.3700155738464353 
0.3700086581058956 
0.3700017721914451 
0.36999491597451484 
0.36998808932667016 
0.36998129211965514 
0.3699745242254462 
0.36996778551629517 
0.3699610758647781 
0.3699543951438402 
0.36994774322683793 
0.36994111998758555 
0.3699345253003923 
0.3699279590401053 
0.36992142108214493 
0.3699149113025445 
0.3699084295779837 
0.3699019757858224 
0.3698955498041329 
0.36988915151173135 
0.36988278078820186 
0.3698764375139282 
0.3698701215701163 
0.3698638328388155 
0.3698575712029426 
0.3698513365463001 
0.36984512875359066 
0.36983894771043774 
0.3698327933033919 
0.3698266654199488 
0.3698205639485544 
0.3698144887786132 
0.36980843980049394 
0.36980241690553284 
0.36979641998603496 
0.3697904489352714 
0.3697845036474822 
0.36977858401786645 
0.36977268994257684 
0.36976682131871336 
0.36976097804431035 
0.3697551600183276 
0.36974936714063245 
0.36974359931198675 
0.369737856434028 
0.3697321384092518 
0.3697264451409883 
0.3697207765333811 
0.36971513249136323 
0.36970951292063053 
0.36970391772761513 
0.36969834681945674 
0.36969280010397243 
0.3696872774896232 
0.3696817788854879 
0.36967630420122144 
0.36967085334702454 
0.3696654262336086 
0.3696600227721543 
0.36965464287427996 
0.3696492864519982 
0.3696439534176793 
0.36963864368400917 
0.36963335716395207 
0.36962809377070777 
0.36962285341766904 
0.36961763601838377 
0.3696124414865094 
0.36960726973577296 
0.3696021206799294 
0.36959699423271836 
0.3695918903078245 
0.3695868088188323 
0.36958174967919005 
0.36957671280216486 
0.3695716981008033 
0.36956670548789283 
0.36956173487592103 
0.3695567861770389 
0.36955185930302237 
0.3695469541652361 
0.369542070674596 
0.36953720874153756 
0.3695323682759803 
0.3695275491872956 
0.3695227513842752 
0.3695179747751034 
0.36951321926732633 
0.3695084847678254 
0.36950377118279226 
0.3694990784177046 
0.36949440637730363 
0.369489754965573 
0.36948512408572043 
0.36948051364015766 
0.36947592353048786 
0.369471353657489 
0.3694668039211033 
0.3694622742204249 
0.369457764453692 
0.36945327451827964 
0.3694488043106936 
0.369444353726569 
0.36943992266066666 
0.3694355110068731 
0.3694311186582046 
0.3694267455068064 
0.3694223914439634 
0.36941805636010244 
0.3694137401448035 
0.36940944268681064 
0.3694051638740408 
0.369400903593599 
0.36939666173179475 
0.369392438174156 
0.3693882328054476 
0.36938404550969106 
0.3693798761701865 
0.36937572466952934 
0.3693715908896411 
0.36936747471178516 
0.3693633760166003 
0.3693592946841182 
0.36935523059379977 
0.3693511836245565 
0.3693471536547816 
0.36934314056238177 
0.3693391442248046 
0.36933516451907183 
0.36933120132181096 
0.3693272545092849 
0.3693233239574302 
0.36931940954188264 
0.36931551113801847 
0.3693116286209816 
0.36930776186572084 
0.36930391074702507 
0.36930007513955343 
0.3692962549178727 
0.36929244995648935 
0.3692886601298856 
0.36928488531255166 
0.3692811253790179 
0.3692773802038942 
0.36927364966189574 
0.3692699336278802 
0.3692662319768786 
0.3692625445841282 
0.3692588713251034 
0.3692552120755464 
0.3692515667114982 
0.3692479351093297 
0.3692443171457667 
0.36924071269792474 
0.3692371216433314 
0.36923354385995705 
0.36922997922624207 
0.36922642762111924 
0.369222888924041 
0.3692193630150053 
0.3692158497745767 
0.369212349083911 
0.36920886082477494 
0.36920538487957216 
0.36920192113135797 
0.3691984694638632 
0.36919502976151225 
0.36919160190944 
0.36918818579350954 
0.36918478130032834 
0.36918138831726616 
0.36917800673246687 
0.36917463643486514 
0.36917127731419597 
0.3691679292610131 
0.36916459216669467 
0.3691612659234575 
0.36915795042436844 
0.3691546455633499 
0.36915135123519227 
0.3691480673355612 
0.3691447937610043 
0.3691415304089574 
0.36913827717775244 
0.36913503396662206 
0.36913180067570345 
0.3691285772060446 
0.36912536345960567 
0.3691221593392637 
0.3691189647488139 
0.3691157795929744 
0.3691126037773839 
0.36910943720860306 
0.3691062797941182 
0.3691031314423398 
0.36909999206259897 
0.3690968615651515 
0.369093739861172 
0.36909062686275645 
0.36908752248291654 
0.3690844266355791 
0.3690813392355832 
0.3690782601986753 
0.36907518944150935 
0.3690721268816402 
0.3690690724375185 
0.3690660260284904 
0.3690629875747902 
0.3690599569975353 
0.3690569342187238 
0.36905391916122593 
0.3690509117487808 
0.3690479119059924 
0.36904491955831775 
0.3690419346320692 
0.36903895705440076 
0.36903598675330845 
0.369033023657619 
0.36903006769698554 
0.36902711880188244 
0.3690241769035954 
0.3690212419342178 
0.36901831382664163 
0.36901539251455373 
0.3690124779324252 
0.36900957001550694 
0.36900666869982196 
0.3690037739221595 
0.3690008856200656 
0.36899800373183883 
0.3689951281965214 
0.36899225895389215 
0.3689893959444616 
0.3689865391094626 
0.36898368839084517 
0.3689808437312664 
0.36897800507408846 
0.3689751723633677 
0.3689723455438489 
0.36896952456095883 
0.3689667093607992 
0.3689638998901403 
0.3689610960964121 
0.3689582979277027 
0.36895550533274546 
0.368952718260916 
0.36894993666222625 
0.36894716048731657 
0.3689443896874484 
0.3689416242145008 
0.3689388640209612 
0.36893610905992275 
0.3689333592850748 
0.3689306146506974 
0.368927875111658 
0.3689251406234019 
0.36892241114195057 
0.36891968662389 
0.3689169670263721 
0.36891425230710484 
0.3689115424243445 
0.3689088373368962 
0.3689061370041044 
0.368903441385849 
0.36890075044253884 
0.36889806413510723 
0.3688953824250081 
0.36889270527420864 
0.36889003264518583 
0.3688873645009213 
0.36888470080489527 
0.36888204152108434 
0.368879386613955 
0.3688767360484578 
0.36887408979002506 
0.36887144780456577 
0.3688688100584606 
0.36886617651855713 
0.36886354715216646 
0.36886092192705866 
0.3688583008114575 
0.36885568377403827 
0.36885307078392093 
0.36885046181066944 
0.36884785682428406 
0.3688452557952011 
0.36884265869428356 
0.368840065492825 
0.3688374761625376 
0.3688348906755555 
0.3688323090044237 
0.3688297311221017 
0.36882715700195434 
0.36882458661775064 
0.36882201994365943 
0.36881945695424606 
0.36881689762446884 
0.368814341929675 
0.3688117898455978 
0.36880924134835236 
0.3688066964144332 
0.36880415502070923 
0.368801617144422 
0.36879908276318074 
0.3687965518549611 
0.3687940243980982 
0.3687915003712878 
0.3687889797535794 
0.3687864625243746 
0.3687839486634222 
0.3687814381508161 
0.368778930966994 
0.3687764270927282 
0.36877392650913027 
0.3687714291976395 
0.36876893514002557 
0.36876644431838285 
0.3687639567151274 
0.36876147231299333 
0.36875899109503113 
0.3687565130446013 
0.3687540381453738 
0.3687515663813227 
0.36874909773672476 
0.3687466321961546 
0.3687441697444827 
0.36874171036686954 
0.3687392540487647 
0.3687368007759026 
0.36873435053429904 
0.3687319033102469 
0.3687294590903145 
0.36872701786134016 
0.3687245796104302 
0.36872214432495604 
0.368719711992547 
0.36871728260109043 
0.3687148561387272 
0.36871243259384784 
0.3687100119550884 
0.3687075942113275 
0.3687051793516828 
0.36870276736550683 
0.36870035824238306 
0.36869795197212324 
0.36869554854476244 
0.3686931479505562 
0.36869075017997516 
0.3686883552237047 
0.36868596307263607 
0.3686835737178674 
0.3686811871506972 
0.36867880336261954 
0.3686764223453236 
0.3686740440906855 
0.3686716685907681 
0.3686692958378143 
0.3686669258242443 
0.36866455854265195 
0.3686621939857991 
0.3686598321466137 
0.36865747301818247 
0.3686551165937504 
0.36865276286671533 
0.36865041183062286 
0.36864806347916174 
0.36864571780616445 
0.3686433748055949 
0.36864103447155167 
0.3686386967982603 
0.3686363617800692 
0.3686340294114466 
0.3686316996869751 
0.36862937260134937 
0.368627048149369 
0.36862472632593574 
0.36862240712605093 
0.368620090544809 
0.36861777657739386 
0.3686154652190749 
0.3686131564652028 
0.36861085031120555 
0.36860854675258303 
0.3686062457849047 
0.368603947403804 
0.3686016516049753 
0.3685993583841682 
0.36859706773718504 
0.36859477965987525 
0.3685924941481327 
0.36859021119789137 
0.36858793080512126 
0.3685856529658221 
0.36858337767602317 
0.36858110493177726 
0.3685788347291565 
0.3685765670642491 
0.36857430193315516 
0.3685720393319839 
0.36856977925684864 
0.3685675217038623 
0.3685652666691359 
0.3685630141487737 
0.3685607641388702 
0.36855851663550376 
0.36855627163473864 
0.368554029132615 
0.368551789125151 
0.36854955160833536 
0.3685473165781276 
0.36854508403045205 
0.3685428539611943 
0.36854062636620194 
0.3685384012412754 
0.36853617858217175 
0.36853395838459624 
0.36853174064420047 
0.368529525356583 
0.3685273125172826 
0.36852510212177775 
0.36852289416548084 
0.36852068864374093 
0.3685184855518368 
0.3685162848849756 
0.36851408663829216 
0.3685118908068439 
0.3685096973856102 
0.36850750636949114 
0.36850531775330353 
0.3685031315317804 
0.368500947699566 
0.3684987662512196 
0.36849658718120976 
0.3684944104839108 
0.3684922361536059 
0.368490064184483 
0.36848789457063363 
0.3684857273060505 
0.3684835623846288 
0.3684813998001621 
0.3684792395463434 
0.36847708161676174 
0.36847492600490456 
0.3684727727041524 
0.3684706217077818 
0.36846847300896396 
0.36846632660076134 
0.36846418247613005 
0.36846204062791804 
0.36845990104886467 
0.3684577637316005 
0.3684556286686469 
0.36845349585241566 
0.36845136527521016 
0.368449236929223 
0.36844711080653686 
0.36844498689912614 
0.3684428651988548 
0.36844074569747853 
0.3684386283866435 
0.36843651325788723 
0.36843440030263985 
0.3684322895122229 
0.3684301808778523 
0.36842807439063563 
0.3684259700415767 
0.3684238678215736 
0.3684217677214194 
0.36841966973180695 
0.3684175738433234 
0.36841548004645763 
0.3684133883315967 
0.36841129868903005 
0.3684092111089482 
0.3684071255814461 
0.3684050420965241 
0.3684029606440882 
0.36840088121395365 
0.368398803795842 
0.36839672837939114 
0.36839465495414636 
0.3683925835095691 
0.3683905140350381 
0.3683884465198479 
0.3683863809532155 
0.36838431732427757 
0.3683822556220941 
0.368380195835652 
0.36837813795386487 
0.3683760819655765 
0.36837402785956325 
0.36837197562453455 
0.36836992524913653 
0.3683678767219542 
0.36836583003151363 
0.3683637851662839 
0.36836174211468115 
0.3683597008650676 
0.36835766140575843 
0.3683556237250207 
0.368353587811079 
0.3683515536521147 
0.3683495212362717 
0.36834749055165705 
0.3683454615863466 
0.3683434343283833 
0.3683414087657827 
0.36833938488653745 
0.36833736267861766 
0.36833534212997315 
0.3683333232285394 
0.3683313059622396 
0.3683292903189845 
0.36832727628668044 
0.3683252638532302 
0.36832325300653496 
0.36832124373449865 
0.36831923602503275 
0.3683172298660567 
0.3683152252455036 
0.36831322215132034 
0.36831122057147553 
0.36830922049396014 
0.3683072219067897 
0.3683052247980106 
0.36830322915570246 
0.3683012349679815 
0.36829924222300314 
0.36829725090896814 
0.3682952610141236 
0.36829327252676863 
0.3682912854352564 
0.3682892997279996 
0.36828731539347215 
0.3682853324202158 
0.36828335079684016 
0.36828137051202975 
0.36827939155454775 
0.36827741391323765 
0.36827543757702885 
0.36827346253494136 
0.36827148877608784 
0.368269516289679 
0.368267545065027 
0.3682655750915505 
0.36826360635877864 
0.3682616388563536 
0.3682596725740364 
0.3682577075017116 
0.3682557436293901 
0.3682537809472143 
0.36825181944546154 
0.3682498591145503 
0.3682478999450425 
0.3682459419276492 
0.36824398505323525 
0.3682420293128223 
0.36824007469759457 
0.36823812119890387 
0.36823616880827126 
0.3682342175173954 
0.36823226731815556 
0.3682303182026146 
0.3682283701630267 
0.3682264231918398 
0.36822447728170044 
0.36822253242545977 
0.368220588616178 
0.36821864584712677 
0.3682167041117974 
0.36821476340390313 
0.36821282371738523 
0.36821088504641764 
0.3682089473854115 
0.36820701072901857 
0.3682050750721395 
0.3682031404099256 
0.3682012067377849 
0.3681992740513872 
0.3681973423466669 
0.3681954116198314 
0.36819348186736217 
0.3681915530860234 
0.368189625272863 
0.36818769842521976 
0.36818577254072765 
0.36818384761731937 
0.3681819236532338 
0.36818000064701745 
0.36817807859753143 
0.3681761575039549 
0.36817423736579025 
0.36817231818286866 
0.3681703999553509 
0.36816848268373675 
0.3681665663688661 
0.3681646510119245 
0.36816273661444626 
0.36816082317832083 
0.3681589107057952 
0.3681569991994776 
0.36815508866234553 
0.36815317909774276 
0.36815127050938956 
0.36814936290138206 
0.36814745627819895 
0.3681455506447043 
0.3681436460061494 
0.36814174236817776 
0.3681398397368261 
0.36813793811853085 
0.36813603752012897 
0.3681341379488599 
0.3681322394123702 
0.36813034191871485 
0.36812844547635903 
0.36812655009418266 
0.3681246557814792 
0.36812276254795945 
0.3681208704037537 
0.36811897935941074 
0.36811708942590204 
0.3681152006146198 
0.3681133129373805 
0.36811142640642375 
0.3681095410344135 
0.3681076568344373 
0.3681057738200078 
0.36810389200505966 
0.3681020114039526 
0.3681001320314671 
0.3680982539028058 
0.36809637703359177 
0.36809450143986416 
0.36809262713808066 
0.36809075414511144 
0.3680888824782397 
0.3680870121551553 
0.3680851431939562 
0.36808327561314064 
0.36808140943160655 
0.36807954466864606 
0.36807768134394137 
0.3680758194775603 
0.3680739590899511 
0.36807210020193765 
0.36807024283471335 
0.3680683870098341 
0.3680665327492147 
0.3680646800751198 
0.3680628290101581 
0.36806097957727374 
0.3680591317997409 
0.36805728570115304 
0.36805544130541745 
0.368053598636745 
0.36805175771964027 
0.3680499185788944 
0.3680480812395743 
0.3680462457270115 
0.36804441206679517 
0.3680425802847589 
0.36804075040697 
0.3680389224597187 
0.3680370964695077 
0.36803527246303863 
0.36803345046720115 
0.3680316305090621 
0.3680298126158478 
0.3680279968149375 
0.36802618313384605 
0.3680243716002131 
0.3680225622417883 
0.3680207550864172 
0.3680189501620284 
0.3680171474966198 
0.36801534711824274 
0.3680135490549894 
0.36801175333497654 
0.36800995998633257 
0.3680081690371806 
0.36800638051562584 
0.36800459444974076 
0.3680028108675462 
0.36800102979700244 
0.367999251265988 
0.3679974753022895 
0.3679957019335824 
0.36799393118742074 
0.3679921630912171 
0.36799039767223135 
0.3679886349575538 
0.3679868749740907 
0.367985117748551 
0.36798336330742987 
0.36798161167699545 
0.36797986288327333 
0.367978116952036 
0.3679763739087838 
0.36797463377873535 
0.3679728965868127 
0.3679711623576281 
0.36796943111547137 
0.3679677028842974 
0.367965977687714 
0.36796425554896783 
0.3679625364909373 
0.36796082053611523 
0.3679591077066035 
0.36795739802409816 
0.36795569150988283 
0.3679539881848148 
0.36795228806931796 
0.3679505911833749 
0.36794889754651483 
0.36794720717780893 
0.3679455200958582 
0.3679438363187899 
0.36794215586425094 
0.3679404787493958 
0.367938804990887 
0.36793713460488586 
0.36793546760704765 
0.3679338040125179 
0.3679321438359264 
0.36793048709138637 
0.36792883379248614 
0.36792718395229096 
0.3679255375833387 
0.3679238946976378 
0.3679222553066642 
0.3679206194213629 
0.3679189870521444 
0.367917358208887 
0.36791573290093604 
0.3679141111371026 
0.36791249292566647 
0.36791087827437613 
0.3679092671904526 
0.3679076596805895 
0.36790605575095564 
0.36790445540719696 
0.36790285865444383 
0.36790126549730906 
0.3678996759398965 
0.3678980899858011 
0.36789650763811604 
0.36789492889943637 
0.36789335377186555 
0.3678917822570184 
0.36789021435602876 
0.36788865006955374 
0.36788708939778036 
0.36788553234043325 
0.3678839788967782 
0.3678824290656315 
0.3678808828453654 
0.36787934023391694 
0.36787780122879105 
0.367876265827074 
0.367874734025435 
0.36787320582013816 
0.36787168120704733 
0.3678701601816373 
0.3678686427389968 
0.36786712887384193 
0.36786561858052025 
0.36786411185302154 
0.36786260868498494 
0.36786110906970637 
0.36785961300014947 
0.3678581204689495 
0.3678566314684279 
0.36785514599059466 
0.36785366402716035 
0.36785218556954324 
0.3678507106088768 
0.3678492391360205 
0.3678477711415658 
0.3678463066158439 
0.36784484554893826 
0.3678433879306851 
0.3678419337506904 
0.36784048299833016 
0.36783903566276294 
0.3678375917329367 
0.3678361511975957 
0.36783471404528895 
0.3678332802643775 
0.367831849843042 
0.3678304227692901 
0.36782899903096383 
0.36782757861574694 
0.3678261615111722 
0.3678247477046272 
0.36782333718336296 
0.3678219299344988 
0.36782052594502984 
0.3678191252018345 
0.36781772769168053 
0.36781633340122943 
0.36781494231704454 
0.3678135544255967 
0.3678121697132695 
0.36781078816636686 
0.36780940977111604 
0.3678080345136742 
0.36780666238013676 
0.3678052933565375 
0.36780392742885687 
0.36780256458302746 
0.36780120480493783 
0.3677998480804364 
0.36779849439533835 
0.3677971437354283 
0.3677957960864655 
0.36779445143418865 
0.3677931097643194 
0.3677917710625666 
0.36779043531462907 
0.3677891025062028 
0.36778777262298096 
0.36778644565066065 
0.3677851215749417 
0.3677838003815363 
0.36778248205616904 
0.367781166584578 
0.3677798539525231 
0.3677785441457832 
0.36777723715016447 
0.36777593295149846 
0.3677746315356488 
0.3677733328885109 
0.36777203699601435 
0.3677707438441295 
0.3677694534188636 
0.36776816570626814 
0.36776688069243835 
0.3677655983635153 
0.36776431870568954 
0.36776304170520074 
0.36776176734834265 
0.3677604956214607 
0.3677592265109567 
0.3677579600032903 
0.36775669608497863 
0.3677554347425993 
0.3677541759627914 
0.3677529197322572 
0.3677516660377618 
0.3677504148661375 
0.3677491662042803 
0.3677479200391556 
0.3677466763577959 
0.36774543514730396 
0.3677441963948512 
0.367742960087682 
0.36774172621311174 
0.36774049475852755 
0.3677392657113911 
0.3677380390592358 
0.36773681478967224 
0.36773559289038377 
0.3677343733491302 
0.36773315615374647 
0.3677319412921454 
0.36773072875231505 
0.36772951852232044 
0.36772831059030475 
0.3677271049444883 
0.36772590157317003 
0.3677247004647251 
0.3677235016076086 
0.36772230499035263 
0.36772111060156937 
0.36771991842994783 
0.36771872846425585 
0.3677175406933406 
0.36771635510612666 
0.36771517169161805 
0.3677139904388973 
0.3677128113371241 
0.3677116343755371 
0.3677104595434535 
0.3677092868302685 
0.36770811622545363 
0.36770694771855916 
0.367705781299213 
0.3677046169571207 
0.3677034546820623 
0.3677022944638965 
0.367701136292559 
0.36769998015806016 
0.3676988260504869 
0.36769767396000097 
0.3676965238768396 
0.36769537579131645 
0.36769422969381743 
0.3676930855748031 
0.36769194342480843 
0.3676908032344419 
0.36768966499438444 
0.3676885286953897 
0.3676873943282832 
0.36768626188396314 
0.3676851313533984 
0.36768400272762886 
0.36768287599776417 
0.36768175115498686 
0.3676806281905453 
0.367679507095759 
0.3676783878620165 
0.36767727048077287 
0.36767615494355277 
0.367675041241947 
0.36767392936761356 
0.367672819312277 
0.3676717110677274 
0.3676706046258192 
0.3676694999784734 
0.3676683971176758 
0.3676672960354729 
0.3676661967239781 
0.36766509917536533 
0.36766400338187205 
0.3676629093357979 
0.3676618170295038 
0.367660726455409 
0.36765963760599746 
0.36765855047381035 
0.36765746505144814 
0.36765638133157147 
0.3676552993068984 
0.36765421897020545 
0.3676531403143264 
0.3676520633321514 
0.3676509880166275 
0.3676499143607584 
0.36764884235760165 
0.3676477720002706 
0.3676467032819332 
0.36764563619581064 
0.3676445707351787 
0.3676435068933644 
0.36764244466374946 
0.36764138403976576 
0.3676403250148971 
0.3676392675826788 
0.36763821173669664 
0.3676371574705861 
0.3676361047780332 
0.367635053652771 
0.3676340040885837 
0.3676329560793034 
0.36763190961880726 
0.3676308647010226 
0.3676298213199237 
0.367628779469529 
0.36762773914390384 
0.36762670033715994 
0.36762566304345334 
0.3676246272569848 
0.3676235929719988 
0.36762256018278394 
0.36762152888367206 
0.3676204990690385 
0.36761947073329987 
0.3676184438709153 
0.36761741847638496 
0.36761639454425216 
0.36761537206909806 
0.3676143510455468 
0.3676133314682614 
0.3676123133319429 
0.36761129663133424 
0.36761028136121554 
0.367609267516405 
0.3676082550917599 
0.36760724408217355 
0.3676062344825784 
0.3676052262879414 
0.3676042194932682 
0.3676032140935984 
0.367602210084009 
0.36760120745961106 
0.36760020621555173 
0.36759920634701077 
