6.919731160142546 
3.755768070175736 
1.8423093040085996 
1.0541225235331302 
0.7196581219320303 
0.5432193810959633 
0.4329216780641296 
0.3575874055926891 
0.30373641963343834 
0.26314289616193437 
0.2323013079790117 
0.20772033859810468 
0.18873872260848631 
0.17363932238211968 
0.16302414173540683 
0.15639709279253347 
0.1551995190884081 
0.15837483335699296 
0.16608731719624045 
0.16594855816405946 
0.1685364555729244 
0.15251860452154448 
0.14444963095800414 
0.1293240897601476 
0.11717674557163127 
0.1073030466353574 
0.09682839649216689 
0.09068472292628818 
0.08367084467491286 
0.07989503625096003 
0.0754099648194909 
0.07298091892253639 
0.06984825277359791 
0.0681368560281641 
0.0657198683009592 
0.06441232001513933 
0.06241854461439464 
0.0613605549337068 
0.05964890241887351 
0.05875786233108788 
0.05725484049092737 
0.05648231153343886 
0.05514773290075058 
0.054463610457645674 
0.05327457987965403 
0.05265951463891245 
0.05160163132465836 
0.05104270367139985 
0.05010488543830327 
0.049592898014253976 
0.048764614658446614 
0.04829248380205977 
0.04756271566381054 
0.047124663695308926 
0.046481924606738834 
0.04607316799551722 
0.04550599554413104 
0.04512265594605271 
0.04462016184918438 
0.04425922037607581 
0.043811505589486384 
0.043470718552752315 
0.04306910482894187 
0.042746865973895445 
0.04238396615577887 
0.0420791344559412 
0.04174880547376076 
0.04146052923756749 
0.04115775188434851 
0.04088531766638138 
0.04060604001316963 
0.04034876430542464 
0.0400897362402506 
0.03984690450451598 
0.03960552137597747 
0.03937636768729142 
0.03915053283409928 
0.038934247275927245 
0.03872225720341351 
0.03851800741713244 
0.03831845960059465 
0.03812541575167371 
0.0379371369909397 
0.03775449356287174 
0.03757648586114499 
0.03740347742166366 
0.037234878066722606 
0.03707078870597048 
0.03691084134133459 
0.03675500882145152 
0.03660304266149157 
0.03645485875706897 
0.03631027360671904 
0.03616918203478953 
0.036031437317652244 
0.03589693035349606 
0.03576553685140132 
0.03563715138687608 
0.03551166480314676 
0.03538897831616622 
0.03526899408058988 
0.03515162077459399 
0.03503676971971833 
0.03492435695524843 
0.03481430163113268 
0.03470652669073524 
0.03460095817031934 
0.034497525354717305 
0.034396160432768635 
0.03429679846590294 
0.034199377184408415 
0.03410383689741752 
0.03401012034808536 
0.03391817261126224 
0.03382794097680782 
0.0337393748504745 
0.033652425653629185 
0.03356704673183336 
0.03348319326617089 
0.033400822190251055 
0.03331989211084105 
0.033240363232844974 
0.033162197287867616 
0.0330853574664261 
0.033009808353453296 
0.032935515866982464 
0.03286244719979017 
0.03279057076385534 
0.032719856137463525 
0.03265027401481873 
0.032581796158021266 
0.03251439535128524 
0.032448045357275086 
0.032382720875448585 
0.03231839750230004 
0.032255051693405284 
0.032192660727174624 
0.03213120267022634 
0.03207065634429855 
0.032011001294622476 
0.031952217759683176 
0.031894286642300936 
0.031837189481967516 
0.031780908428377455 
0.031725426216096725 
0.031670726140315464 
0.031616792033633795 
0.03156360824383271 
0.03151115961258563 
0.031459431455066966 
0.03140840954041908 
0.031358080073038384 
0.031308429674645505 
0.0312594453671059 
0.031211114555968224 
0.03116342501469134 
0.031116364869530292 
0.031069922585055375 
0.031024086950277387 
0.030978847065356595 
0.030934192328870156 
0.0308901124256183 
0.03084659731494708 
0.03080363721956864 
0.030761222614859796 
0.030719344218621367 
0.0306779929812809 
0.030637160076522337 
0.030596836892327204 
0.030557015022411906 
0.030517686258047017 
0.030478842580244546 
0.030440476152299667 
0.03040257931267387 
0.030365144568207623 
0.030328164587649423 
0.030291632195490623 
0.03025554036609339 
0.030219882218102068 
0.030184651009125776 
0.030149840130682695 
0.030115443103395534 
0.030081453572427665 
0.03004786530315097 
0.030014672177035042 
0.02998186818774934 
0.029949447437467733 
0.02991740413336841 
0.029885732584318626 
0.029854427197737014 
0.02982348247662474 
0.029792893016757305 
0.02976265350402916 
0.029732758711943766 
0.029703203499241274 
0.029673982807656638 
0.029645091659801035 
0.029616525157160366 
0.029588278478203257 
0.029560346876593046 
0.029532725679496937 
0.02950541028598698 
0.02947839616552678 
0.02945167885653841 
0.029425253965044515 
0.029399117163380603 
0.029373264188972292 
0.029347690843173513 
0.029322392990160685 
0.02929736655587948 
0.029272607527039553 
0.029248111950153734 
0.02922387593061832 
0.0291998956318313 
0.02917616727434481 
0.029152687135049614 
0.029129451546388237 
0.029106456895594792 
0.029083699623958955 
0.029061176226111454 
0.029038883249329506 
0.029016817292860566 
0.028994975007261666 
0.028973353093753963 
0.028951948303590155 
0.028930757437433483 
0.028909777344748176 
0.02888900492319849 
0.028868437118056856 
0.028848070921619496 
0.028827903372629023 
0.02880793155570297 
0.028788152600768245 
0.02876856368250007 
0.0287491620197658 
0.028729944875072865 
0.02871090955402019 
0.02869205340475328 
0.028673373817422455 
0.028654868223644304 
0.028636534095965435 
0.02861836894732961 
0.028600370330547287 
0.028582535837767452 
0.028564863099952577 
0.028547349786355748 
0.028529993604000405 
0.028512792297162803 
0.028495743646857377 
0.02847884547032399 
0.028462095620519125 
0.028445491985609164 
0.028429032488466698 
0.02841271508617048 
0.028396537769507842 
0.028380498562481125 
0.028364595521816603 
0.028348826736477963 
0.028333190327182508 
0.02831768444592173 
0.028302307275485158 
0.028287057028988746 
0.02827193194940666 
0.028256930309107874 
0.028242050409396327 
0.02822729058005596 
0.028212649178899783 
0.028198124591323773 
0.02818371522986488 
0.028169419533764183 
0.02815523596853441 
0.028141163025532254 
0.028127199221535712 
0.028113343098326072 
0.02809959322227492 
0.028085948183936112 
0.028072406597642704 
0.028058967101108803 
0.02804562835503679 
0.028032389042729287 
0.02801924786970617 
0.02800620356332709 
0.027993254872418546 
0.02798040056690658 
0.02796763943745413 
0.02795497029510383 
0.02794239197092557 
0.027929903315669493 
0.027917503199423734 
0.02790519051127728 
0.02789296415898806 
0.027880823068655605 
0.027868766184399173 
0.027856792468040438 
0.02784490089879095 
0.0278330904729452 
0.027821360203577585 
0.027809709120244774 
0.027798136268692656 
0.027786640710567714 
0.02777522152313369 
0.0277638777989922 
0.02775260864580836 
0.02774141318604069 
0.02773029055667563 
0.02771923990896633 
0.027708260408176047 
0.027697351233325576 
0.02768651157694514 
0.027675740644830495 
0.027665037655803068 
0.027654401841474194 
0.02764383244601364 
0.027633328725921846 
0.02762288994980634 
0.027612515398161716 
0.02760220436315403 
0.027591956148408106 
0.02758177006879956 
0.027571645450249618 
0.027561581629524202 
0.02755157795403608 
0.027541633781650962 
0.02753174848049659 
0.027521921428775645 
0.02751215201458189 
0.027502439635719345 
0.027492783699525 
0.02748318362269467 
0.02747363883111189 
0.02746414875967994 
0.02745471285215697 
0.027445330560994022 
0.027436001347175984 
0.027426724680065684 
0.027417500037250256 
0.02740832690439111 
0.027399204775075812 
0.027390133150673266 
0.02738111154019128 
0.027372139460136866 
0.027363216434378956 
0.027354341994013633 
0.027345515677232257 
0.027336737029191295 
0.0273280056018852 
0.027319320954021276 
0.027310682650896964 
0.02730209026427941 
0.027293543372287232 
0.027285041559274418 
0.02727658441571657 
0.027268171538098865 
0.027259802528806762 
0.027251476996017928 
0.027243194553596764 
0.027234954820990694 
0.027226757423128415 
0.027218601990319877 
0.02721048815815845 
0.027202415567424643 
0.02719438386399171 
0.02718639269873308 
0.027178441727431422 
0.027170530610689306 
0.027162659013841985 
0.027154826606871286 
0.02714703306432137 
0.02713927806521604 
0.027131561292977568 
0.027123882435347177 
0.027116241184306798 
0.02710863723600245 
0.027101070290668973 
0.027093540052556344 
0.027086046229857243 
0.027078588534635902 
0.02707116668275837 
0.027063780393824403 
0.027056429391100034 
0.027049113401451906 
0.027041832155282698 
0.027034585386467712 
0.027027372832292673 
0.027020194233392837 
0.027013049333693088 
0.02700593788034932 
0.02699885962369061 
0.026991814317163156 
0.026984801717274524 
0.026977821583539244 
0.026970873678425912 
0.02696395776730434 
0.026957073618394577 
0.02695022100271661 
0.026943399694040658 
0.02693660946883911 
0.02692985010623884 
0.026923121387974647 
0.026916423098343526 
0.02690975502415978 
0.02690311695471125 
0.026896508681716023 
0.02688992999928008 
0.02688338070385605 
0.026876860594202343 
0.026870369471343147 
0.026863907138529628 
0.02685747340120119 
0.02685106806694804 
0.026844690945474203 
0.026838341848561362 
0.026832020590033315 
0.026825726985721145 
0.02681946085342908 
0.02681322201290113 
0.026807010285788 
0.026800825495615167 
0.026794667467751235 
0.026788536029376763 
0.026782431009454145 
0.026776352238697895 
0.02677029954954517 
0.026764272776127408 
0.026758271754242172 
0.026752296321325655 
0.026746346316425727 
0.026740421580175408 
0.026734521954766933 
0.026728647283926547 
0.026722797412889247 
0.026716972188374585 
0.026711171458562687 
0.026705395073070473 
0.026699642882929173 
0.026693914740561233 
0.026688210499758412 
0.026682530015660108 
0.026676873144732036 
0.02667123974474532 
0.026665629674756088 
0.026660042795085513 
0.026654478967300076 
0.026648938054192328 
0.02664341991976201 
0.02663792442919748 
0.026632451448857782 
0.02662700084625469 
0.02662157249003512 
0.02661616624996452 
0.026610781996909614 
0.026605419602822297 
0.02660007894072343 
0.02659475988468705 
0.026589462309824948 
0.026584186092271513 
0.026578931109168837 
0.02657369723865214 
0.026568484359835557 
0.026563292352798126 
0.026558121098569965 
0.026552970479119076 
0.026547840377337786 
0.026542730677030238 
0.02653764126289943 
0.026532572020534925 
0.026527522836400638 
0.026522493597822962 
0.026517484192979005 
0.026512494510885286 
0.026507524441386175 
0.026502573875143213 
0.026497642703624192 
0.026492730819092515 
0.026487838114596853 
0.026482964483961077 
0.026478109821773985 
0.02647327402338009 
0.026468456984869305 
0.026463658603068128 
0.026458878775530128 
0.026454117400527107 
0.02644937437704008 
0.02644464960475057 
0.02643994298403228 
0.02643525441594271 
0.026430583802214636 
0.026425931045248662 
0.02642129604810479 
0.026416678714495004 
0.026412078948775678 
0.02640749665594009 
0.026402931741611103 
0.026398384112034233 
0.026393853674070145 
0.026389340335188596 
0.026384844003460806 
0.026380364587553516 
0.026375901996722073 
0.026371456140804328 
0.026367026930214345 
0.026362614275936114 
0.026358218089517757 
0.026353838283065457 
0.026349474769237827 
0.026345127461240025 
0.026340796272818403 
0.026336481118254883 
0.026332181912361655 
0.02632789857047594 
0.026323631008454598 
0.02631937914266945 
0.026315142890001794 
0.02631092216783799 
0.026306716894064167 
0.026302526987062095 
0.026298352365703895 
0.026294192949347928 
0.026290048657834353 
0.026285919411480188 
0.02628180513107572 
0.02627770573787974 
0.0262736211536156 
0.026269551300467067 
0.026265496101074284 
0.026261455478529847 
0.026257429356374793 
0.02625341765859499 
0.026249420309617258 
0.026245437234305672 
0.026241468357957896 
0.02623751360630169 
0.02623357290549128 
0.02622964618210409 
0.026225733363137174 
0.026221834376003915 
0.026217949148530765 
0.02621407760895395 
0.026210219685916403 
0.0262063753084644 
0.026202544406044706 
0.02619872690850145 
0.026194922746073025 
0.026191131849389357 
0.026187354149468756 
0.026183589577715338 
0.026179838065915804 
0.026176099546237144 
0.026172373951223623 
0.02616866121379396 
0.026164961267239106 
0.02616127404521917 
0.026157599481761027 
0.02615393751125602 
0.026150288068456894 
0.026146651088475824 
0.026143026506781797 
0.0261394142591981 
0.026135814281900194 
0.026132226511413045 
0.026128650884609115 
0.026125087338705923 
0.02612153581126383 
0.026117996240183846 
0.026114468563705265 
0.026110952720403872 
0.026107448649189367 
0.02610395628930352 
0.026100475580318007 
0.026097006462132425 
0.026093548874971947 
0.026090102759385905 
0.026086668056245085 
0.026083244706740435 
0.026079832652380574 
0.02607643183499012 
0.026073042196707828 
0.026069663679984655 
0.026066296227581765 
0.026062939782569003 
0.02605959428832272 
0.026056259688524187 
0.026052935927157808 
0.026049622948509214 
0.026046320697163786 
0.026043029118004556 
0.02603974815621081 
0.026036477757256336 
0.02603321786690751 
0.02602996843122196 
0.02602672939654678 
0.026023500709516846 
0.026020282317053264 
0.026017074166361797 
0.026013876204931178 
0.026010688380531614 
0.026007510641213327 
0.026004342935304826 
0.026001185211411423 
0.025998037418413788 
0.02599489950546645 
0.025991771421996192 
0.0259886531177007 
0.025985544542547066 
0.02598244564677019 
0.025979356380871597 
0.02597627669561772 
0.025973206542038815 
0.02597014587142723 
0.02596709463533614 
0.025964052785578316 
0.025961020274224377 
0.025957997053601765 
0.02595498307629326 
0.025951978295135694 
0.025948982663218382 
0.025945996133882175 
0.0259430186607178 
0.025940050197564745 
0.025937090698509958 
0.025934140117886428 
0.025931198410271993 
0.025928265530488107 
0.025925341433598502 
0.025922426074907887 
0.025919519409960953 
0.025916621394540696 
0.025913731984667655 
0.02591085113659836 
0.025907978806824283 
0.025905114952070592 
0.025902259529294827 
0.025899412495686 
0.025896573808663035 
0.025893743425873895 
0.02589092130519429 
0.025888107404726437 
0.025885301682798137 
0.025882504097961292 
0.025879714608991158 
0.02587693317488486 
0.025874159754860324 
0.025871394308355347 
0.02586863679502639 
0.025865887174747294 
0.025863145407608548 
0.025860411453915613 
0.025857685274188556 
0.025854966829160296 
0.025852256079776006 
0.02584955298719172 
0.02584685751277357 
0.025844169618096255 
0.025841489264942598 
0.02583881641530195 
0.025836151031369534 
0.02583349307554513 
0.02583084251043211 
0.025828199298836663 
0.02582556340376639 
0.025822934788429494 
0.025820313416233812 
0.025817699250785576 
0.02581509225588878 
0.02581249239554385 
0.02580989963394673 
0.02580731393548803 
0.02580473526475198 
0.02580216358651537 
0.02579959886574663 
0.025797041067604966 
0.025794490157439277 
0.025791946100787177 
0.02578940886337416 
0.02578687841111259 
0.025784354710100765 
0.025781837726622025 
0.025779327427143714 
0.025776823778316336 
0.025774326746972664 
0.02577183630012669 
0.02576935240497288 
0.025766875028885205 
0.02576440413941612 
0.025761939704295765 
0.025759481691431194 
0.025757030068905274 
0.02575458480497583 
0.02575214586807493 
0.025749713226807847 
0.025747286849952197 
0.025744866706457238 
0.025742452765442694 
0.02574004499619823 
0.02573764336818238 
0.02573524785102186 
0.025732858414510448 
0.025730475028608514 
0.02572809766344183 
0.025725726289301046 
0.025723360876640552 
0.025721001396077914 
0.02571864781839295 
0.025716300114526816 
0.025713958255581367 
0.02571162221281824 
0.025709291957658097 
0.025706967461679796 
0.025704648696619505 
0.025702335634370202 
0.025700028246980488 
0.025697726506654126 
0.02569543038574902 
0.025693139856776678 
0.025690854892401197 
0.025688575465438644 
0.025686301548856247 
0.02568403311577167 
0.025681770139452113 
0.025679512593313813 
0.025677260450921002 
0.02567501368598536 
0.025672772272365182 
0.02567053618406476 
0.025668305395233345 
0.025666079880164883 
0.025663859613296727 
0.02566164456920941 
0.025659434722625662 
0.02565723004840972 
0.02565503052156665 
0.025652836117241572 
0.025650646810719192 
0.02564846257742259 
0.025646283392913097 
0.025644109232889224 
0.02564194007318601 
0.025639775889774567 
0.02563761665876109 
0.025635462356386286 
0.02563331295902481 
0.025631168443184426 
0.02562902878550538 
0.025626893962759786 
0.02562476395185077 
0.025622638729812186 
0.025620518273807538 
0.025618402561129475 
0.0256162915691993 
0.025614185275566085 
0.025612083657906137 
0.025609986694022226 
0.02560789436184321 
0.025605806639423138 
0.025603723504940657 
0.025601644936698587 
0.02559957091312287 
0.02559750141276246 
0.0255954364142883 
0.025593375896492864 
0.02559131983828949 
0.025589268218711835 
0.025587221016913207 
0.025585178212165948 
0.025583139783860762 
0.02558110571150638 
0.025579075974728572 
0.02557705055326992 
0.02557502942698889 
0.025573012575859522 
0.025570999979970678 
0.02556899161952542 
0.025566987474840586 
0.025564987526346197 
0.025562991754584617 
0.025561000140210274 
0.025559012663988957 
0.02555702930679733 
0.025555050049622174 
0.025553074873560098 
0.025551103759816632 
0.025549136689706056 
0.02554717364465058 
0.02554521460617979 
0.025543259555930228 
0.025541308475644862 
0.025539361347172242 
0.025537418152466396 
0.025535478873585857 
0.02553354349269354 
0.025531611992055836 
0.025529684354042313 
0.025527760561124994 
0.025525840595878157 
0.025523924440977397 
0.02552201207919943 
0.025520103493421188 
0.02551819866661995 
0.025516297581872096 
0.025514400222353007 
0.025512506571336555 
0.025510616612194413 
0.025508730328395655 
0.025506847703506173 
0.025504968721188463 
0.025503093365200565 
0.02550122161939615 
0.025499353467723584 
0.025497488894225758 
0.025495627883039444 
0.025493770418394724 
0.02549191648461466 
0.025490066066114717 
0.025488219147402305 
0.025486375713076336 
0.025484535747826664 
0.025482699236433672 
0.025480866163767747 
0.025479036514788875 
0.025477210274546136 
0.025475387428177218 
0.02547356796090793 
0.025471751858051825 
0.025469939105009623 
0.025468129687268946 
0.025466323590403576 
0.02546452080007315 
0.02546272130202286 
0.025460925082082742 
0.025459132126167298 
0.025457342420275142 
0.025455555950488415 
0.02545377270297249 
0.025451992663975485 
0.025450215819827735 
0.025448442156941364 
0.025446671661809948 
0.025444904321008023 
0.025443140121190814 
0.025441379049093302 
0.02543962109153044 
0.025437866235396314 
0.02543611446766377 
0.025434365775384184 
0.025432620145686778 
0.025430877565778363 
0.025429138022942974 
0.025427401504541255 
0.02542566799801017 
0.02542393749086251 
0.025422209970686737 
0.0254204854251462 
0.02541876384197901 
0.025417045208997416 
0.025415329514087582 
0.02541361674520922 
0.025411906890394884 
0.02541019993774989 
0.0254084958754518 
0.025406794691749997 
0.02540509637496533 
0.025403400913489724 
0.025401708295785717 
0.025400018510386216 
0.02539833154589399 
0.02539664739098121 
0.02539496603438934 
0.025393287464928475 
0.025391611671477073 
0.025389938642981655 
0.02538826836845616 
0.025386600836981906 
0.02538493603770705 
0.025383273959846086 
0.025381614592679822 
0.025379957925554544 
0.025378303947882083 
0.02537665264913919 
0.02537500401886719 
0.02537335804667178 
0.025371714722222515 
0.025370074035252387 
0.0253684359755577 
0.025366800532997478 
0.02536516769749321 
0.02536353745902856 
0.02536190980764874 
0.025360284733460695 
0.025358662226632047 
0.02535704227739133 
0.025355424876027346 
0.02535381001288891 
0.025352197678384435 
0.025350587862981697 
0.025348980557207416 
0.025347375751646906 
0.025345773436943716 
0.025344173603799456 
0.0253425762429732 
0.025340981345281368 
0.02533938890159727 
0.02533779890285085 
0.025336211340028215 
0.025334626204171488 
0.025333043486378392 
0.02533146317780183 
0.0253298852696498 
0.025328309753184706 
0.025326736619723466 
0.025325165860636743 
0.02532359746734911 
0.02532203143133825 
0.025320467744134892 
0.025318906397322496 
0.025317347382536916 
0.02531579069146596 
0.025314236315849333 
0.025312684247477988 
0.025311134478194053 
0.025309586999890565 
0.02530804180451095 
0.02530649888404884 
0.025304958230547726 
0.025303419836100793 
0.025301883692850292 
0.025300349792987616 
0.025298818128752742 
0.02529728869243406 
0.025295761476367903 
0.025294236472938558 
0.02529271367457764 
0.02529119307376397 
0.025289674663023298 
0.025288158434927845 
0.025286644382096254 
0.025285132497193056 
0.02528362277292858 
0.025282115202058527 
0.025280609777383733 
0.025279106491749928 
0.025277605338047324 
0.02527610630921051 
0.025274609398217948 
0.025273114598091954 
0.025271621901898147 
0.02527013130274538 
0.025268642793785333 
0.025267156368212317 
0.025265672019262962 
0.025264189740215902 
0.025262709524391636 
0.025261231365151963 
0.025259755255900188 
0.025258281190080355 
0.025256809161177254 
0.025255339162716148 
0.02525387118826241 
0.025252405231421318 
0.0252509412858377 
0.02524947934519585 
0.025248019403219083 
0.025246561453669512 
0.025245105490347943 
0.025243651507093443 
0.025242199497783033 
0.025240749456331747 
0.02523930137669195 
0.02523785525285335 
0.025236411078842783 
0.02523496884872375 
0.02523352855659633 
0.025232090196596887 
0.025230653762897817 
0.025229219249707238 
0.025227786651268878 
0.02522635596186169 
0.02522492717579968 
0.025223500287431744 
0.025222075291141146 
0.0252206521813456 
0.025219230952496893 
0.025217811599080545 
0.02521639411561578 
0.025214978496655105 
0.02521356473678414 
0.025212152830621413 
0.025210742772818116 
0.025209334558057846 
0.025207928181056275 
0.025206523636561225 
0.025205120919352064 
0.025203720024239738 
0.025202320946066458 
0.025200923679705375 
0.02519952822006055 
0.025198134562066602 
0.025196742700688456 
0.025195352630921205 
0.025193964347789935 
0.025192577846349328 
0.02519119312168351 
0.025189810168905993 
0.025188428983159195 
0.02518704955961446 
0.025185671893471654 
0.025184295979959005 
0.0251829218143331 
0.025181549391878246 
0.02518017870790664 
0.025178809757758037 
0.025177442536799433 
0.025176077040424995 
0.02517471326405585 
0.02517335120313977 
0.02517199085315104 
0.025170632209590225 
0.02516927526798408 
0.025167920023885095 
0.02516656647287161 
0.02516521461054738 
0.025163864432541438 
0.0251625159345079 
0.02516116911212588 
0.02515982396109909 
0.02515848047715581 
0.025157138656048583 
0.025155798493554062 
0.025154459985472874 
0.025153123127629382 
0.02515178791587143 
0.025150454346070338 
0.025149122414120376 
0.025147792115939097 
0.025146463447466547 
0.025145136404665622 
0.025143810983521465 
0.025142487180041605 
0.02514116499025555 
0.02513984441021466 
0.02513852543599211 
0.02513720806368244 
0.025135892289401694 
0.025134578109286952 
0.025133265519496392 
0.02513195451620894 
0.02513064509562416 
0.0251293372539621 
0.0251280309874631 
0.02512672629238769 
0.025125423165016272 
0.02512412160164906 
0.025122821598605904 
0.025121523152226113 
0.025120226258868183 
0.025118930914909944 
0.025117637116748023 
0.025116344860797758 
0.025115054143493413 
0.025113764961287467 
0.025112477310650846 
0.02511119118807253 
0.02510990659005954 
0.025108623513136842 
0.025107341953846892 
0.025106061908749835 
0.025104783374423144 
0.025103506347461446 
0.025102230824476567 
0.02510095680209717 
0.02509968427696866 
0.025098413245753178 
0.0250971437051292 
0.02509587565179168 
0.025094609082451622 
0.025093343993836118 
0.02509208038268816 
0.02509081824576652 
0.025089557579845455 
0.025088298381714867 
0.025087040648179883 
0.025085784376060728 
0.02508452956219291 
0.025083276203426607 
0.02508202429662699 
0.0250807738386737 
0.02507952482646095 
0.0250782772568974 
0.025077031126905777 
0.025075786433423123 
0.025074543173400295 
0.025073301343802125 
0.025072060941607074 
0.02507082196380728 
0.025069584407408283 
0.025068348269429008 
0.02506711354690159 
0.025065880236871226 
0.025064648336396125 
0.025063417842547474 
0.025062188752408898 
0.02506096106307687 
0.02505973477166027 
0.025058509875280407 
0.025057286371070766 
0.025056064256177055 
0.025054843527756974 
0.02505362418298013 
0.025052406219027944 
0.02505118963309351 
0.02504997442238156 
0.025048760584108213 
0.025047548115500973 
0.025046337013798627 
0.025045127276251036 
0.02504391890011923 
0.025042711882675015 
0.025041506221201083 
0.025040301912990868 
0.025039098955348404 
0.025037897345588214 
0.025036697081035345 
0.02503549815902507 
0.02503430057690279 
0.02503310433202419 
0.02503190942175494 
0.025030715843470556 
0.025029523594556447 
0.025028332672407727 
0.0250271430744292 
0.025025954798035096 
0.025024767840649217 
0.0250235821997047 
0.025022397872643907 
0.02502121485691843 
0.025020033149988966 
0.025018852749325173 
0.025017673652405627 
0.0250164958567178 
0.02501531935975783 
0.025014144159030614 
0.025012970252049502 
0.025011797636336427 
0.025010626309421732 
0.025009456268844057 
0.025008287512150375 
0.025007120036895716 
0.025005953840643247 
0.02500478892096426 
0.02500362527543779 
0.02500246290165097 
0.02500130179719846 
0.02500014195968284 
0.024998983386714278 
0.024997826075910425 
0.024996670024896563 
0.024995515231305252 
0.024994361692776582 
0.024993209406957737 
0.024992058371503256 
0.0249909085840747 
0.024989760042340915 
0.024988612743977488 
0.024987466686667195 
0.0249863218680995 
0.02498517828597084 
0.024984035937984247 
0.024982894821849677 
0.024981754935283453 
0.024980616276008564 
0.02497947884175461 
0.024978342630257458 
0.024977207639259483 
0.024976073866509352 
0.02497494130976198 
0.024973809966778535 
0.024972679835326327 
0.02497155091317875 
0.02497042319811521 
0.024969296687921198 
0.02496817138038806 
0.02496704727331309 
0.024965924364499282 
0.0249648026517556 
0.02496368213289658 
0.024962562805742484 
0.024961444668119302 
0.024960327717858423 
0.024959211952796864 
0.02495809737077714 
0.02495698396964718 
0.02495587174726023 
0.024954760701475096 
0.02495365083015558 
0.02495254213117095 
0.024951434602395642 
0.024950328241709185 
0.02494922304699635 
0.024948119016146887 
0.02494701614705559 
0.0249459144376223 
0.024944813885751836 
0.02494371448935384 
0.024942616246342864 
0.02494151915463838 
0.024940423212164543 
0.024939328416850367 
0.024938234766629538 
0.024937142259440385 
0.024936050893225977 
0.024934960665934015 
0.024933871575516697 
0.024932783619930735 
0.024931696797137567 
0.02493061110510283 
0.024929526541796875 
0.024928443105194244 
0.02492736079327399 
0.024926279604019486 
0.02492519953541839 
0.024924120585462704 
0.02492304275214867 
0.02492196603347674 
0.024920890427451603 
0.024919815932082045 
0.024918742545381102 
0.02491767026536584 
0.02491659909005748 
0.024915529017481272 
0.024914460045666383 
0.024913392172646234 
0.02491232539645807 
0.02491125971514307 
0.024910195126746446 
0.024909131629317297 
0.024908069220908494 
0.024907007899576894 
0.02490594766338317 
0.024904888510391777 
0.024903830438671 
0.024902773446292867 
0.024901717531333144 
0.024900662691871342 
0.024899608925990687 
0.02489855623177808 
0.024897504607324074 
0.02489645405072294 
0.024895404560072498 
0.024894356133474096 
0.02489330876903293 
0.02489226246485751 
0.02489121721906001 
0.024890173029756105 
0.02488912989506499 
0.024888087813109482 
0.02488704678201559 
0.024886006799913117 
0.024884967864935034 
0.024883929975217968 
0.024882893128901837 
0.024881857324129966 
0.024880822559049085 
0.024879788831809333 
0.024878756140564087 
0.024877724483470243 
0.02487669385868787 
0.024875664264380395 
0.0248746356987146 
0.02487360815986042 
0.02487258164599127 
0.024871556155283615 
0.02487053168591724 
0.024869508236075213 
0.024868485803943793 
0.02486746438771242 
0.02486644398557373 
0.024865424595723582 
0.024864406216360994 
0.02486338884568816 
0.024862372481910342 
0.024861357123236127 
0.024860342767876995 
0.02485932941404774 
0.02485831705996612 
0.02485730570385315 
0.024856295343932723 
0.024855285978432017 
0.024854277605581135 
0.024853270223613354 
0.02485226383076482 
0.02485125842527499 
0.024850254005386097 
0.02484925056934351 
0.024848248115395644 
0.02484724664179382 
0.02484624614679248 
0.024845246628648874 
