-0.248113891273634 -3.4370539401762636 -6.17461623927976 0.0016840814944191088 0.334595975913456 
-0.20614638933233034 -0.9900104064184967 -5.295001449200831 1.410210607622934 -7.041770570802287 
-0.4823825435865692 -4.230421025691201 -0.9825345789396797 5.316156954908501 -0.9227814523355007 
0.954501785992324 3.408571715338813 -4.3365308278840455 0.0014855867533051523 5.940708129695367 
2.748902665512519 6.637018249006638 1.5151060053328513 -0.3428474985813672 -1.199012820841828 
0.6114513890285299 2.545227863656345 1.708521279381115 5.617725739873269 4.338614864040964 
0.1779440214965552 -4.260041672941367 -2.8420175133591354 -6.632374547145987 3.4602818610343227 
2.4810856623056434 1.1889611228598551 5.1061222856522415 -5.732153984642624 -5.02811866756326 
-1.4132194643315368 -4.779874811121969 4.530117799157237 0.02081293985033419 0.4746677070828369 


-0.8689926970073403 -2.9419492461967205 0.8661860025029319 -1.0336117289866833 1.2201517204234362 0.9630692051460756 0.16106320715713365 -1.0123491101760507 8.964886689623031E-4 -3.3530487278169114 
0.18766799442327864 -1.3393723974147205 -2.371274332360778 0.2238826681255787 -1.9986782461153259 -0.3808209832190866 1.3536317666942186 -0.654332923286646 1.9733161693611836 0.9417499273971984 
0.2651339262639396 0.28395769573684065 0.9313451064709481 1.2938809336117867 -0.11530319458695014 0.3706832706547864 1.6678786495386841 -1.137360983980113 -1.240991058302185 0.8341963297073005 
-0.4262424478752631 -0.11801646654174167 -0.9857338742711237 -1.98333925722552 2.7481608109188915 -2.1358456803402897 1.8789362071704518 1.03723090369972 -1.2120576665860336 1.753507594697604 


