1.9393939393939394 
1.005050505050505 
0.8686868686868687 
0.6464646464646465 
0.601010101010101 
0.5252525252525253 
0.3787878787878788 
0.3282828282828283 
0.26262626262626265 
0.2727272727272727 
0.2474747474747475 
0.17676767676767677 
0.13636363636363635 
0.16666666666666666 
0.16666666666666666 
0.2777777777777778 
0.23737373737373738 
0.13131313131313133 
0.23737373737373738 
0.20707070707070707 
0.17676767676767677 
0.18181818181818182 
0.17676767676767677 
0.20707070707070707 
0.18686868686868688 
0.18686868686868688 
0.18181818181818182 
0.20707070707070707 
0.16161616161616163 
0.14646464646464646 
0.09595959595959595 
0.09090909090909091 
0.08080808080808081 
0.16161616161616163 
0.13636363636363635 
0.13131313131313133 
0.10101010101010101 
0.15151515151515152 
0.15151515151515152 
0.15656565656565657 
0.12626262626262627 
0.07575757575757576 
0.14646464646464646 
0.12626262626262627 
0.12626262626262627 
0.07575757575757576 
0.10606060606060606 
0.07575757575757576 
0.13636363636363635 
0.09595959595959595 
0.13131313131313133 
0.19696969696969696 
0.18686868686868688 
0.09595959595959595 
0.10606060606060606 
0.10101010101010101 
0.12626262626262627 
0.10101010101010101 
0.15151515151515152 
0.10101010101010101 
0.03535353535353535 
0.03535353535353535 
0.03535353535353535 
0.07575757575757576 
0.03535353535353535 
0.12121212121212122 
0.0707070707070707 
0.07575757575757576 
0.1717171717171717 
0.1414141414141414 
0.17676767676767677 
0.20707070707070707 
0.12626262626262627 
0.15656565656565657 
0.1111111111111111 
0.1414141414141414 
0.13131313131313133 
0.11616161616161616 
0.14646464646464646 
0.11616161616161616 
0.1414141414141414 
0.08585858585858586 
0.15656565656565657 
0.19696969696969696 
0.09090909090909091 
0.14646464646464646 
0.0707070707070707 
0.0707070707070707 
0.15151515151515152 
0.03535353535353535 
0.06565656565656566 
0.03535353535353535 
0.07575757575757576 
0.07575757575757576 
0.03535353535353535 
0.03535353535353535 
0.03535353535353535 
0.07575757575757576 
0.03535353535353535 
0.03535353535353535 
0.03535353535353535 
0.03535353535353535 
0.03535353535353535 
0.03535353535353535 
0.03535353535353535 
0.03535353535353535 
0.03535353535353535 
0.03535353535353535 
0.03535353535353535 
0.03535353535353535 
0.03535353535353535 
0.03535353535353535 
0.03535353535353535 
0.045454545454545456 
0.16666666666666666 
0.09090909090909091 
0.1414141414141414 
0.10101010101010101 
0.05555555555555555 
0.06565656565656566 
0.08585858585858586 
0.08585858585858586 
0.22727272727272727 
0.08585858585858586 
0.1919191919191919 
0.20202020202020202 
0.09090909090909091 
0.1111111111111111 
0.1919191919191919 
0.1717171717171717 
0.16161616161616163 
0.20202020202020202 
0.2474747474747475 
0.10606060606060606 
0.1111111111111111 
0.06060606060606061 
0.10606060606060606 
0.08080808080808081 
0.06565656565656566 
0.06565656565656566 
0.03535353535353535 
0.07575757575757576 
0.07575757575757576 
0.03535353535353535 
0.03535353535353535 
0.03535353535353535 
0.03535353535353535 
0.03535353535353535 
0.03535353535353535 
0.03535353535353535 
0.03535353535353535 
0.03535353535353535 
0.03535353535353535 
0.03535353535353535 
0.03535353535353535 
0.03535353535353535 
0.03535353535353535 
0.03535353535353535 
0.03535353535353535 
0.03535353535353535 
0.03535353535353535 
0.03535353535353535 
0.03535353535353535 
0.03535353535353535 
0.03535353535353535 
0.03535353535353535 
0.03535353535353535 
0.03535353535353535 
0.03535353535353535 
0.03535353535353535 
0.03535353535353535 
0.03535353535353535 
0.03535353535353535 
0.03535353535353535 
0.03535353535353535 
0.03535353535353535 
0.03535353535353535 
0.03535353535353535 
0.03535353535353535 
0.03535353535353535 
0.03535353535353535 
0.03535353535353535 
0.03535353535353535 
0.03535353535353535 
0.03535353535353535 
0.03535353535353535 
0.03535353535353535 
0.03535353535353535 
0.03535353535353535 
0.03535353535353535 
0.03535353535353535 
0.03535353535353535 
0.03535353535353535 
0.03535353535353535 
0.03535353535353535 
0.03535353535353535 
0.03535353535353535 
0.03535353535353535 
0.03535353535353535 
0.03535353535353535 
0.03535353535353535 
0.03535353535353535 
0.03535353535353535 
0.03535353535353535 
0.03535353535353535 
0.03535353535353535 
0.03535353535353535 
0.03535353535353535 
0.03535353535353535 
0.03535353535353535 
0.03535353535353535 
0.03535353535353535 
0.03535353535353535 
0.03535353535353535 
0.03535353535353535 
0.03535353535353535 
0.03535353535353535 
0.03535353535353535 
0.03535353535353535 
0.03535353535353535 
0.03535353535353535 
0.03535353535353535 
0.03535353535353535 
0.03535353535353535 
0.03535353535353535 
0.03535353535353535 
0.03535353535353535 
0.03535353535353535 
0.03535353535353535 
0.03535353535353535 
0.03535353535353535 
0.03535353535353535 
0.03535353535353535 
0.03535353535353535 
0.03535353535353535 
0.03535353535353535 
0.03535353535353535 
0.03535353535353535 
0.03535353535353535 
0.03535353535353535 
0.03535353535353535 
0.03535353535353535 
0.03535353535353535 
0.03535353535353535 
0.03535353535353535 
0.03535353535353535 
0.03535353535353535 
0.03535353535353535 
0.03535353535353535 
0.03535353535353535 
0.03535353535353535 
0.03535353535353535 
0.03535353535353535 
0.03535353535353535 
0.03535353535353535 
0.03535353535353535 
0.03535353535353535 
0.03535353535353535 
0.03535353535353535 
0.03535353535353535 
0.03535353535353535 
0.03535353535353535 
0.03535353535353535 
0.03535353535353535 
0.03535353535353535 
0.03535353535353535 
0.03535353535353535 
0.03535353535353535 
0.03535353535353535 
0.03535353535353535 
0.03535353535353535 
0.03535353535353535 
0.03535353535353535 
0.03535353535353535 
0.03535353535353535 
0.03535353535353535 
0.03535353535353535 
0.03535353535353535 
0.03535353535353535 
0.03535353535353535 
0.03535353535353535 
0.03535353535353535 
0.03535353535353535 
0.03535353535353535 
0.03535353535353535 
0.03535353535353535 
0.03535353535353535 
0.03535353535353535 
0.03535353535353535 
0.03535353535353535 
0.03535353535353535 
0.03535353535353535 
0.03535353535353535 
0.03535353535353535 
0.03535353535353535 
0.03535353535353535 
0.03535353535353535 
0.03535353535353535 
0.03535353535353535 
0.03535353535353535 
0.03535353535353535 
0.03535353535353535 
0.03535353535353535 
0.03535353535353535 
0.03535353535353535 
0.03535353535353535 
0.03535353535353535 
0.03535353535353535 
0.03535353535353535 
0.03535353535353535 
0.03535353535353535 
0.03535353535353535 
0.03535353535353535 
0.03535353535353535 
0.03535353535353535 
0.03535353535353535 
0.03535353535353535 
0.03535353535353535 
0.03535353535353535 
0.03535353535353535 
0.03535353535353535 
0.03535353535353535 
0.03535353535353535 
0.03535353535353535 
0.03535353535353535 
0.03535353535353535 
0.03535353535353535 
0.03535353535353535 
0.03535353535353535 
0.03535353535353535 
0.03535353535353535 
0.03535353535353535 
0.03535353535353535 
0.03535353535353535 
0.03535353535353535 
0.03535353535353535 
0.03535353535353535 
0.03535353535353535 
0.03535353535353535 
0.03535353535353535 
0.03535353535353535 
0.03535353535353535 
0.03535353535353535 
0.03535353535353535 
0.03535353535353535 
0.03535353535353535 
0.03535353535353535 
0.03535353535353535 
0.03535353535353535 
0.03535353535353535 
0.03535353535353535 
0.03535353535353535 
0.03535353535353535 
0.03535353535353535 
0.03535353535353535 
0.03535353535353535 
0.03535353535353535 
0.03535353535353535 
0.03535353535353535 
0.03535353535353535 
0.03535353535353535 
0.03535353535353535 
0.03535353535353535 
0.03535353535353535 
0.03535353535353535 
0.03535353535353535 
0.03535353535353535 
0.03535353535353535 
0.03535353535353535 
0.03535353535353535 
0.03535353535353535 
0.03535353535353535 
0.03535353535353535 
0.03535353535353535 
0.03535353535353535 
0.03535353535353535 
0.03535353535353535 
0.03535353535353535 
0.03535353535353535 
0.03535353535353535 
0.03535353535353535 
0.03535353535353535 
0.03535353535353535 
0.03535353535353535 
0.03535353535353535 
0.03535353535353535 
0.03535353535353535 
0.03535353535353535 
0.03535353535353535 
0.03535353535353535 
0.03535353535353535 
0.03535353535353535 
0.03535353535353535 
0.03535353535353535 
0.03535353535353535 
0.03535353535353535 
0.03535353535353535 
0.03535353535353535 
0.03535353535353535 
0.03535353535353535 
0.03535353535353535 
0.03535353535353535 
0.03535353535353535 
0.03535353535353535 
0.03535353535353535 
0.03535353535353535 
0.03535353535353535 
0.03535353535353535 
0.03535353535353535 
0.03535353535353535 
0.03535353535353535 
0.03535353535353535 
0.03535353535353535 
0.03535353535353535 
0.03535353535353535 
0.03535353535353535 
0.03535353535353535 
0.03535353535353535 
0.03535353535353535 
0.03535353535353535 
0.03535353535353535 
0.03535353535353535 
0.03535353535353535 
0.03535353535353535 
0.03535353535353535 
0.03535353535353535 
0.03535353535353535 
0.03535353535353535 
0.03535353535353535 
0.03535353535353535 
0.03535353535353535 
0.03535353535353535 
0.03535353535353535 
0.03535353535353535 
0.03535353535353535 
0.03535353535353535 
0.03535353535353535 
0.03535353535353535 
0.03535353535353535 
0.03535353535353535 
0.03535353535353535 
0.03535353535353535 
0.03535353535353535 
0.03535353535353535 
0.03535353535353535 
0.03535353535353535 
0.03535353535353535 
0.03535353535353535 
0.03535353535353535 
0.03535353535353535 
0.03535353535353535 
0.03535353535353535 
0.03535353535353535 
0.03535353535353535 
0.03535353535353535 
0.03535353535353535 
0.03535353535353535 
0.03535353535353535 
0.03535353535353535 
0.03535353535353535 
0.03535353535353535 
0.03535353535353535 
0.03535353535353535 
0.03535353535353535 
0.03535353535353535 
0.03535353535353535 
0.03535353535353535 
0.03535353535353535 
0.03535353535353535 
0.03535353535353535 
0.03535353535353535 
0.03535353535353535 
0.03535353535353535 
0.03535353535353535 
0.03535353535353535 
0.03535353535353535 
0.03535353535353535 
0.03535353535353535 
0.03535353535353535 
0.03535353535353535 
0.03535353535353535 
0.03535353535353535 
0.03535353535353535 
0.03535353535353535 
0.03535353535353535 
0.03535353535353535 
0.03535353535353535 
0.03535353535353535 
0.03535353535353535 
0.03535353535353535 
0.03535353535353535 
0.03535353535353535 
0.03535353535353535 
0.03535353535353535 
0.03535353535353535 
0.03535353535353535 
0.03535353535353535 
0.03535353535353535 
0.03535353535353535 
0.03535353535353535 
0.03535353535353535 
0.03535353535353535 
0.03535353535353535 
0.03535353535353535 
0.03535353535353535 
0.03535353535353535 
0.03535353535353535 
0.03535353535353535 
0.03535353535353535 
0.03535353535353535 
0.03535353535353535 
0.03535353535353535 
0.03535353535353535 
0.03535353535353535 
0.03535353535353535 
0.03535353535353535 
0.03535353535353535 
0.03535353535353535 
0.03535353535353535 
0.03535353535353535 
0.03535353535353535 
0.03535353535353535 
0.03535353535353535 
0.03535353535353535 
0.03535353535353535 
0.03535353535353535 
0.03535353535353535 
0.03535353535353535 
0.03535353535353535 
0.03535353535353535 
0.03535353535353535 
0.03535353535353535 
0.03535353535353535 
0.03535353535353535 
0.03535353535353535 
0.03535353535353535 
0.03535353535353535 
0.03535353535353535 
0.03535353535353535 
0.03535353535353535 
0.03535353535353535 
0.03535353535353535 
0.03535353535353535 
0.03535353535353535 
0.03535353535353535 
0.03535353535353535 
0.03535353535353535 
0.03535353535353535 
0.03535353535353535 
0.03535353535353535 
0.03535353535353535 
0.03535353535353535 
0.03535353535353535 
0.03535353535353535 
0.03535353535353535 
0.03535353535353535 
0.03535353535353535 
0.03535353535353535 
0.03535353535353535 
0.03535353535353535 
0.03535353535353535 
0.03535353535353535 
0.03535353535353535 
0.03535353535353535 
0.03535353535353535 
0.03535353535353535 
0.03535353535353535 
0.03535353535353535 
0.03535353535353535 
0.03535353535353535 
0.03535353535353535 
0.03535353535353535 
0.03535353535353535 
0.03535353535353535 
0.03535353535353535 
0.03535353535353535 
0.03535353535353535 
0.03535353535353535 
0.03535353535353535 
0.03535353535353535 
0.03535353535353535 
0.03535353535353535 
0.03535353535353535 
0.03535353535353535 
0.03535353535353535 
0.03535353535353535 
0.03535353535353535 
0.03535353535353535 
0.03535353535353535 
0.03535353535353535 
0.03535353535353535 
0.03535353535353535 
0.03535353535353535 
0.03535353535353535 
0.03535353535353535 
0.03535353535353535 
0.03535353535353535 
0.03535353535353535 
0.03535353535353535 
0.03535353535353535 
0.03535353535353535 
0.03535353535353535 
0.03535353535353535 
0.03535353535353535 
0.03535353535353535 
0.03535353535353535 
0.03535353535353535 
0.03535353535353535 
0.03535353535353535 
0.03535353535353535 
0.03535353535353535 
0.03535353535353535 
0.03535353535353535 
0.03535353535353535 
0.03535353535353535 
0.03535353535353535 
0.03535353535353535 
0.03535353535353535 
0.03535353535353535 
0.03535353535353535 
0.03535353535353535 
0.03535353535353535 
0.03535353535353535 
0.03535353535353535 
0.03535353535353535 
0.03535353535353535 
0.03535353535353535 
0.03535353535353535 
0.03535353535353535 
0.03535353535353535 
0.03535353535353535 
0.03535353535353535 
0.03535353535353535 
0.03535353535353535 
0.03535353535353535 
0.03535353535353535 
0.03535353535353535 
0.03535353535353535 
0.03535353535353535 
0.03535353535353535 
0.03535353535353535 
0.03535353535353535 
0.03535353535353535 
0.03535353535353535 
0.03535353535353535 
0.03535353535353535 
0.03535353535353535 
0.03535353535353535 
0.03535353535353535 
0.03535353535353535 
0.03535353535353535 
0.03535353535353535 
0.03535353535353535 
0.03535353535353535 
0.03535353535353535 
0.03535353535353535 
0.03535353535353535 
0.03535353535353535 
0.03535353535353535 
0.03535353535353535 
0.03535353535353535 
0.03535353535353535 
0.03535353535353535 
0.03535353535353535 
0.03535353535353535 
0.03535353535353535 
0.03535353535353535 
0.03535353535353535 
0.03535353535353535 
0.03535353535353535 
0.03535353535353535 
0.03535353535353535 
0.03535353535353535 
0.03535353535353535 
0.03535353535353535 
0.03535353535353535 
0.03535353535353535 
0.03535353535353535 
0.03535353535353535 
0.03535353535353535 
0.03535353535353535 
0.03535353535353535 
0.03535353535353535 
0.03535353535353535 
0.03535353535353535 
0.03535353535353535 
0.03535353535353535 
0.03535353535353535 
0.03535353535353535 
0.03535353535353535 
0.03535353535353535 
0.03535353535353535 
0.03535353535353535 
0.03535353535353535 
0.03535353535353535 
0.03535353535353535 
0.03535353535353535 
0.03535353535353535 
0.03535353535353535 
0.03535353535353535 
0.03535353535353535 
0.03535353535353535 
0.03535353535353535 
0.03535353535353535 
0.03535353535353535 
0.03535353535353535 
0.03535353535353535 
0.03535353535353535 
0.03535353535353535 
0.03535353535353535 
0.03535353535353535 
0.03535353535353535 
0.03535353535353535 
0.03535353535353535 
0.03535353535353535 
0.03535353535353535 
0.03535353535353535 
0.03535353535353535 
0.03535353535353535 
0.03535353535353535 
0.03535353535353535 
0.03535353535353535 
0.03535353535353535 
0.03535353535353535 
0.03535353535353535 
0.03535353535353535 
0.03535353535353535 
0.03535353535353535 
0.03535353535353535 
0.03535353535353535 
0.03535353535353535 
0.03535353535353535 
0.03535353535353535 
0.03535353535353535 
0.03535353535353535 
0.03535353535353535 
0.03535353535353535 
0.03535353535353535 
0.03535353535353535 
0.03535353535353535 
0.03535353535353535 
0.03535353535353535 
0.03535353535353535 
0.03535353535353535 
0.03535353535353535 
0.03535353535353535 
0.03535353535353535 
0.03535353535353535 
0.03535353535353535 
0.03535353535353535 
0.03535353535353535 
0.03535353535353535 
0.03535353535353535 
0.03535353535353535 
0.03535353535353535 
0.03535353535353535 
0.03535353535353535 
0.03535353535353535 
0.03535353535353535 
0.03535353535353535 
0.03535353535353535 
0.03535353535353535 
0.03535353535353535 
0.03535353535353535 
0.03535353535353535 
0.03535353535353535 
0.03535353535353535 
0.03535353535353535 
0.03535353535353535 
0.03535353535353535 
0.03535353535353535 
0.03535353535353535 
0.03535353535353535 
0.03535353535353535 
0.03535353535353535 
0.03535353535353535 
0.03535353535353535 
0.03535353535353535 
0.03535353535353535 
0.03535353535353535 
0.03535353535353535 
0.03535353535353535 
0.03535353535353535 
0.03535353535353535 
0.03535353535353535 
0.03535353535353535 
0.03535353535353535 
0.03535353535353535 
0.03535353535353535 
0.03535353535353535 
0.03535353535353535 
0.03535353535353535 
0.03535353535353535 
0.03535353535353535 
0.03535353535353535 
0.03535353535353535 
0.03535353535353535 
0.03535353535353535 
0.03535353535353535 
0.03535353535353535 
0.03535353535353535 
0.03535353535353535 
0.03535353535353535 
0.03535353535353535 
0.03535353535353535 
0.03535353535353535 
0.03535353535353535 
0.03535353535353535 
0.03535353535353535 
0.03535353535353535 
0.03535353535353535 
0.03535353535353535 
0.03535353535353535 
0.03535353535353535 
0.03535353535353535 
0.03535353535353535 
0.03535353535353535 
0.03535353535353535 
0.03535353535353535 
0.03535353535353535 
0.03535353535353535 
0.03535353535353535 
0.03535353535353535 
0.03535353535353535 
0.03535353535353535 
0.03535353535353535 
0.03535353535353535 
0.03535353535353535 
0.03535353535353535 
0.03535353535353535 
0.03535353535353535 
0.03535353535353535 
0.03535353535353535 
0.03535353535353535 
0.03535353535353535 
0.03535353535353535 
0.03535353535353535 
0.03535353535353535 
0.03535353535353535 
0.03535353535353535 
0.03535353535353535 
0.03535353535353535 
0.03535353535353535 
0.03535353535353535 
0.03535353535353535 
0.03535353535353535 
0.03535353535353535 
0.03535353535353535 
0.03535353535353535 
0.03535353535353535 
0.03535353535353535 
0.03535353535353535 
0.03535353535353535 
0.03535353535353535 
0.03535353535353535 
0.03535353535353535 
0.03535353535353535 
0.03535353535353535 
0.03535353535353535 
0.03535353535353535 
0.03535353535353535 
0.03535353535353535 
0.03535353535353535 
0.03535353535353535 
0.03535353535353535 
0.03535353535353535 
0.03535353535353535 
0.03535353535353535 
0.03535353535353535 
0.03535353535353535 
0.03535353535353535 
0.03535353535353535 
0.03535353535353535 
0.03535353535353535 
0.03535353535353535 
0.03535353535353535 
0.03535353535353535 
0.03535353535353535 
0.03535353535353535 
0.03535353535353535 
0.03535353535353535 
0.03535353535353535 
0.03535353535353535 
0.03535353535353535 
0.03535353535353535 
0.03535353535353535 
0.03535353535353535 
0.03535353535353535 
0.03535353535353535 
0.03535353535353535 
0.03535353535353535 
0.03535353535353535 
0.03535353535353535 
0.03535353535353535 
0.03535353535353535 
0.03535353535353535 
0.03535353535353535 
0.03535353535353535 
0.03535353535353535 
0.03535353535353535 
0.03535353535353535 
0.03535353535353535 
0.03535353535353535 
0.03535353535353535 
0.03535353535353535 
0.03535353535353535 
0.03535353535353535 
0.03535353535353535 
0.03535353535353535 
0.03535353535353535 
0.03535353535353535 
0.03535353535353535 
0.03535353535353535 
0.03535353535353535 
0.03535353535353535 
0.03535353535353535 
0.03535353535353535 
0.03535353535353535 
0.03535353535353535 
0.03535353535353535 
0.03535353535353535 
0.03535353535353535 
0.03535353535353535 
0.03535353535353535 
0.03535353535353535 
0.03535353535353535 
0.03535353535353535 
0.03535353535353535 
0.03535353535353535 
0.03535353535353535 
0.03535353535353535 
0.03535353535353535 
0.03535353535353535 
0.03535353535353535 
0.03535353535353535 
0.03535353535353535 
0.03535353535353535 
0.03535353535353535 
0.03535353535353535 
0.03535353535353535 
0.03535353535353535 
0.03535353535353535 
0.03535353535353535 
0.03535353535353535 
0.03535353535353535 
0.03535353535353535 
0.03535353535353535 
0.03535353535353535 
0.03535353535353535 
0.03535353535353535 
0.03535353535353535 
0.03535353535353535 
0.03535353535353535 
0.03535353535353535 
0.03535353535353535 
0.03535353535353535 
0.03535353535353535 
0.03535353535353535 
0.03535353535353535 
0.03535353535353535 
0.03535353535353535 
0.03535353535353535 
0.03535353535353535 
0.03535353535353535 
0.03535353535353535 
0.03535353535353535 
0.03535353535353535 
0.03535353535353535 
0.03535353535353535 
0.03535353535353535 
0.03535353535353535 
0.03535353535353535 
0.03535353535353535 
0.03535353535353535 
0.03535353535353535 
0.03535353535353535 
0.03535353535353535 
0.03535353535353535 
0.03535353535353535 
0.03535353535353535 
0.03535353535353535 
0.03535353535353535 
0.03535353535353535 
0.03535353535353535 
0.03535353535353535 
0.03535353535353535 
0.03535353535353535 
0.03535353535353535 
0.03535353535353535 
0.03535353535353535 
0.03535353535353535 
0.03535353535353535 
0.03535353535353535 
0.03535353535353535 
0.03535353535353535 
0.03535353535353535 
0.03535353535353535 
0.03535353535353535 
0.03535353535353535 
0.03535353535353535 
0.03535353535353535 
0.03535353535353535 
0.03535353535353535 
0.03535353535353535 
0.03535353535353535 
0.03535353535353535 
0.03535353535353535 
0.03535353535353535 
0.03535353535353535 
0.03535353535353535 
0.03535353535353535 
0.03535353535353535 
0.03535353535353535 
0.03535353535353535 
0.03535353535353535 
0.03535353535353535 
0.03535353535353535 
0.03535353535353535 
0.03535353535353535 
0.03535353535353535 
0.03535353535353535 
0.03535353535353535 
0.03535353535353535 
0.03535353535353535 
0.03535353535353535 
0.03535353535353535 
0.03535353535353535 
0.03535353535353535 
0.03535353535353535 
0.03535353535353535 
0.03535353535353535 
0.03535353535353535 
0.03535353535353535 
0.03535353535353535 
0.03535353535353535 
0.03535353535353535 
0.03535353535353535 
0.03535353535353535 
0.03535353535353535 
0.03535353535353535 
0.03535353535353535 
0.03535353535353535 
0.03535353535353535 
0.03535353535353535 
0.03535353535353535 
0.03535353535353535 
0.03535353535353535 
0.03535353535353535 
0.03535353535353535 
0.03535353535353535 
0.03535353535353535 
0.03535353535353535 
0.03535353535353535 
0.03535353535353535 
0.03535353535353535 
0.03535353535353535 
0.03535353535353535 
0.03535353535353535 
0.03535353535353535 
0.03535353535353535 
0.03535353535353535 
0.03535353535353535 
0.03535353535353535 
0.03535353535353535 
0.03535353535353535 
0.03535353535353535 
0.03535353535353535 
0.03535353535353535 
0.03535353535353535 
0.03535353535353535 
0.03535353535353535 
0.03535353535353535 
0.03535353535353535 
0.03535353535353535 
0.03535353535353535 
0.03535353535353535 
0.03535353535353535 
0.03535353535353535 
0.03535353535353535 
0.03535353535353535 
0.03535353535353535 
0.03535353535353535 
0.03535353535353535 
0.03535353535353535 
0.03535353535353535 
0.03535353535353535 
0.03535353535353535 
0.03535353535353535 
0.03535353535353535 
0.03535353535353535 
0.03535353535353535 
0.03535353535353535 
0.03535353535353535 
0.03535353535353535 
0.03535353535353535 
0.03535353535353535 
0.03535353535353535 
0.03535353535353535 
0.03535353535353535 
0.03535353535353535 
0.03535353535353535 
0.03535353535353535 
0.03535353535353535 
0.03535353535353535 
0.03535353535353535 
0.03535353535353535 
0.03535353535353535 
0.03535353535353535 
0.03535353535353535 
0.03535353535353535 
0.03535353535353535 
0.03535353535353535 
0.03535353535353535 
0.03535353535353535 
0.03535353535353535 
0.03535353535353535 
0.03535353535353535 
0.03535353535353535 
0.03535353535353535 
0.03535353535353535 
0.03535353535353535 
0.03535353535353535 
0.03535353535353535 
0.03535353535353535 
0.03535353535353535 
0.03535353535353535 
0.03535353535353535 
0.03535353535353535 
0.03535353535353535 
0.03535353535353535 
0.03535353535353535 
0.03535353535353535 
0.03535353535353535 
0.03535353535353535 
0.03535353535353535 
0.03535353535353535 
0.03535353535353535 
0.03535353535353535 
0.03535353535353535 
0.03535353535353535 
0.03535353535353535 
0.03535353535353535 
0.03535353535353535 
0.03535353535353535 
0.03535353535353535 
0.03535353535353535 
0.03535353535353535 
0.03535353535353535 
0.03535353535353535 
0.03535353535353535 
0.03535353535353535 
0.03535353535353535 
0.03535353535353535 
0.03535353535353535 
0.03535353535353535 
0.03535353535353535 
0.03535353535353535 
0.03535353535353535 
0.03535353535353535 
0.03535353535353535 
0.03535353535353535 
0.03535353535353535 
0.03535353535353535 
0.03535353535353535 
0.03535353535353535 
0.03535353535353535 
0.03535353535353535 
0.03535353535353535 
0.03535353535353535 
0.03535353535353535 
0.03535353535353535 
0.03535353535353535 
0.03535353535353535 
0.03535353535353535 
0.03535353535353535 
0.03535353535353535 
0.03535353535353535 
0.03535353535353535 
0.03535353535353535 
0.03535353535353535 
0.03535353535353535 
0.03535353535353535 
0.03535353535353535 
0.03535353535353535 
0.03535353535353535 
0.03535353535353535 
0.03535353535353535 
0.03535353535353535 
0.03535353535353535 
0.03535353535353535 
0.03535353535353535 
0.03535353535353535 
0.03535353535353535 
0.03535353535353535 
0.03535353535353535 
0.03535353535353535 
0.03535353535353535 
0.03535353535353535 
0.03535353535353535 
0.03535353535353535 
0.03535353535353535 
0.03535353535353535 
0.03535353535353535 
0.03535353535353535 
0.03535353535353535 
0.03535353535353535 
0.03535353535353535 
0.03535353535353535 
0.03535353535353535 
0.03535353535353535 
0.03535353535353535 
0.03535353535353535 
0.03535353535353535 
0.03535353535353535 
0.03535353535353535 
0.03535353535353535 
0.03535353535353535 
0.03535353535353535 
0.03535353535353535 
0.03535353535353535 
0.03535353535353535 
0.03535353535353535 
0.03535353535353535 
0.03535353535353535 
0.03535353535353535 
0.03535353535353535 
0.03535353535353535 
0.03535353535353535 
0.03535353535353535 
0.03535353535353535 
0.03535353535353535 
0.03535353535353535 
0.03535353535353535 
0.03535353535353535 
0.03535353535353535 
0.03535353535353535 
0.03535353535353535 
0.03535353535353535 
0.03535353535353535 
0.03535353535353535 
0.03535353535353535 
0.03535353535353535 
0.03535353535353535 
0.03535353535353535 
0.03535353535353535 
0.03535353535353535 
0.03535353535353535 
0.03535353535353535 
0.03535353535353535 
0.03535353535353535 
0.03535353535353535 
0.03535353535353535 
0.03535353535353535 
0.03535353535353535 
0.03535353535353535 
0.03535353535353535 
0.03535353535353535 
0.03535353535353535 
0.03535353535353535 
0.03535353535353535 
0.03535353535353535 
0.03535353535353535 
0.03535353535353535 
0.03535353535353535 
0.03535353535353535 
0.03535353535353535 
0.03535353535353535 
0.03535353535353535 
0.03535353535353535 
0.03535353535353535 
0.03535353535353535 
0.03535353535353535 
0.03535353535353535 
0.03535353535353535 
0.03535353535353535 
0.03535353535353535 
0.03535353535353535 
0.03535353535353535 
0.03535353535353535 
0.03535353535353535 
0.03535353535353535 
0.03535353535353535 
0.03535353535353535 
0.03535353535353535 
0.03535353535353535 
0.03535353535353535 
0.03535353535353535 
0.03535353535353535 
0.03535353535353535 
0.03535353535353535 
0.03535353535353535 
0.03535353535353535 
0.03535353535353535 
0.03535353535353535 
0.03535353535353535 
0.03535353535353535 
0.03535353535353535 
0.03535353535353535 
0.03535353535353535 
0.03535353535353535 
0.03535353535353535 
0.03535353535353535 
0.03535353535353535 
0.03535353535353535 
0.03535353535353535 
0.03535353535353535 
0.03535353535353535 
0.03535353535353535 
0.03535353535353535 
0.03535353535353535 
0.03535353535353535 
0.03535353535353535 
0.03535353535353535 
0.03535353535353535 
0.03535353535353535 
0.03535353535353535 
0.03535353535353535 
0.03535353535353535 
0.03535353535353535 
0.03535353535353535 
0.03535353535353535 
0.03535353535353535 
0.03535353535353535 
0.03535353535353535 
0.03535353535353535 
0.03535353535353535 
0.03535353535353535 
0.03535353535353535 
0.03535353535353535 
0.03535353535353535 
0.03535353535353535 
0.03535353535353535 
0.03535353535353535 
0.03535353535353535 
0.03535353535353535 
0.03535353535353535 
0.03535353535353535 
0.03535353535353535 
0.03535353535353535 
0.03535353535353535 
0.03535353535353535 
0.03535353535353535 
0.03535353535353535 
0.03535353535353535 
0.03535353535353535 
0.03535353535353535 
0.03535353535353535 
0.03535353535353535 
0.03535353535353535 
0.03535353535353535 
0.03535353535353535 
0.03535353535353535 
0.03535353535353535 
0.03535353535353535 
0.03535353535353535 
0.03535353535353535 
0.03535353535353535 
0.03535353535353535 
0.03535353535353535 
0.03535353535353535 
0.03535353535353535 
0.03535353535353535 
0.03535353535353535 
0.03535353535353535 
0.03535353535353535 
0.03535353535353535 
0.03535353535353535 
0.03535353535353535 
0.03535353535353535 
0.03535353535353535 
0.03535353535353535 
0.03535353535353535 
0.03535353535353535 
0.03535353535353535 
0.03535353535353535 
0.03535353535353535 
0.03535353535353535 
0.03535353535353535 
0.03535353535353535 
0.03535353535353535 
0.03535353535353535 
0.03535353535353535 
0.03535353535353535 
0.03535353535353535 
0.03535353535353535 
0.03535353535353535 
0.03535353535353535 
0.03535353535353535 
0.03535353535353535 
0.03535353535353535 
0.03535353535353535 
0.03535353535353535 
0.03535353535353535 
0.03535353535353535 
0.03535353535353535 
0.03535353535353535 
0.03535353535353535 
0.03535353535353535 
0.03535353535353535 
0.03535353535353535 
0.03535353535353535 
0.03535353535353535 
0.03535353535353535 
0.03535353535353535 
0.03535353535353535 
0.03535353535353535 
0.03535353535353535 
0.03535353535353535 
0.03535353535353535 
0.03535353535353535 
0.03535353535353535 
0.03535353535353535 
0.03535353535353535 
0.03535353535353535 
0.03535353535353535 
0.03535353535353535 
0.03535353535353535 
0.03535353535353535 
0.03535353535353535 
0.03535353535353535 
0.03535353535353535 
0.03535353535353535 
0.03535353535353535 
0.03535353535353535 
0.03535353535353535 
0.03535353535353535 
0.03535353535353535 
0.03535353535353535 
0.03535353535353535 
0.03535353535353535 
0.03535353535353535 
0.03535353535353535 
0.03535353535353535 
0.03535353535353535 
0.03535353535353535 
0.03535353535353535 
0.03535353535353535 
0.03535353535353535 
0.03535353535353535 
0.03535353535353535 
0.03535353535353535 
0.03535353535353535 
0.03535353535353535 
0.03535353535353535 
0.03535353535353535 
0.03535353535353535 
0.03535353535353535 
0.03535353535353535 
0.03535353535353535 
0.03535353535353535 
0.03535353535353535 
0.03535353535353535 
0.03535353535353535 
0.03535353535353535 
0.03535353535353535 
0.03535353535353535 
0.03535353535353535 
0.03535353535353535 
0.03535353535353535 
0.03535353535353535 
0.03535353535353535 
0.03535353535353535 
0.03535353535353535 
0.03535353535353535 
0.03535353535353535 
0.03535353535353535 
0.03535353535353535 
0.03535353535353535 
0.03535353535353535 
0.03535353535353535 
0.03535353535353535 
0.03535353535353535 
0.03535353535353535 
0.03535353535353535 
0.03535353535353535 
0.03535353535353535 
0.03535353535353535 
0.03535353535353535 
0.03535353535353535 
0.03535353535353535 
0.03535353535353535 
0.03535353535353535 
0.03535353535353535 
0.03535353535353535 
0.03535353535353535 
0.03535353535353535 
0.03535353535353535 
0.03535353535353535 
0.03535353535353535 
0.03535353535353535 
0.03535353535353535 
0.03535353535353535 
0.03535353535353535 
0.03535353535353535 
0.03535353535353535 
0.03535353535353535 
0.03535353535353535 
0.03535353535353535 
0.03535353535353535 
0.03535353535353535 
0.03535353535353535 
0.03535353535353535 
0.03535353535353535 
0.03535353535353535 
0.03535353535353535 
0.03535353535353535 
0.03535353535353535 
0.03535353535353535 
0.03535353535353535 
0.03535353535353535 
0.03535353535353535 
0.03535353535353535 
0.03535353535353535 
0.03535353535353535 
0.03535353535353535 
0.03535353535353535 
0.03535353535353535 
0.03535353535353535 
0.03535353535353535 
0.03535353535353535 
0.03535353535353535 
0.03535353535353535 
0.03535353535353535 
