2.258156434393433 0.3263970416640423 -0.5602656229957257 0.9287343577745805 -1.0229125524594933 -5.96292053788813 
2.3019368831968907 1.5736117985504956 -6.289159206335124 -0.06652709668125349 0.38407734284836487 -2.0929527887706785 
2.283139380823478 2.855201731483336 -1.6253196591704246 4.70617927930877 0.20567940774339818 -2.2606277341952445 
0.8232780514808188 -4.996015066727584 2.5244158008398045 0.7669317491719392 -1.2230608098746907 -1.5408515363183422 
1.032842161866195 -3.9107851970879133 -3.3300703902290385 -0.13292155214097517 0.04562034659054852 2.259143780316646 
0.7782363356481694 -2.752138067163711 1.4517785106618888 4.357057423631732 -0.08211358218361826 2.1761843369816365 
1.2483508931307756 -1.7523387463058429 3.348764301228147 -1.3425979611790886 3.2931887796788892 -3.66190053435115 
1.2228639240197885 -0.4782334191646514 -2.4935406872118864 -2.232702444547695 4.446777609633552 0.20877638397727633 
0.9785081954843006 0.6523645718139337 2.107247125333105 2.1853262546751053 4.247697011617326 0.21001046303809878 


0.2941654563750639 0.025677739395601775 0.2004486531001696 0.3078741884518716 -1.2414783987860911 -1.2684627390254088 -0.4958095485896627 -0.6923443132647498 -0.5317244692065228 0.7480469701937333 
0.7723894772915209 0.2694740983043586 -1.149421663703899 -0.5479973125141998 0.5557886799641977 -1.052789321368954 -0.21535190894025247 0.15989158663338487 0.0839377510641466 0.7449720716575635 
-0.90289724371746 0.4717140147614918 0.07002366281099451 1.6081698768760038 0.2774189369253913 -0.1434432115591489 1.836423908578251 -0.798721043524958 -0.4393349469431219 0.12362435297181859 
-0.22834478420986998 -0.5215941766838481 0.24839952998704037 0.32057484225910493 -0.5242082339857879 0.23493480809663914 0.3226428632759051 0.9938601723989097 1.3165118815562824 1.2727597969586482 
0.9841636664547369 -1.3180714116990997 -0.9379672862001496 0.11644804809243277 0.008655812490703687 0.8591915177907963 0.12048862862861019 -1.2261841003784688 -0.15814226963846081 0.7233988437153867 


