0.471453131617756 
0.4237410422959214 
0.4211537219523077 
0.4198996965650119 
0.41946061076316676 
0.41928586728526007 
0.4191764855505833 
0.4190871944385779 
0.4190054430855227 
0.418931020142593 
0.4188660739487622 
0.4188098264517956 
0.4187595621259828 
0.418712571719873 
0.41866680706972037 
0.41862084043282394 
0.418573680364537 
0.4185246112283092 
0.41847307866751277 
0.4184186112762725 
0.41836076620043083 
0.4182990892720495 
0.41823308311288526 
0.41816217859171956 
0.418085706180669 
0.4180028643339277 
0.41791268216884125 
0.4178139735642105 
0.41770527936546903 
0.4175847937485696 
0.4174502700111261 
0.4172989002620705 
0.4171271629262736 
0.4169306321259898 
0.416703744557711 
0.41643952334706114 
0.41612926516765164 
0.4157622056206386 
0.4153251818311031 
0.4148022850721679 
0.4141743351606193 
0.413417090741184 
0.41248792840092185 
0.4100790536503224 
0.3697551548347287 
0.2930273779385635 
0.2359197241179911 
0.2087864987092798 
0.19364703656443152 
0.18388143611232338 
0.176877417955365 
0.17143941420297396 
0.16697249980209497 
0.16316091628499924 
0.15982785727287732 
0.15686924081582 
0.15422001335500643 
0.15183582205277205 
0.14968288249689712 
0.1477327559361002 
0.1459600408461176 
0.14434158144023707 
0.1428563154642233 
0.14148530432831402 
0.1402117516906843 
0.13902095062981815 
0.1379001588724376 
0.13683842498169305 
0.13582639405974878 
0.1348561172966338 
0.13392088109741063 
0.1330150626031151 
0.13213401129530533 
0.13127395171753992 
0.13043190020844583 
0.12960558862378513 
0.1287933896167621 
0.12799424010505375 
0.127207561133737 
0.12643317307828641 
0.1256712053586837 
0.12492200020778106 
0.12418601091918818 
0.12346369626344018 
0.12275541431730361 
0.12206132138744927 
0.12138128575061444 
0.12071483051596338 
0.12006112110613536 
0.11941900649153653 
0.11878711023702912 
0.1181639545214882 
0.11754809346356852 
0.11693822997197514 
0.11633329120244436 
0.11573244963547712 
0.11513510545637294 
0.1145408702092617 
0.11394957633762767 
0.11336128566127492 
0.11277624172453465 
0.11219475177500574 
0.11161705254724824 
0.1110432320279771 
0.11047323711772135 
0.10990694813749402 
0.10934428039842145 
0.10878527223890262 
0.10823012291258186 
0.10767915521023226 
0.10713270612828413 
0.10659098897073538 
0.1060540014501933 
0.10552155939428304 
0.10499350280982447 
0.10447002931233729 
0.10395197207632911 
0.10344079267416555 
0.10293824489500457 
0.1024459259362712 
0.10196496753156428 
0.1014959511151152 
0.10103898484425057 
0.10059384476388206 
0.10016011130927792 
0.09973727166071147 
0.09932478488127178 
0.09892211808899967 
0.09852876373430668 
0.09814424599106883 
0.09776812155271267 
0.0973999779791911 
0.09703943136221008 
0.09668612430038113 
0.09633972478323977 
0.09599992638437478 
0.0956664499967982 
0.09533904705068132 
0.09501750359876751 
0.09470164383028805 
0.09439133079485508 
0.09408646209873255 
0.09378695975511214 
0.09349275591868586 
0.09320377829509893 
0.09291993905444218 
0.09264112931350349 
0.09236721917137705 
0.0920980619144033 
0.09183350046368383 
0.09157337423105717 
0.09131752506171059 
0.09106580160097466 
0.09081806198051631 
0.09057417505918781 
0.09033402058869612 
0.09009748867415435 
0.0898644788346193 
0.08963489888638203 
0.08940866379676882 
0.0891856945975603 
0.08896591740549303 
0.08874926256985927 
0.08853566395028416 
0.08832505831799613 
0.08811738486887097 
0.08791258483435961 
0.08771060117596759 
0.08751137834952914 
0.08731486212660254 
0.0871209994616696 
0.08692973839532438 
0.0867410279850691 
0.08655481825679438 
0.08637106017131053 
0.08618970560149035 
0.08601070731663175 
0.085834018971512 
0.08565959509834839 
0.08548739110046166 
0.0853173632468598 
0.08514946866730981 
0.08498366534767064 
0.08481991212539865 
0.08465816868523116 
0.08449839555505957 
0.08434055410203467 
0.08418460652890375 
0.08403051587057025 
0.08387824599082726 
0.08372776157919935 
0.08357902814779088 
0.08343201202802246 
0.0832866803671245 
0.08314300112423872 
0.08300094306597407 
0.08286047576124728 
0.08272156957525184 
0.0825841956623894 
0.08244832595800286 
0.08231393316877977 
0.08218099076168721 
0.08204947295134558 
0.08191935468576857 
0.08179061163042937 
0.08166322015066178 
0.08153715729244343 
0.08141240076165006 
0.08128892890192164 
0.08116672067131446 
0.08104575561796035 
0.08092601385497082 
0.08080747603486751 
0.08069012332380995 
0.08057393737591492 
0.08045890030794974 
0.08034499467465893 
0.08023220344497348 
0.08012050997930749 
0.08000989800811904 
0.07990035161187777 
0.0797918552025174 
0.07968439350644098 
0.07957795154908509 
0.07947251464102326 
0.07936806836555563 
0.07926459856770818 
0.0791620913445428 
0.07906053303666251 
0.07895991022079484 
0.07886020970332099 
0.0787614185146314 
0.07866352390418033 
0.07856651333612483 
0.07847037448544146 
0.078375095234427 
0.07828066366949044 
0.07818706807817134 
0.07809429694631394 
0.07800233895534885 
0.0779111829796373 
0.07782081808385369 
0.07773123352036376 
0.07764241872660284 
0.07755436332242038 
0.07746705710740386 
0.07738049005816101 
0.07729465232557425 
0.07720953423202051 
0.07712512626856703 
0.07704141909214343 
0.07695840352270188 
0.07687607054036452 
0.07679441128257186 
0.07671341704123295 
0.07663307925988777 
0.07655338953088343 
0.07647433959257277 
0.0763959213265358 
0.07631812675483185 
0.07624094803728591 
0.07616437746880585 
0.07608840747674232 
0.07601303061828195 
0.07593823957788882 
0.07586402716478167 
0.07579038631045801 
0.07571731006625787 
0.07564479160097552 
0.07557282419851058 
0.07550140125556504 
0.07543051627938148 
0.07536016288552695 
0.07529033479571812 
0.07522102583568432 
0.07515222993307978 
0.07508394111542943 
0.07501615350811901 
0.07494886133242462 
0.07488205890357834 
0.07481574062887521 
0.07474990100581802 
0.07468453462029542 
0.0746196361448025 
0.07455520033669406 
0.07449122203647339 
0.07442769616611467 
0.0743646177274262 
0.07430198180043776 
0.07423978354183196 
0.07417801818339889 
0.07411668103052951 
0.07405576746074023 
0.0739952729222234 
0.0739351929324387 
0.07387552307672422 
0.07381625900694581 
0.07375739644017096 
0.07369893115737451 
0.07364085900217149 
0.07358317587957647 
0.07352587775479577 
0.0734689606520407 
0.07341242065337047 
0.07335625389756083 
0.07330045657899764 
0.07324502494659786 
0.07318995530275155 
0.07313524400229077 
0.07308088745148006 
0.07302688210703404 
0.07297322447515311 
0.07291991111058259 
0.07286693861569712 
0.07281430363960065 
0.07276200287725297 
0.07271003306861101 
0.07265839099779559 
0.07260707349227238 
0.07255607742205766 
0.07250539969893394 
0.07245503727569551 
0.07240498714540022 
0.07235524634064569 
0.07230581193285993 
0.07225668103160765 
0.07220785078391487 
0.07215931837360556 
0.07211108102065784 
0.07206313598057079 
0.07201548054374944 
0.07196811203489964 
0.07192102781244152 
0.07187422526793152 
0.07182770182550109 
0.07178145494130572 
0.07173548210298591 
0.07168978082914425 
0.0716443486688284 
0.07159918320102904 
0.0715542820341889 
0.07150964280571949 
0.07146526318153379 
0.0714211408555818 
0.07137727354940322 
0.0713336590116844 
0.07129029501782815 
0.0712471793695308 
0.07120430989436842 
0.07116168444539298 
0.07111930090073405 
0.07107715716321344 
0.07103525115996162 
0.07099358084204832 
0.07095214418411554 
0.07091093918402067 
0.07086996386248672 
0.07082921626275836 
0.07078869445026552 
0.07074839651229274 
0.07070832055765701 
0.07066846471639078 
0.07062882713942845 
0.07058940599830436 
0.07055019948485104 
0.07051120581090833 
0.07047242320803226 
0.07043384992721466 
0.07039548423860474 
0.07035732443123749 
0.07031936881276626 
0.07028161570919939 
0.07024406346464358 
0.0702067104410516 
0.0701695550179723 
0.07013259559230746 
0.07009583057807159 
0.07005925840615711 
0.07002287752410308 
0.06998668639586655 
0.06995068350160137 
0.06991486733743568 
0.06987923641525945 
0.06984378926250927 
0.06980852442196216 
0.06977344045152889 
0.06973853592405288 
0.0697038094271128 
0.06966925956282545 
0.06963488494765627 
0.06960068421222894 
0.06956665600114124 
0.06953279897278 
0.0694991117991447 
0.06946559316566767 
0.06943224177104265 
0.06939905632705118 
0.06936603555839564 
0.06933317820253258 
0.06930048300950964 
0.06926794874180531 
0.06923557417416946 
0.06920335809346721 
0.06917129929852879 
0.06913939659999382 
0.06910764882016511 
0.06907605479286089 
0.06904461336327194 
0.06901332338781763 
0.06898218373400647 
0.0689511932802979 
0.06892035091596704 
0.0688896555409689 
0.068859106065809 
0.06882870141140929 
0.06879844050898397 
0.0687683222999102 
0.06873834573560576 
0.06870850977740368 
0.0686788133964331 
0.06864925557350035 
0.06861983529896808 
0.06859055157264277 
0.0685614034036597 
0.06853238981036798 
0.06850350982022145 
0.06847476246966912 
0.06844614680404512 
0.06841766187746434 
0.06838930675271553 
0.06836108050115766 
0.06833298220261914 
0.06830501094529505 
0.06827716582564738 
0.06824944594830959 
0.06822185042598655 
0.06819437837935902 
0.06816702893699157 
0.06813980123523798 
0.06811269441814925 
0.06808570763738324 
0.06805884005211396 
0.06803209082894568 
0.0680054591418236 
0.06797894417194905 
0.06795254510769352 
0.067926261144515 
0.0679000914848758 
0.06787403533816146 
0.06784809192059676 
0.06782226045517052 
0.06779654017155377 
0.06777093030602273 
0.06774543010138331 
0.06772003880689396 
0.06769475567819108 
0.06766957997721543 
0.06764451097213965 
0.06761954793729492 
0.0675946901531009 
0.06756993690599543 
0.06754528748836296 
0.06752074119846874 
0.06749629734038963 
0.0674719552239465 
0.06744771416463965 
0.06742357348358183 
0.06739953250743488 
0.06737559056834379 
0.06735174700387563 
0.06732800115695681 
0.0673043523758108 
0.06728080001389738 
0.06725734342985107 
0.06723398198742503 
0.0672107150554286 
0.06718754200767013 
0.0671644622229004 
0.06714147508475518 
0.06711857998169757 
0.06709577630696484 
0.06707306345851137 
0.06705044083895446 
0.06702790785552158 
0.06700546391999619 
0.06698310844866545 
0.06696084086226821 
0.06693866058594257 
0.06691656704917552 
0.06689455968575328 
0.06687263793371033 
0.0668508012352795 
0.0668290490368455 
0.06680738078889285 
0.06678579594596204 
0.0667642939665987 
0.06674287431330903 
0.06672153645251283 
0.06670027985449677 
0.0666791039933689 
0.06665800834701538 
0.06663699239705369 
0.06661605562879008 
0.06659519753117471 
0.066574417596759 
0.06655371532165331 
0.06653309020548286 
0.06651254175134734 
0.06649206946577804 
0.06647167285869778 
0.06645135144337923 
0.06643110473640364 
0.06641093225762322 
0.06639083353011864 
0.06637080808016162 
0.06635085543717484 
0.06633097513369324 
0.06631116670532684 
0.06629142969072112 
0.06627176363152075 
0.0662521680723313 
0.06623264256068345 
0.06621318664699499 
0.06619379988453393 
0.06617448182938584 
0.06615523204041415 
0.06613605007922649 
0.06611693551014029 
0.06609788790014547 
0.06607890681887334 
0.0660599918385592 
0.0660411425340094 
0.0660223584825686 
0.0660036392640852 
0.06598498446087792 
0.06596639365770395 
0.06594786644172614 
0.0659294024024784 
0.06591100113183733 
0.06589266222398742 
0.06587438527539015 
0.06585616988475274 
0.06583801565299768 
0.06581992218323052 
0.06580188908070862 
0.06578391595281413 
0.06576600240901907 
0.06574814806085925 
0.06573035252190283 
0.06571261540771925 
0.0656949363358533 
0.06567731492579335 
0.06565975079894291 
0.06564224357859356 
0.06562479288989398 
0.06560739835982345 
0.06559005961716366 
0.06557277629246948 
0.06555554801804367 
0.06553837442790807 
0.06552125515777499 
0.06550418984502387 
0.0654871781286708 
0.06547021964934442 
0.0654533140492586 
0.0654364609721856 
0.06541966006343126 
0.06540291096980942 
0.06538621333961607 
0.06536956682260169 
0.06535297106995047 
0.06533642573425229 
0.06531993046947944 
0.06530348493095997 
0.06528708877535815 
0.0652707416606438 
0.06525444324607514 
0.06523819319217022 
0.06522199116068637 
0.06520583681459609 
0.06518972981806415 
0.06517366983642467 
0.06515765653615997 
0.06514168958487625 
0.06512576865128378 
0.06510989340517478 
0.06509406351740013 
0.06507827865985091 
0.06506253850543575 
0.06504684272806002 
0.06503119100260757 
0.0650155830049184 
0.06500001841176987 
0.06498449690085738 
0.06496901815077388 
0.06495358184099367 
0.06493818765185143 
0.06492283526452447 
0.06490752436101589 
0.06489225462413609 
0.06487702573748547 
0.06486183738543845 
0.0648466892531265 
0.06483158102642193 
0.06481651239192265 
0.06480148303693574 
0.06478649264946486 
0.06477154091819282 
0.06475662753247047 
0.06474175218230083 
0.06472691455832735 
0.0647121143518204 
0.06469735125466608 
0.06468262495935395 
0.06466793515896556 
0.06465328154716478 
0.06463866381818639 
0.06462408166682834 
0.06460953478844118 
0.06459502287892024 
0.06458054563469863 
0.06456610275273858 
0.0645516939305271 
0.06453731886606762 
0.06452297725787688 
0.06450866880497938 
0.06449439320690473 
0.06448015016368282 
0.06446593937584333 
0.0644517605444134 
0.0644376133709165 
0.06442349755737473 
0.06440941280630659 
0.06439535882073068 
0.06438133530416917 
0.0643673419606489 
0.06435337849470786 
0.06433944461140051 
0.0643255400163026 
0.06431166441552136 
0.0642978175156999 
0.06428399902403131 
0.06427020864826578 
0.06425644609672256 
0.06424271107830462 
0.06422900330250973 
0.06421532247944728 
0.06420166831985404 
0.0641880405351115 
0.0641744388372625 
0.06416086293903428 
0.06414731255385658 
0.06413378739588596 
0.0641202871800274 
0.06410681162196051 
0.06409336043816578 
0.06407993334595062 
0.06406653006348068 
0.06405315030980745 
0.0640397938049025 
0.06402646026968858 
0.06401314942607468 
0.06399986099699266 
0.06398659470643381 
0.0639733502794888 
0.06396012744238701 
0.0639469259225378 
0.0639337454485756 
0.06392058575040287 
0.06390744655923772 
0.06389432760766055 
0.06388122862966289 
0.0638681493607001 
0.06385508953774069 
0.06384204889932199 
0.06382902718560296 
0.06381602413842283 
0.06380303950135723 
0.06379007301977657 
0.06377712444090819 
0.06376419351389725 
0.06375127998986924 
0.0637383836219939 
0.06372550416555096 
0.0637126413779969 
0.06369979501903138 
0.06368696485066477 
0.06367415063729151 
0.06366135214575587 
0.06364856914542574 
0.06363580140826214 
0.06362304870889499 
0.06361031082469179 
0.06359758753583568 
0.06358487862539543 
0.06357218387940164 
0.06355950308692092 
0.06354683604012909 
0.06353418253438677 
0.06352154236831314 
0.06350891534385886 
0.06349630126638087 
0.06348369994471353 
0.06347111119124241 
0.06345853482197426 
0.06344597065660834 
0.063433418518604 
0.0634208782352492 
0.0634083496377275 
0.06339583256118146 
0.0633833268447759 
0.06337083233175873 
0.06335834886951995 
0.06334587630964739 
0.06333341450798012 
0.06332096332466136 
0.0633085226241852 
0.06329609227544193 
0.06328367215176141 
0.06327126213094947 
0.063258862095325 
0.06324647193175098 
0.06323409153166062 
0.06322172079108279 
0.06320935961065921 
0.06319700789566057 
0.0631846655559966 
0.06317233250622142 
0.06316000866553499 
0.06314769395777727 
0.06313538831142217 
0.06312309165956016 
0.06311080393988064 
0.06309852509464733 
0.06308625507066697 
0.06307399381925369 
0.0630617412961884 
0.0630494974616735 
0.06303726228027773 
0.06302503572088067 
0.06301281775660827 
0.06300060836476558 
0.06298840752676019 
0.06297621522802548 
0.06296403145793264 
0.06295185620970255 
0.06293968948030969 
0.06292753127038313 
0.0629153815840993 
0.06290324042907325 
0.06289110781624561 
0.06287898375976304 
0.06286686827685398 
0.06285476138770557 
0.06284266311533149 
0.0628305734854389 
0.06281849252629226 
0.06280642026857435 
0.06279435674524399 
0.0627823019913923 
0.06277025604409749 
0.06275821894227722 
0.06274619072653953 
0.06273417143903467 
0.06272216112330406 
0.06271015982413138 
0.06269816758739098 
0.06268618445990022 
0.06267421048927033 
0.06266224572375768 
0.06265029021212076 
0.06263834400347319 
0.0626264071471437 
0.06261447969253746 
0.06260256168899703 
0.06259065318567214 
0.06257875423138791 
0.06256686487451948 
0.06255498516287014 
0.0625431151435512 
0.06253125486287109 
0.06251940436622491 
0.06250756369799053 
0.06249573290143041 
0.06248391201859644 
0.06247210109024161 
0.06246030015573781 
0.06244850925299725 
0.062436728418400554 
0.06242495768673146 
0.06241319709111548 
0.06240144666296399 
0.06238970643192839 
0.0623779764258534 
0.0623662566707408 
0.062354547190718604 
0.06234284800801351 
0.062331159142929075 
0.06231948061383261 
0.062307812437143915 
0.06229615462732955 
0.06228450719690491 
0.06227287015643653 
0.062261243514553796 
0.06224962727796287 
0.062238021451463614 
0.06222642603797466 
0.06221484103855787 
0.062203266452449904 
0.06219170227709683 
0.06218014850818905 
0.06216860513970437 
0.06215707216394994 
0.062145549571607846 
0.062134037351785465 
0.06212253549206385 
0.06211104397855213 
0.06209956279594171 
0.06208809192756291 
0.0620766313554414 
0.06206518106035823 
0.06205374102190915 
0.06204231121856573 
0.062030891627736166 
0.062019482225828565 
0.06200808298830999 
0.06199669388977195 
0.06198531490399122 
0.06197394600399136 
0.061962587162105426 
0.06195123835003702 
0.061939899538919874 
0.06192857069938019 
0.061917251801592306 
0.06190594281534119 
0.061894643710075595 
0.06188335445496749 
0.061872075018964405 
0.0618608053708453 
0.06184954547927165 
0.06183829531283942 
0.06182705484012729 
0.06181582402974643 
0.06180460285038657 
0.06179339127086042 
0.06178218926014836 
0.06177099678743918 
0.061759813822172716 
0.06174864033407496 
0.06173747629319932 
0.06172632166995918 
0.06171517643516301 
0.061704040560046323 
0.061692914016303925 
0.06168179677611636 
0.06167068881217956 
0.06165959009773074 
0.0616485006065716 
0.06163742031309322 
0.061626349192296606 
0.06161528721981303 
0.06160423437192143 
0.061593190625568894 
0.06158215595838408 
0.061571130348692535 
0.06156011377553002 
0.061549106218656266 
0.06153810765856294 
0.06152711807648682 
0.06151613745441606 
0.06150516577509938 
0.061494203022051455 
0.06148324917955971 
0.06147230423268726 
0.06146136816727898 
0.06145044096996175 
0.061439522628148766 
0.061428613130038286 
0.06141771246461553 
0.061406820621652425 
0.06139593759170471 
0.061385063366112304 
0.0613741979369954 
0.06136334129725058 
0.06135249344055052 
0.06134165436133471 
0.061330824054810135 
0.061320002516940794 
0.06130918974444612 
0.06129838573479201 
0.061287590486186296 
0.061276803997569705 
0.06126602626861047 
0.06125525729969483 
0.061244497091920626 
0.06123374564708694 
0.061223002967688386 
0.061212269056903995 
0.06120154391858841 
0.061190827557263565 
0.06118011997810778 
0.061169421186947605 
0.06115873119024729 
0.06114804999509811 
0.06113737760921001 
0.06112671404089869 
0.061116059299078075 
0.06110541339324834 
0.06109477633348545 
0.06108414813043077 
0.06107352879528066 
0.06106291833977536 
0.06105231677618871 
0.06104172411731679 
0.061031140376467875 
0.06102056556745132 
0.06100999970456644 
0.060999442802592715 
0.060988894876777264 
0.06097835594282637 
0.060967826016893364 
0.060957305115567434 
0.06094679325586433 
0.060936290455216154 
0.06092579673145872 
0.06091531210282181 
0.06090483658792077 
0.060894370205743335 
0.060883912975640955 
0.06087346491731818 
0.06086302605082285 
0.06085259639653434 
0.06084217597515629 
0.06083176480770481 
0.060821362915498944 
0.06081097032015092 
0.060800587043556946 
0.06079021310788742 
0.06077984853557666 
0.06076949334931543 
0.06075914757203937 
0.06074881122692092 
0.06073848433736043 
0.0607281669269773 
0.0607178590195993 
0.06070756063925712 
0.060697271810171254 
0.0606869925567481 
0.06067672290356695 
0.0606664628753754 
0.06065621249707879 
0.06064597179373242 
0.06063574079053409 
0.0606255195128149 
0.060615307986033026 
0.06060510623576397 
0.060594914287694944 
0.060584732167615396 
0.06057455990141031 
0.06056439751505329 
0.06055424503459919 
0.06054410248617499 
0.06053396989597593 
0.0605238472902554 
0.06051373469532068 
0.06050363213752458 
0.06049353964325868 
0.06048345723894715 
0.060473384951041084 
0.0604633228060106 
0.060453270830339384 
0.060443229050518285 
0.060433197493039256 
0.060423176184389284 
0.060413165151044605 
0.060403164419465125 
0.060393174016086695 
0.06038319396731914 
0.06037322429953767 
0.06036326503907846 
0.060353316212233124 
0.060343377845243934 
0.06033344996429739 
0.0603235325955212 
0.06031362576497732 
0.060303729498657706 
0.06029384382247944 
0.060283968762280364 
0.06027410434381353 
0.06026425059274424 
0.06025440753464341 
0.06024457519498446 
0.06023475359913954 
0.06022494277237308 
0.06021514273984055 
0.06020535352658171 
0.06019557515751865 
0.06018580765745032 
0.060176051051049215 
0.06016630536285819 
0.060156570617285895 
0.06014684683860454 
0.06013713405094383 
0.060127432278290066 
0.060117741544481636 
0.06010806187320566 
0.06009839328799461 
0.060088735812223876 
0.06007908946910794 
0.060069454281697444 
0.06005983027287707 
0.060050217465361294 
0.060040615881692225 
0.06003102554423785 
0.06002144647518749 
0.06001187869655007 
0.06000232223015184 
0.05999277709763482 
0.0599832433204506 
0.0599737209198629 
0.059964209916941805 
0.05995471033256367 
0.059945222187407554 
0.05993574550195344 
0.05992628029648005 
0.05991682659106441 
0.05990738440557754 
0.059897953759684326 
0.05988853467284047 
0.059879127164292834 
0.059869731253075195 
0.05986034695800776 
0.05985097429769686 
0.0598416132905307 
0.059832263954680644 
0.05982292630809802 
0.059813600368512986 
0.05980428615343469 
0.0597949836801479 
0.05978569296571326 
0.05977641402696603 
0.059767146880514245 
0.059757891542738195 
0.059748648029790366 
0.05973941635759165 
0.05973019654183341 
0.059720988597976206 
0.05971179254124753 
0.05970260838664178 
0.05969343614891986 
0.05968427584260834 
0.059675127481999185 
0.05966599108114778 
0.05965686665387459 
0.05964775421376285 
0.059638653774158744 
0.059629565348171404 
0.05962048894867189 
0.05961142458829349 
0.05960237227943105 
0.05959333203424013 
0.05958430386463882 
0.05957528778230486 
0.05956628379867735 
0.05955729192495659 
0.05954831217210356 
0.0595393445508392 
0.059530389071646136 
0.05952144574476753 
0.05951251458020627 
0.05950359558772857 
0.05949468877685928 
0.05948579415688693 
0.05947691173685975 
0.059468041525588315 
0.059459183531645435 
0.05945033776336665 
0.05944150422884967 
0.05943268293595524 
0.05942387389230823 
0.0594150771052965 
0.05940629258207261 
0.05939752032955455 
0.05938876035442567 
0.059380012663133246 
0.05937127726189352 
0.059362554156688105 
0.05935384335326697 
0.059345144857148265 
0.059336458673618565 
0.05932778480773433 
0.05931912326432257 
0.05931047404798046 
0.05930183716307797 
0.059293212613756904 
0.05928460040393233 
0.0592760005372933 
0.05926741301730449 
0.0592588378472056 
0.059250275030013067 
0.05924172456852128 
0.05923318646530243 
0.059224660722708516 
0.059216147342871624 
0.059207646327704616 
0.05919915767890377 
0.05919068139794644 
0.05918221748609617 
0.0591737659444005 
0.059165326773693745 
0.05915689997459722 
0.05914848554752052 
0.059140083492662865 
0.05913169381001323 
0.05912331649935259 
0.05911495156025533 
0.05910659899208827 
0.05909825879401401 
0.05908993096499078 
0.059081615503774845 
0.05907331240891897 
0.05906502167877775 
0.05905674331150511 
0.05904847730505747 
0.05904022365719391 
0.059031982365478776 
0.05902375342728026 
0.05901553683977542 
0.05900733259994789 
0.05899914070459113 
0.05899096115030934 
0.058982793933518275 
0.058974639050446344 
0.058966496497136894 
0.05895836626944875 
0.05895024836305798 
0.05894214277345754 
0.058934049495961316 
0.058925968525703025 
0.05891789985763904 
0.05890984348654916 
0.05890179940703723 
0.058893767613533744 
0.058885748100296495 
0.05887774086141147 
0.05886974589079492 
0.058861763182194674 
0.05885379272919077 
0.05884583452519753 
0.05883788856346419 
0.058829954837077786 
0.05882203333896118 
0.05881412406187893 
0.05880622699843504 
0.05879834214107554 
0.058790469482089734 
0.05878260901361248 
0.058774760727623686 
0.0587669246159513 
0.05875910067027144 
0.05875128888211088 
0.05874348924284753 
0.05873570174371219 
0.05872792637578986 
0.058720163130020556 
0.05871241199720112 
0.05870467296798712 
0.05869694603289333 
0.058689231182295055 
0.05868152840643005 
0.058673837695399036 
0.05866615903916827 
0.05865849242756976 
0.058650837850302964 
0.058643195296935645 
0.058635564756906774 
0.058627946219525745 
0.058620339673975036 
0.05861274510931146 
0.05860516251446603 
0.058597591878248284 
0.05859003318934392 
0.05858248643631843 
0.058574951607618685 
0.05856742869157211 
0.05855991767639012 
0.05855241855016813 
0.05854493130088728 
0.05853745591641556 
0.058529992384509434 
0.058522540692814526 
0.05851510082886746 
0.05850767278009649 
0.05850025653382353 
0.05849285207726487 
0.0584854593975316 
0.05847807848163292 
0.05847070931647635 
0.058463351888868115 
0.058456006185514685 
0.058448672193024985 
0.05844134989791096 
0.05843403928658921 
0.058426740345380514 
0.058419453060513445 
0.05841217741812396 
0.05840491340425709 
0.05839766100486772 
0.058390420205822226 
0.058383190992900034 
0.058375973351793224 
0.05836876726810945 
0.05836157272737214 
0.05835438971502159 
0.05834721821641631 
0.05834005821683447 
0.058332909701474284 
0.05832577265545605 
0.05831864706382169 
0.058311532911538594 
0.0583044301834978 
0.058297338864515776 
0.05829025893933821 
0.05828319039263599 
0.05827613320901151 
0.05826908737299623 
0.058262052869053414 
0.05825502968157867 
0.05824801779490052 
0.05824101719328223 
0.05823402786092239 
0.058227049781955885 
0.05822008294045548 
0.05821312732043264 
0.0582061829058372 
0.058199249680560394 
0.05819232762843479 
0.058185416733235254 
0.058178516978679845 
0.058171628348431564 
0.05816475082609841 
0.05815788439523456 
0.05815102903934164 
0.0581441847418693 
0.05813735148621661 
0.05813052925573217 
0.058123718033715986 
0.05811691780341961 
0.058110128548047764 
0.0581033502507587 
0.05809658289466458 
0.0580898264628339 
0.05808308093829122 
0.058076346304017916 
0.05806962254295419 
0.05806290963799835 
0.05805620757200878 
0.05804951632780461 
0.05804283588816659 
0.058036166235837 
0.05802950735352206 
0.05802285922389165 
0.058016221829580085 
0.058009595153187564 
0.058002979177280145 
0.05799637388439202 
0.05798977925702399 
0.05798319527764632 
0.05797662192869886 
0.05797005919259154 
0.05796350705170474 
0.0579569654883911 
0.057950434484975444 
0.05794391402375665 
0.05793740408700582 
0.05793090465697074 
0.057924415715873166 
0.05791793724591163 
0.05791146922926073 
0.05790501164807342 
0.057898564484481135 
0.05789212772059252 
0.05788570133849755 
0.057879285320265775 
0.05787287964794742 
0.057866484303574765 
0.057860099269161365 
0.05785372452670514 
0.05784736005818656 
0.05784100584557002 
0.057834661870806 
0.057828328115828574 
0.057822004562559516 
0.05781569119290623 
0.05780938798876354 
0.05780309493201474 
0.05779681200453082 
0.0577905391881725 
0.05778427646478921 
0.05777802381622152 
0.0577717812243003 
0.05776554867084821 
0.05775932613767882 
0.057753113606599515 
0.05774691105940981 
0.05774071847790287 
0.05773453584386638 
0.05772836313908209 
0.057722200345327476 
0.05771604744437507 
0.05770990441799449 
0.05770377124795094 
0.057697647916008024 
0.057691534403925986 
0.057685430693464004 
0.057679336766379576 
0.0576732526044297 
0.05766717818937103 
0.057661113502960146 
0.05765505852695457 
0.05764901324311216 
0.05764297763319292 
0.05763695167895919 
0.05763093536217464 
0.05762492866460748 
0.05761893156802743 
0.05761294405420895 
0.057606966104930914 
0.057600997701976124 
0.057595038827132516 
0.05758908946219409 
0.057583149588960235 
0.057577219189236806 
0.0575712982448361 
0.057565386737577245 
0.0575594846492874 
0.05755359196180161 
0.05754770865696233 
0.057541834716621866 
0.05753597012263998 
0.05753011485688672 
0.05752426890124225 
0.057518432237595625 
0.057512604847847475 
0.057506786713908256 
0.05750097781770007 
0.05749517814115634 
0.05748938766622296 
0.057483606374856784 
0.05747783424902785 
0.05747207127071868 
0.05746631742192537 
0.057460572684656736 
0.057454837040936554 
0.05744911047280147 
0.05744339296230281 
0.05743768449150681 
0.057431985042494846 
0.05742629459736302 
0.057420613138223234 
0.057414940647203476 
0.05740927710644754 
0.05740362249811548 
0.05739797680438491 
0.05739234000744892 
0.05738671208951992 
0.05738109303282546 
0.05737548281961235 
0.057369881432145005 
0.057364288852706384 
0.05735870506359737 
0.05735313004713806 
0.057347563785667285 
0.057342006261543475 
0.057336457457144545 
0.05733091735486781 
0.05732538593713019 
0.057319863186369564 
0.05731434908504399 
0.05730884361563224 
0.05730334676063324 
0.0572978585025676 
0.05729237882397719 
0.0572869077074254 
0.057281445135496545 
0.05727599109079786 
0.057270545555958216 
0.05726510851362834 
0.05725967994648225 
0.05725425983721598 
0.0572488481685486 
0.05724344492322207 
0.057238050084001645 
0.05723266363367624 
0.057227285555058516 
0.05722191583098385 
0.05721655444431237 
0.057211201377928116 
0.057205856614739425 
0.05720052013767872 
0.05719519192970298 
0.05718987197379441 
0.05718456025295988 
0.05717925675023108 
0.05717396144866491 
0.05716867433134344 
0.05716339538137493 
0.05715812458189239 
0.05715286191605487 
0.05714760736704753 
0.057142360918081 
0.05713712255239258 
0.05713189225324587 
0.05712667000393066 
0.05712145578776272 
0.05711624958808527 
0.05711105138826884 
0.0571058611717088 
0.05710067892182959 
0.05709550462208154 
0.0570903382559427 
0.05708517980691851 
0.057080029258541366 
0.05707488659437169 
0.05706975179799779 
0.05706462485303484 
0.05705950574312622 
0.057054394451944 
0.05704929096318689 
0.05704419526058311 
0.05703910732788857 
0.05703402714888714 
0.05702895470739096 
0.05702388998724193 
0.05701883297230886 
0.057013783646490505 
0.05700874199371376 
0.05700370799793419 
0.05699868164313648 
0.0569936629133339 
0.05698865179256971 
0.05698364826491531 
0.05697865231447135 
0.05697366392536815 
0.05696868308176485 
0.05696370976785062 
0.056958743967843166 
0.05695378566598998 
0.05694883484656871 
0.056943891493885415 
0.05693895559227707 
0.05693402712611011 
0.056929106079779225 
0.056924192437710915 
0.05691928618436009 
0.056914387304212756 
0.05690949578178404 
0.05690461160161877 
0.0568997347482928 
0.056894865206411356 
0.0568900029606105 
0.05688514799555489 
0.05688030029594089 
0.056875459846494954 
0.05687062663197296 
0.056865800637161755 
0.05686098184687837 
0.05685617024596982 
0.05685136581931423 
0.056846568551819174 
0.05684177842842391 
0.056836995434096926 
0.05683221955383793 
0.05682745077267677 
0.056822689075674206 
0.05681793444792117 
0.05681318687453962 
0.05680844634068158 
0.05680371283152976 
0.056798986332298025 
0.05679426682823052 
0.05678955430460155 
0.056784848746717256 
0.05678015013991324 
0.05677545846955654 
0.05677077372104486 
0.05676609587980569 
0.05676142493129885 
0.05675676086101334 
0.05675210365447023 
0.056747453297219884 
0.056742809774844326 
0.056738173072956415 
0.05673354317719918 
0.05672892007324666 
0.05672430374680389 
0.05671969418360597 
0.05671509136941937 
0.0567104952900408 
0.056705905931298366 
0.0567013232790501 
0.05669674731918523 
0.0566921780376236 
0.05668761542031564 
0.05668305945324242 
0.05667851012241592 
0.05667396741387875 
0.05666943131370395 
0.056664901807995736 
0.05666037888288815 
0.0566558625245464 
0.056651352719166284 
0.05664684945297375 
0.056642352712226035 
0.05663786248321049 
0.056633378752245056 
0.05662890150567806 
0.05662443072988866 
0.05661996641128641 
0.056615508536311254 
0.05661105709143295 
0.05660661206315319 
0.05660217343800266 
0.05659774120254333 
0.0565933153433664 
0.056588895847095116 
0.05658448270038147 
0.05658007588990832 
0.05657567540238919 
0.05657128122456717 
0.05656689334321578 
0.05656251174513884 
0.05655813641717019 
0.0565537673461742 
0.056549404519044444 
0.056545047922705205 
0.05654069754411096 
0.05653635337024586 
0.05653201538812396 
0.056527683584789296 
0.056523357947316326 
0.056519038462807904 
0.056514725118398834 
0.056510417901252594 
0.056506116798561636 
0.05650182179754952 
0.05649753288546904 
0.056493250049602664 
0.05648897327726233 
0.05648470255578978 
0.056480437872555946 
0.05647617921496166 
0.05647192657043706 
0.05646767992644211 
0.05646343927046579 
0.05645920459002589 
0.0564549758726709 
0.05645075310597737 
0.056446536277551786 
0.056442325375029335 
0.05643812038607509 
0.05643392129838267 
0.05642972809967462 
0.05642554077770317 
0.056421359320249 
0.05641718371512202 
0.05641301395016102 
0.056408850013233564 
0.05640469189223623 
0.05640053957509396 
0.05639639304976065 
0.05639225230421939 
0.05638811732648133 
0.056383988104586114 
0.05637986462660237 
0.056375746880627034 
0.0563716348547854 
0.056367528537231586 
0.05636342791614768 
0.05635933297974411 
0.05635524371625987 
0.05635116011396208 
0.056347082161145395 
0.05634300984613392 
0.056338943157278595 
0.056334882082958955 
0.056330826611582854 
0.05632677673158515 
0.05632273243142953 
0.056318693699606896 
0.05631466052463655 
0.05631063289506481 
0.056306610799466104 
0.05630259422644244 
0.0562985831646236 
0.05629457760266648 
0.056290577529255696 
0.05628658293310392 
0.05628259380294958 
0.05627861012756025 
0.05627463189572991 
0.0562706590962795 
0.056266691718057836 
0.05626272974994064 
0.05625877318083047 
0.05625482199965663 
0.05625087619537684 
0.0562469357569738 
0.056243000673458374 
0.056239070933867964 
0.05623514652726612 
0.05623122744274425 
0.056227313669419916 
0.05622340519643639 
0.056219502012964835 
0.05621560410820227 
0.056211711471371835 
0.056207824091724104 
0.056203941958535085 
0.056200065061106926 
0.05619619338876907 
0.056192326930875745 
0.05618846567680837 
0.05618460961597426 
0.05618075873780591 
0.05617691303176326 
0.05617307248733065 
0.05616923709401918 
0.05616540684136538 
0.05616158171893179 
0.05615776171630608 
0.05615394682310204 
0.05615013702895942 
0.05614633232354217 
0.05614253269654085 
0.05613873813767132 
0.056134948636674134 
0.05613116418331581 
0.05612738476738791 
0.056123610378706744 
0.05611984100711491 
0.05611607664247812 
0.05611231727468926 
0.056108562893664504 
0.05610481348934622 
0.05610106905170095 
0.05609732957071968 
0.056093595036418774 
0.056089865438839336 
0.05608614076804659 
0.05608242101413058 
0.05607870616720583 
0.05607499621741119 
0.056071291154910795 
0.05606759096989141 
0.05606389565256572 
0.0560602051931698 
0.056056519581964344 
0.05605283880923368 
0.05604916286528653 
0.05604549174045559 
0.05604182542509751 
0.05603816390959281 
0.05603450718434612 
0.05603085523978511 
0.05602720806636177 
0.05602356565455203 
0.05601992799485497 
0.05601629507779312 
0.05601266689391323 
0.056009043433784184 
0.056005424687999884 
0.056001810647176166 
0.055998201301953626 
0.05599459664299432 
0.05599099666098508 
0.05598740134663453 
0.05598381069067571 
0.05598022468386326 
0.05597664331697601 
0.0559730665808147 
0.055969494466203876 
0.05596592696399002 
0.05596236406504249 
0.05595880576025392 
0.055955252040538805 
0.055951702896834626 
0.05594815832010129 
0.055944618301321386 
0.05594108283149927 
0.055937551901662566 
0.05593402550285981 
0.05593050362616305 
0.055926986262666394 
0.05592347340348533 
0.0559199650397577 
0.055916461162644135 
0.05591296176332578 
0.05590946683300715 
0.05590597636291349 
0.05590249034429273 
0.05589900876841293 
0.0558955316265664 
0.055892058910065094 
0.055888590610242914 
0.05588512671845576 
0.05588166722608016 
0.05587821212451559 
0.05587476140518108 
0.055871315059518124 
0.05586787307898904 
0.055864435455077265 
0.05586100217928794 
0.055857573243146275 
0.0558541486381996 
0.05585072835601556 
0.05584731238818298 
0.05584390072631136 
0.05584049336203104 
0.055837090286993775 
0.05583369149287095 
0.05583029697135552 
0.05582690671416011 
0.055823520713018486 
0.05582013895968555 
0.0558167614459352 
0.05581338816356309 
0.05581001910438453 
0.055806654260234734 
0.055803293622970145 
0.05579993718446645 
0.05579658493662021 
0.05579323687134756 
0.055789892980585135 
0.05578655325628874 
0.05578321769043493 
0.05577988627501922 
0.055776559002058426 
0.055773235863587484 
0.05576991685166223 
0.05576660195835768 
0.0557632911757677 
0.055759984496007636 
0.05575668191121054 
0.0557533834135296 
0.05575008899513725 
0.05574679864822578 
0.05574351236500615 
0.05574023013770901 
0.055736951958583414 
0.05573367781989921 
0.05573040771394362 
0.05572714163302319 
0.055723879569464625 
0.055720621515612904 
0.05571736746383102 
0.05571411740650226 
0.05571087133602759 
0.05570762924482718 
0.05570439112534045 
0.05570115697002413 
0.05569792677135529 
0.05569470052182743 
0.05569147821395427 
0.05568825984026753 
0.05568504539331705 
0.055681834865670916 
0.0556786282499159 
0.055675425538657106 
0.055672226724516945 
0.055669031800137214 
0.05566584075817721 
0.055662653591313865 
0.05565947029224315 
0.055656290853677876 
0.055653115268349554 
0.055649943529006964 
0.055646775628417154 
0.05564361155936509 
0.0556404513146529 
0.05563729488710055 
0.05563414226954633 
0.05563099345484403 
0.055627848435867856 
0.055624707205507606 
0.05562156975667061 
0.05561843608228228 
0.055615306175284644 
0.05561218002863788 
0.055609057635318454 
0.055605938988321044 
0.055602824080656144 
0.05559971290535253 
0.05559660545545531 
0.05559350172402746 
0.05559040170414782 
0.05558730538891313 
0.0555842127714358 
0.0555811238448467 
0.05557803860229208 
0.055574957036935775 
0.05557187914195708 
0.05556880491055388 
0.055565734335939136 
0.055562667411342505 
0.05555960413001114 
0.055556544485207374 
0.05555348847021075 
0.055550436078316626 
0.05554738730283795 
0.055544342137101695 
0.055541300574453834 
0.055538262608253945 
0.05553522823187938 
0.05553219743872308 
0.05552917022219402 
0.055526146575717306 
0.055523126492733874 
0.055520109966700676 
0.05551709699109056 
0.055514087559392404 
0.05551108166511031 
0.05550807930176458 
0.055505080462891376 
0.05550208514204163 
0.055499093332782856 
0.05549610502869802 
0.055493120223385616 
0.05549013891045864 
0.055487161083547204 
0.05548418673629535 
0.055481215862363174 
0.05547824845542653 
0.055475284509175694 
0.05547232401731604 
0.05546936697356928 
0.05546641337167157 
0.05546346320537389 
0.05546051646844273 
0.05545757315465978 
0.0554546332578211 
0.05545169677173827 
0.05544876369023747 
0.0554458340071598 
0.055442907716361234 
0.05543998481171216 
0.055437065287098464 
0.05543414913642024 
0.055431236353592164 
0.05542832693254361 
0.05542542086721889 
0.05542251815157605 
0.05541961877958891 
0.055416722745244174 
0.055413830042544146 
0.05541094066550501 
0.055408054608157425 
0.055405171864546444 
0.05540229242873116 
0.05539941629478492 
0.05539654345679526 
0.05539367390886392 
0.05539080764510711 
0.05538794465965416 
0.05538508494664912 
0.05538222850024991 
0.05537937531462869 
0.05537652538397079 
0.05537367870247575 
0.05537083526435774 
0.05536799506384275 
0.05536515809517295 
0.05536232435260245 
0.055359493830399724 
0.05535666652284657 
0.055353842424239 
0.055351021528885366 
0.05534820383110949 
0.05534538932524708 
0.05534257800564717 
0.05533976986667362 
0.05533696490270236 
0.055334163108123585 
0.05533136447733985 
0.05532856900476791 
0.055325776684836986 
0.055322987511989545 
0.055320201480682354 
0.055317418585383644 
0.05531463882057573 
0.055311862180753964 
0.05530908866042622 
0.05530631825411366 
0.05530355095635052 
0.05530078676168322 
0.055298025664672235 
0.055295267659890034 
0.05529251274192166 
0.05528976090536556 
0.05528701214483268 
0.05528426645494677 
0.0552815238303435 
0.05527878426567265 
0.0552760477555949 
0.05527331429478451 
0.0552705838779277 
0.05526785649972413 
0.05526513215488477 
0.055262410838133394 
0.05525969254420627 
0.05525697726785195 
0.05525426500383141 
0.055251555746918014 
0.05524884949189645 
0.055246146233564816 
0.05524344596673232 
0.055240748686221496 
0.05523805438686581 
0.05523536306351147 
0.05523267471101634 
0.0552299893242509 
0.05522730689809667 
0.05522462742744818 
0.05522195090721076 
0.05521927733230252 
0.05521660669765306 
0.05521393899820326 
0.05521127422890677 
0.055208612384728274 
0.055205953460644525 
0.05520329745164345 
0.055200644352725196 
0.05519799415890118 
0.05519534686519456 
0.05519270246663988 
0.05519006095828329 
0.055187422335182354 
0.05518478659240641 
0.055182153725035585 
0.05517952372816159 
0.055176896596888084 
0.055174272326329536 
0.05517165091161171 
0.055169032347871405 
0.05516641663025742 
0.05516380375392875 
0.055161193714056485 
0.05515858650582231 
0.05515598212441909 
0.055153380565050605 
0.05515078182293245 
0.055148185893289875 
0.05514559277136062 
0.055143002452392426 
0.05514041493164384 
0.055137830204385195 
0.05513524826589665 
0.055132669111470016 
0.055130092736407274 
0.05512751913602175 
0.055124948305637377 
0.05512238024058786 
0.055119814936219265 
0.05511725238788695 
0.055114692590957755 
0.05511213554080791 
0.05510958123282621 
0.05510702966240946 
0.05510448082496731 
0.05510193471591878 
0.05509939133069322 
0.05509685066473048 
0.05509431271348097 
0.05509177747240604 
0.055089244936976235 
0.05508671510267328 
0.05508418796498844 
0.0550816635194238 
0.055079141761491014 
0.055076622686713636 
0.05507410629062309 
0.05507159256876255 
0.05506908151668477 
0.055066573129951585 
0.05506406740413713 
0.05506156433482376 
0.055059063917604505 
0.05505656614808239 
0.05505407102186951 
0.055051578534589314 
0.05504908868187402 
0.055046601459366386 
0.0550441168627186 
0.055041634887592734 
0.055039155529660634 
0.05503667878460407 
0.0550342046481143 
0.055031733115892836 
0.055029264183649756 
0.05502679784710575 
0.055024334101990875 
0.05502187294404491 
0.055019414369016625 
0.05501695837266517 
0.0550145049507586 
0.05501205409907451 
0.05500960581340015 
0.05500716008953234 
0.05500471692327663 
0.05500227631044941 
0.05499983824687449 
0.054997402728386394 
0.05499496975082864 
0.054992539310053774 
0.054990111401923725 
0.05498768602230995 
0.054985263167092825 
0.05498284283216147 
0.05498042501341529 
0.05497800970676189 
0.05497559690811845 
0.054973186613410725 
0.05497077881857403 
0.05496837351955258 
0.05496597071229941 
0.054963570392777196 
0.05496117255695639 
0.05495877720081738 
0.05495638432034896 
0.054953993911549585 
0.05495160597042531 
0.05494922049299192 
0.054946837475273944 
0.05494445691330439 
0.05494207880312537 
0.0549397031407875 
0.05493732992235019 
0.054934959143881384 
0.05493259080145806 
0.05493022489116573 
0.0549278614090983 
0.05492550035135843 
0.05492314171405717 
0.05492078549331453 
0.054918431685259124 
0.054916080286027166 
0.054913731291764425 
0.054911384698624596 
0.05490904050276993 
0.05490669870037072 
0.054904359287606556 
0.054902022260664304 
0.05489968761574045 
0.05489735534903829 
0.054895025456770635 
0.05489269793515809 
0.05489037278042957 
0.054888049988822324 
0.0548857295565817 
0.05488341147996121 
0.05488109575522282 
0.05487878237863624 
0.05487647134647943 
0.05487416265503903 
0.05487185630060855 
0.054869552279490794 
0.05486725058799551 
0.05486495122244179 
0.05486265417915579 
0.05486035945447141 
0.054858067044731174 
0.05485577694628543 
0.054853489155492006 
0.05485120366871727 
0.0548489204823349 
0.054846639592726065 
0.05484436099628146 
0.05484208468939761 
0.054839810668479864 
0.05483753892994124 
0.05483526947020207 
0.05483300228569127 
0.0548307373728444 
0.05482847472810571 
0.05482621434792606 
0.05482395622876485 
0.054821700367088784 
0.05481944675937184 
0.05481719540209644 
0.054814946291751404 
0.054812699424833924 
0.05481045479784871 
0.0548082124073074 
0.05480597224972943 
0.054803734321642116 
0.054801498619579274 
0.05479926514008308 
0.05479703387970271 
0.05479480483499473 
0.05479257800252244 
0.05479035337885808 
0.05478813096057944 
0.05478591074427268 
0.05478369272653102 
0.05478147690395484 
0.054779263273151954 
0.054777051830736605 
0.054774842573331796 
0.054772635497566245 
0.05477043060007656 
0.05476822787750632 
0.05476602732650619 
0.054763828943734376 
0.05476163272585499 
0.05475943866954106 
0.05475724677147088 
0.054755057028330806 
0.05475286943681431 
0.05475068399362072 
0.054748500695457857 
0.05474631953903938 
0.054744140521086435 
0.05474196363832669 
0.05473978888749535 
0.05473761626533356 
0.054735445768590754 
0.05473327739402159 
0.054731111138388966 
0.0547289469984615 
0.05472678497101544 
0.054724625052832716 
0.054722467240703676 
0.0547203115314239 
0.05471815792179647 
0.05471600640863146 
0.054713856988744196 
0.054711709658958184 
0.05470956441610339 
0.05470742125701568 
0.05470528017853778 
0.05470314117751977 
0.0547010042508174 
0.054698869395293004 
0.05469673660781621 
0.054694605885262766 
0.05469247722451468 
0.05469035062246102 
0.05468822607599654 
0.054686103582023436 
0.05468398313744986 
0.05468186473919006 
0.05467974838416524 
0.05467763406930294 
0.054675521791536945 
0.05467341154780721 
0.05467130333506057 
0.0546691971502496 
0.054667092990333205 
0.05466499085227737 
0.05466289073305393 
0.05466079262964067 
0.05465869653902162 
0.054656602458187264 
0.0546545103841351 
0.05465242031386708 
0.054650332244392974 
0.05464824617272784 
0.05464616209589322 
0.05464408001091668 
0.05464199991483179 
0.05463992180467861 
0.05463784567750289 
0.0546357715303565 
0.054633699360297605 
0.05463162916439004 
0.054629560939704606 
0.05462749468331691 
0.05462543039230908 
0.05462336806376928 
0.05462130769479169 
0.05461924928247633 
0.054617192823928865 
0.054615138316261726 
0.05461308575659216 
0.05461103514204408 
0.054608986469747114 
0.054606939736836606 
0.05460489494045358 
0.05460285207774571 
0.05460081114586541 
0.054598772141971376 
0.05459673506322828 
0.054594699906806446 
0.054592666669881995 
0.05459063534963574 
0.054588605943256645 
0.05458657844793687 
0.054584552860875435 
0.05458252917927744 
0.0545805074003524 
0.05457848752131675 
0.05457646953939174 
0.05457445345180463 
0.05457243925578814 
0.05457042694858058 
0.054568416527426035 
0.054566407989574066 
0.0545644013322794 
0.05456239655280317 
0.054560393648411136 
0.054558392616374636 
0.05455639345397124 
0.05455439615848359 
0.05455240072719954 
0.054550407157413 
0.05454841544642245 
0.05454642559153265 
0.054544437590052876 
0.05454245143929932 
0.054540467136591435 
0.054538484679256136 
0.05453650406462436 
0.05453452529003284 
0.05453254835282353 
0.05453057325034376 
0.05452859997994614 
0.05452662853898854 
0.054524658924834594 
0.054522691134851996 
0.05452072516641513 
0.054518761016902575 
0.0545167986836987 
0.05451483816419284 
0.05451287945577944 
0.05451092255585842 
0.05450896746183462 
0.05450701417111813 
0.054505062681124636 
0.054503112989273836 
0.054501165092991584 
0.05449921898970826 
0.054497274676860004 
0.05449533215188715 
0.054493391412235775 
0.054491452455356505 
0.054489515278705755 
0.05448757987974419 
0.05448564625593754 
0.054483714404757466 
0.054481784323679526 
0.05447985601018479 
0.054477929461759056 
0.05447600467589321 
0.05447408165008336 
0.05447216038183055 
0.05447024086863951 
0.054468323108021646 
0.05446640709749202 
0.054464492834571096 
0.054462580316784436 
0.05446066954166137 
0.054458760506737765 
0.05445685320955287 
0.05445494764765143 
0.0544530438185826 
0.05445114171990076 
0.05444924134916505 
0.05444734270393902 
0.05444544578179119 
0.05444355058029481 
0.05444165709702809 
0.05443976532957354 
0.054437875275518445 
0.05443598693245532 
0.054434100297981215 
0.054432215369697015 
0.054430332145209204 
0.054428450622128643 
0.05442657079807067 
0.05442469267065565 
0.05442281623750808 
0.05442094149625759 
0.054419068444537734 
0.054417197079987586 
0.054415327400249666 
0.05441345940297204 
0.054411593085806786 
0.05440972844641091 
0.05440786548244527 
0.05440600419157596 
0.05440414457147347 
0.05440228661981257 
0.0544004303342721 
0.05439857571253631 
0.05439672275229345 
0.0543948714512362 
0.05439302180706168 
0.05439117381747161 
0.0543893274801713 
0.0543874827928723 
0.05438563975328849 
0.054383798359139646 
0.054381958608149 
0.05438012049804489 
0.05437828402655916 
0.05437644919142869 
0.05437461599039448 
0.05437278442120169 
0.05437095448160015 
0.054369126169343765 
0.05436729948219062 
0.0543654744179035 
0.05436365097424894 
0.054361829148997856 
0.054360008939926124 
0.05435819034481246 
0.054356373361441196 
0.05435455798760016 
0.05435274422108133 
0.0543509320596813 
0.05434912150120093 
0.054347312543444694 
0.05434550518422134 
0.054343699421344274 
0.054341895252630716 
0.05434009267590178 
0.0543382916889834 
0.0543364922897047 
0.05433469447589998 
0.05433289824540664 
0.0543311035960666 
0.05432931052572621 
0.05432751903223522 
0.054325729113447775 
0.054323940767222335 
0.054322153991420805 
0.05432036878390981 
0.054318585142559106 
0.054316803065243544 
0.054315022549841045 
0.05431324359423402 
0.05431146619630887 
0.05430969035395543 
0.0543079160650682 
0.054306143327545485 
0.054304372139288744 
0.05430260249820493 
0.054300834402203055 
0.054299067849197885 
0.05429730283710637 
0.05429553936385086 
0.05429377742735623 
0.05429201702555262 
0.054290258156373075 
0.05428850081775455 
0.054286745007638436 
0.05428499072396913 
0.05428323796469583 
0.054281486727770834 
0.054279737011150325 
0.05427798881279476 
0.05427624213066773 
0.05427449696273707 
0.05427275330697446 
0.05427101116135512 
0.054269270523857584 
0.05426753139246558 
0.05426579376516486 
0.054264057639945996 
0.0542623230148025 
0.05426058988773264 
0.054258858256737666 
0.05425712811982263 
0.05425539947499623 
0.05425367232027103 
0.054251946653663015 
0.054250222473192306 
0.05424849977688201 
0.054246778562759536 
0.05424505882885536 
0.05424334057320388 
0.05424162379384342 
0.05423990848881507 
0.054238194656164126 
0.05423648229393994 
0.05423477140019405 
0.05423306197298322 
0.05423135401036633 
0.05422964751040672 
0.05422794247117128 
0.054226238890729674 
0.05422453676715617 
0.0542228360985278 
0.05422113688292496 
0.05421943911843228 
0.05421774280313737 
0.05421604793513197 
0.05421435451251027 
0.05421266253337079 
0.054210971995815024 
0.054209282897948366 
0.05420759523787947 
0.05420590901372016 
0.05420422422358602 
0.054202540865596144 
0.05420085893787264 
0.0541991784385414 
0.0541974993657317 
0.05419582171757568 
0.05419414549221011 
0.054192470687773435 
0.05419079730240894 
0.05418912533426267 
0.054187454781483686 
0.05418578564222523 
0.05418411791464276 
0.05418245159689645 
0.05418078668714926 
0.054179123183566394 
0.054177461084317924 
0.054175800387576495 
0.05417414109151779 
0.054172483194321476 
0.054170826694170254 
0.054169171589249686 
0.05416751787774872 
0.05416586555786042 
0.05416421462777962 
0.054162565085705924 
0.054160916929841006 
0.05415927015839058 
0.05415762476956264 
0.05415598076156963 
0.05415433813262619 
0.05415269688095041 
0.0541510570047637 
0.05414941850229089 
0.05414778137175944 
0.05414614561140057 
0.054144511219448 
0.054142878194139016 
0.054141246533714334 
0.05413961623641671 
0.05413798730049374 
0.054136359724194394 
0.05413473350577198 
0.05413310864348235 
0.054131485135584925 
0.054129862980341385 
0.05412824217601747 
0.054126622720881 
0.05412500461320415 
0.054123387851260904 
0.05412177243332922 
0.05412015835768959 
0.0541185456226254 
0.05411693422642397 
0.054115324167374204 
0.05411371544376995 
0.054112108053905976 
0.05411050199608189 
0.05410889726859932 
0.05410729386976281 
0.05410569179788062 
0.05410409105126282 
0.054102491628224086 
0.05410089352708058 
0.05409929674615235 
0.05409770128376197 
0.054096107138235115 
0.054094514307900146 
0.05409292279108904 
0.05409133258613578 
0.05408974369137802 
0.05408815610515581 
0.05408656982581301 
0.05408498485169473 
0.054083401181150854 
0.05408181881253265 
0.05408023774419551 
0.054078657974496756 
0.05407707950179693 
0.05407550232445945 
0.05407392644085077 
0.05407235184934023 
0.05407077854829921 
0.054069206536102934 
0.05406763581112888 
0.05406606637175765 
0.05406449821637275 
0.054062931343359634 
0.054061365751108266 
0.05405980143800936 
0.05405823840245774 
0.05405667664285121 
0.054055116157589504 
0.05405355694507536 
0.05405199900371476 
0.05405044233191591 
0.05404888692808998 
0.05404733279065112 
0.05404577991801609 
0.05404422830860396 
0.054042677960837046 
0.05404112887314018 
0.05403958104394128 
0.05403803447167026 
0.05403648915475999 
0.054034945091647045 
0.054033402280769506 
0.05403186072056795 
0.054030320409486764 
0.05402878134597263 
0.05402724352847417 
0.05402570695544351 
0.05402417162533544 
0.05402263753660627 
0.054021104687716745 
0.05401957307712885 
0.05401804270330769 
0.05401651356472149 
0.05401498565984005 
0.05401345898713643 
0.054011933545086314 
0.05401040933216827 
0.05400888634686272 
0.05400736458765314 
0.05400584405302542 
0.054004324741468566 
0.05400280665147326 
0.054001289781533644 
0.05399977413014573 
0.05399825969580881 
0.05399674647702397 
0.0539952344722955 
0.05399372368012949 
0.05399221409903578 
0.05399070572752501 
0.05398919856411236 
0.053987692607314126 
0.053986187855649084 
0.05398468430763937 
0.05398318196180933 
0.05398168081668575 
0.05398018087079746 
0.05397868212267593 
0.053977184570856256 
0.05397568821387483 
0.053974193050270514 
0.05397269907858484 
0.053971206297362795 
0.05396971470514988 
0.053968224300495846 
0.053966735081951704 
0.05396524704807191 
0.05396376019741204 
0.053962274528531744 
0.05396079003999157 
0.053959306730355525 
0.05395782459818947 
0.05395634364206198 
0.05395486386054381 
0.053953385252208566 
0.05395190781563161 
0.053950431549391074 
0.05394895645206749 
0.05394748252224359 
0.05394600975850442 
0.05394453815943799 
0.05394306772363386 
0.05394159844968474 
0.053940130336184805 
0.05393866338173151 
0.05393719758492394 
0.053935732944363775 
0.05393426945865535 
0.053932807126404685 
0.053931345946220614 
0.05392988591671425 
0.053928427036498985 
0.05392696930418975 
0.053925512718405635 
0.05392405727776582 
0.05392260298089346 
0.05392114982641305 
0.05391969781295204 
0.05391824693913982 
0.053916797203607515 
0.05391534860498963 
0.053913901141922176 
0.05391245481304365 
0.053911009616994764 
0.053909565552418375 
0.053908122617959985 
0.053906680812266614 
0.05390524013398841 
0.05390380058177721 
0.053902362154286745 
0.05390092485017411 
0.05389948866809747 
0.053898053606717525 
0.05389661966469755 
0.053895186840702755 
0.05389375513340072 
0.05389232454146072 
0.05389089506355457 
0.0538894666983566 
0.05388803944454277 
0.05388661330079126 
0.05388518826578283 
0.053883764338200434 
0.05388234151672832 
0.05388091980005377 
0.05387949918686589 
0.0538780796758566 
0.05387666126571835 
0.053875243955147305 
0.05387382774284143 
0.05387241262749991 
0.05387099860782508 
0.0538695856825212 
0.0538681738502944 
0.05386676310985287 
0.05386535345990722 
0.053863944899169916 
0.05386253742635549 
0.05386113104018075 
0.05385972573936497 
0.053858321522628434 
0.0538569183886945 
0.053855516336287816 
0.05385411536413611 
0.05385271547096843 
0.05385131665551602 
0.05384991891651179 
0.053848522252691614 
0.05384712666279323 
0.053845732145555346 
0.05384433869972007 
0.0538429463240308 
0.05384155501723326 
0.05384016477807456 
0.053838775605305186 
0.05383738749767635 
0.05383600045394191 
0.05383461447285719 
0.05383322955318041 
0.05383184569367103 
0.05383046289309108 
0.053829081150203836 
0.05382770046377536 
0.053826320832572945 
0.053824942255366964 
0.05382356473092836 
0.053822188258031346 
0.05382081283545115 
0.053819438461965796 
0.05381806513635401 
0.05381669285739836 
0.05381532162388132 
0.05381395143458892 
0.053812582288308215 
0.05381121418382896 
0.053809847119941724 
0.05380848109544 
0.05380711610911902 
0.053805752159775476 
0.05380438924620895 
0.05380302736721958 
0.05380166652161056 
0.05380030670818667 
0.05379894792575391 
0.053797590173121676 
0.05379623344909954 
0.05379487775250042 
0.05379352308213824 
0.05379216943682926 
0.053790816815391045 
0.05378946521664391 
0.05378811463940901 
0.05378676508251063 
0.05378541654477381 
0.053784069025025937 
0.05378272252209615 
0.053781377034815635 
0.0537800325620172 
0.053778689102535374 
0.05377734665520727 
0.05377600521887077 
0.0537746647923665 
0.05377332537453648 
0.05377198696422455 
0.0537706495602765 
0.05376931316153976 
0.053767977766864164 
0.05376664337510064 
0.053765309985102504 
0.05376397759572387 
0.053762646205821864 
0.053761315814255035 
0.053759986419883415 
0.053758658021569226 
0.053757330618176356 
0.05375600420856979 
0.05375467879161756 
0.053753354366188666 
0.05375203093115396 
0.053750708485386496 
0.05374938702775999 
0.05374806655715145 
0.05374674707243847 
0.05374542857250078 
0.05374411105622053 
0.053742794522480236 
0.05374147897016519 
0.05374016439816214 
0.05373885080535971 
0.053737538190647895 
0.05373622655291891 
0.053734915891066194 
0.05373360620398542 
0.05373229749057345 
0.053730989749729494 
0.05372968298035384 
0.05372837718134876 
0.05372707235161872 
0.0537257684900689 
0.05372446559560687 
0.05372316366714175 
0.05372186270358432 
0.053720562703847105 
0.053719263666843826 
0.05371796559149109 
0.05371666847670631 
0.05371537232140806 
0.05371407712451784 
0.05371278288495812 
0.05371148960165334 
0.0537101972735287 
0.05370890589951219 
0.05370761547853295 
0.05370632600952197 
0.05370503749141133 
0.05370374992313601 
0.05370246330363137 
0.05370117763183467 
0.05369989290668522 
0.05369860912712358 
0.05369732629209247 
0.053696044400535596 
0.05369476345139841 
0.053693483443628384 
0.053692204376174335 
0.05369092624798665 
0.05368964905801754 
0.053688372805220534 
0.053687097488551064 
0.05368582310696621 
0.05368454965942372 
0.05368327714488417 
0.05368200556230969 
0.05368073491066244 
0.05367946518890851 
0.05367819639601349 
0.05367692853094581 
0.0536756615926747 
0.053674395580171695 
0.053673130492409384 
0.05367186632836224 
0.053670603087005817 
0.053669340767317573 
0.053668079368276944 
0.05366681888886413 
0.0536655593280611 
0.05366430068485186 
0.0536630429582212 
0.05366178614715636 
0.053660530250645405 
0.05365927526767814 
0.05365802119724561 
0.053656768038341206 
0.05365551578995931 
0.05365426445109532 
0.053653014020747174 
0.05365176449791369 
0.05365051588159521 
0.05364926817079461 
0.05364802136451425 
0.05364677546175962 
0.05364553046153726 
0.0536442863628555 
0.05364304316472354 
0.05364180086615246 
0.05364055946615472 
0.05363931896374439 
0.05363807935793718 
0.05363684064774951 
0.053635602832200535 
0.05363436591030969 
0.05363312988109882 
0.053631894743590036 
0.05363066049680851 
0.053629427139779855 
0.05362819467153135 
0.05362696309109167 
0.05362573239749086 
0.05362450258976073 
0.05362327366693462 
0.05362204562804679 
0.053620818472133444 
0.05361959219823202 
0.053618366805381436 
0.05361714229262164 
0.05361591865899496 
0.05361469590354443 
0.05361347402531441 
0.053612253023351354 
0.053611032896702604 
0.053609813644416936 
0.053608595265544984 
0.053607377759138056 
0.053606161124249666 
0.0536049453599342 
0.053603730465247905 
0.05360251643924801 
0.053601303280993065 
0.053600090989543624 
0.0535988795639612 
0.05359766900330849 
0.0535964593066502 
0.053595250473051956 
0.05359404250158112 
0.05359283539130578 
0.053591629141296275 
0.053590423750623756 
0.053589219218360934 
0.053588015543581544 
0.053586812725361616 
0.053585610762777264 
0.05358440965490704 
0.05358320940083027 
0.05358200999962832 
0.05358081145038258 
0.05357961375217752 
0.05357841690409732 
0.05357722090522867 
0.05357602575465933 
0.05357483145147794 
0.0535736379947752 
0.05357244538364224 
0.05357125361717276 
0.05357006269446044 
0.053568872614601235 
0.05356768337669244 
0.05356649497983169 
0.05356530742311943 
0.053564120705655874 
0.05356293482654402 
0.053561749784887015 
0.053560565579789825 
0.05355938221035911 
0.053558199675701496 
0.05355701797492698 
0.05355583710714488 
0.05355465707146704 
0.05355347786700631 
0.053552299492876376 
0.05355112194819293 
0.05354994523207243 
0.05354876934363297 
0.0535475942819934 
0.05354642004627495 
0.053545246635598544 
0.05354407404908775 
0.0535429022858672 
0.053541731345061815 
0.05354056122579905 
0.053539391927206824 
0.05353822344841467 
0.05353705578855323 
0.053535888946754644 
0.05353472292215187 
0.053533557713879375 
0.053532393321073506 
0.05353122974287062 
0.05353006697840896 
0.05352890502682819 
0.05352774388726953 
0.05352658355887434 
0.05352542404078594 
0.05352426533214912 
0.05352310743210944 
0.05352195033981374 
0.05352079405441033 
0.05351963857504822 
0.05351848390087892 
0.05351733003105365 
0.053516176964725534 
0.053515024701048956 
0.053513873239179666 
0.0535127225782742 
0.05351157271749033 
0.05351042365598783 
0.05350927539292658 
0.053508127927468 
0.053506981258775656 
0.05350583538601281 
0.05350469030834524 
0.05350354602493887 
0.053502402534961704 
0.05350125983758247 
0.05350011793197065 
0.05349897681729803 
0.05349783649273678 
0.053496696957460614 
0.05349555821064389 
0.05349442025146298 
0.053493283079094525 
0.05349214669271705 
0.05349101109150983 
0.053489876274654145 
0.05348874224133112 
0.05348760899072384 
0.0534864765220165 
0.05348534483439457 
0.05348421392704405 
0.05348308379915306 
0.05348195444990985 
0.053480825878504896 
0.05347969808412904 
0.053478571065974576 
0.05347744482323497 
0.05347631935510451 
0.05347519466077889 
0.05347407073945516 
0.05347294759033107 
0.053471825212605885 
0.05347070360547984 
0.05346958276815396 
0.05346846269983132 
0.05346734339971524 
0.05346622486701034 
0.053465107100922754 
0.05346399010065953 
0.05346287386542859 
0.05346175839443927 
0.053460643686902135 
0.05345952974202834 
0.05345841655903078 
0.05345730413712311 
0.053456192475520026 
0.05345508157343748 
0.0534539714300926 
0.05345286204470378 
0.05345175341648971 
0.05345064554467126 
0.05344953842846928 
0.05344843206710686 
0.05344732645980756 
0.05344622160579577 
0.05344511750429791 
0.05344401415454023 
0.05344291155575136 
0.05344180970715974 
0.05344070860799577 
0.05343960825749084 
0.05343850865487713 
0.05343740979938813 
0.053436311690257934 
0.05343521432672275 
0.05343411770801878 
0.0534330218333838 
0.053431926702056265 
0.053430832313276465 
0.053429738666284775 
0.05342864576032356 
0.05342755359463558 
0.05342646216846503 
0.053425371481056715 
0.05342428153165717 
0.05342319231951357 
0.05342210384387379 
0.05342101610398746 
0.05341992909910498 
0.05341884282847751 
0.05341775729135735 
0.0534166724869987 
0.05341558841465535 
0.053414505073583265 
0.05341342246303879 
0.05341234058227942 
0.053411259430564205 
0.05341017900715264 
0.05340909931130522 
0.05340802034228422 
0.053406942099351755 
0.05340586458177206 
0.053404787788809686 
0.05340371171973052 
0.05340263637380146 
0.05340156175029019 
0.053400487848465704 
0.053399414667597574 
0.053398342206957106 
0.05339727046581623 
0.0533961994434474 
0.05339512913912475 
0.053394059552123056 
0.053392990681718475 
0.053391922527187566 
0.05339085508780814 
0.05338978836285965 
0.05338872235162154 
0.05338765705337477 
0.05338659246740103 
0.05338552859298333 
0.0533844654294055 
0.05338340297595238 
0.05338234123190975 
0.05338128019656426 
0.05338021986920359 
0.05337916024911697 
0.05337810133559359 
0.053377043127924406 
0.053375985625400885 
0.05337492882731556 
0.053373872732962555 
0.05337281734163575 
0.053371762652631084 
0.05337070866524515 
0.05336965537877487 
0.05336860279251928 
0.053367550905777154 
0.053366499717849174 
0.05336544922803663 
0.053364399435641564 
0.05336335033996749 
0.053362301940317866 
0.05336125423599856 
0.053360207226314856 
0.053359160910574494 
0.05335811528808489 
0.0533570703581549 
0.05335602612009469 
0.05335498257321443 
0.053353939716826365 
0.05335289755024302 
0.053351856072777086 
0.05335081528374419 
0.053349775182459376 
0.05334873576823848 
0.053347697040399336 
0.05334665899825981 
0.0533456216411389 
0.05334458496835721 
0.05334354897923502 
0.05334251367309437 
0.05334147904925859 
0.053340445107050646 
0.05333941184579552 
0.05333837926481877 
0.053337347363446655 
0.053336316141006805 
0.05333528559682672 
0.0533342557302366 
0.05333322654056616 
0.05333219802714555 
0.053331170189307844 
0.05333014302638519 
0.053329116537711226 
0.0533280907226208 
0.0533270655804488 
0.053326041110532345 
0.053325017312208116 
0.053323994184814365 
0.05332297172769064 
0.053321949940175875 
0.05332092882161167 
0.053319908371339236 
0.05331888858870119 
0.053317869473041395 
0.053316851023703836 
0.05331583324003392 
0.05331481612137708 
0.05331379966708129 
0.053312783876493394 
0.053311768748962624 
0.05331075428383876 
0.05330974048047175 
0.05330872733821318 
0.05330771485641498 
0.05330670303443049 
0.053305691871613194 
0.05330468136731845 
0.0533036715209013 
0.05330266233171886 
0.05330165379912776 
0.05330064592248681 
0.05329963870115481 
0.05329863213449127 
0.053297626221857276 
0.05329662096261496 
0.05329561635612584 
0.05329461240175381 
0.053293609098862715 
0.05329260644681804 
0.053291604444984944 
0.05329060309273049 
0.05328960238942215 
0.05328860233442826 
0.05328760292711802 
