0.6586507262640786 
0.523915670710407 
0.5024337914532389 
0.49843267045147005 
0.49790943948409067 
0.4981108196492107 
0.49839440079223046 
0.49861601133051725 
0.49876023541824194 
0.49884213870036753 
0.49888000824339823 
0.4988886090355948 
0.49887844202689013 
0.4988565467758479 
0.4988274885574953 
0.4987941665860258 
0.498758395114427 
0.49872129639111684 
0.49868355742645815 
0.4986455942400451 
0.49860765544607927 
0.49856988692635873 
0.4985323719022829 
0.4984951556119336 
0.49845826042641794 
0.4984216950644757 
0.4983854601825792 
0.4983495517493209 
0.498313963071273 
0.49827868600178793 
0.49824371165705156 
0.49820903083652585 
0.4981746342670363 
0.49814051274235477 
0.498106657201303 
0.4980730587700244 
0.49803970878358994 
0.4980065987958268 
0.4979737205825667 
0.49794106614126743 
0.4979086276887108 
0.4978763976577155 
0.497844368693371 
0.49781253364907224 
0.49778088558249567 
0.4977494177515745 
0.49771812361051615 
0.4976869968058667 
0.497656031172627 
0.49762522073042537 
0.4975945596797384 
0.49756404239817303 
0.4975336634367984 
0.49750341751653665 
0.4974732995246098 
0.49744330451104724 
0.49741342768525765 
0.4973836644126589 
0.4973540102113797 
0.4973244607490202 
0.4972950118394852 
0.497265659439884 
0.49723639964749633 
0.4972072286968064 
0.49717814295660623 
0.4971491389271629 
0.4971202132374546 
0.497091362642469 
0.49706258402056286 
0.4970338743708892 
0.4970052308108765 
0.4969766505737724 
0.4969481310062377 
0.4969196695659986 
0.4968912638195468 
0.49686291143989064 
0.49683461020435277 
0.4968063579924083 
0.49677815278357557 
0.49674999265533476 
0.4967218757810897 
0.4966938004281668 
0.4966657649558401 
0.4966377678133962 
0.4966098075382178 
0.4965818827539023 
0.4965539921683974 
0.4965261345721659 
0.4964983088363667 
0.4964705139110549 
0.4964427488233988 
0.49641501267591787 
0.4963873046447244 
0.4963596239777875 
0.49633196999320317 
0.4963043420774761 
0.49627673968380903 
0.4962491623304051 
0.4962216095987687 
0.4961940811320237 
0.4961665766332269 
0.4961390958636959 
0.49611163864133695 
0.4960842048389761 
0.4960567943827015 
0.49602940725020256 
0.4960020434691174 
0.49597470311538516 
0.4959473863115989 
0.4959200932253702 
0.4958928240676903 
0.4958655790913043 
0.4958383585890873 
0.4958111628924268 
0.49578399236961546 
0.49575684742424986 
0.4957297284936356 
0.4957026360472068 
0.49567557058494977 
0.49564853263584646 
0.4956215227563174 
0.4955945415286901 
0.4955675895596727 
0.4955406674788492 
0.4955137759371815 
0.4954869156055373 
0.4954600871732341 
0.4954332913465942 
0.49540652884753217 
0.4953798004121523 
0.4953531067893732 
0.4953264487395755 
0.49529982703327113 
0.49527324244979865 
0.49524669577604297 
0.4952201878051829 
0.4951937193354656 
0.4951672911690107 
0.49514090411063666 
0.495114558966726 
0.49508825654411637 
0.49506199764901815 
0.49503578308597285 
0.4950096136568359 
0.4949834901597938 
0.4949574133884141 
0.49493138413073284 
0.49490540316836723 
0.4948794712756677 
0.4948535892189066 
0.4948277577554903 
0.494801977633219 
0.49477624958956873 
0.49475057435101877 
0.4947249526324026 
0.4946993851363004 
0.49467387255246215 
0.4946484155572655 
0.49462301481320614 
0.4945976709684236 
0.4945723846562577 
0.4945471564948338 
0.494521987086691 
0.49449687701843026 
0.49447182686039876 
0.4944468371664048 
0.49442190847346146 
0.4943970413015606 
0.49437223615347303 
0.4943474935145789 
0.4943228138527262 
0.49429819761811267 
0.4942736452431953 
0.4942491571426254 
0.4942247337132075 
0.4942003753338805 
0.49417608236572413 
0.4941518551519856 
0.4941276940181251 
0.4941035992718901 
0.4940795712033966 
0.4940556100852394 
0.4940317161726176 
0.49400788970347254 
0.49398413089864784 
0.49396043996206335 
0.4939368170809018 
0.4939132624258096 
0.49388977615111385 
0.4938663583950475 
0.4938430092799882 
0.4938197289127093 
0.49379651738463454 
0.493773374772113 
0.49375030113669155 
0.49372729652539965 
0.4937043609710453 
0.4936814944925092 
0.49365869709505367 
0.49363596877062843 
0.49361330949818727 
0.49359071924400566 
0.4935681979620043 
0.4935457455940717 
0.49352336207039255 
0.4935010473097767 
0.4934788012199907 
0.49345662369808735 
0.49343451463073823 
0.4934124738945665 
0.4933905013564764 
0.4933685968739861 
0.4933467602955561 
0.4933249914609156 
0.4933032902013914 
0.4932816563402296 
0.4932600896929178 
0.49323859006750287 
0.4932171572649082 
0.49319579107924155 
0.4931744912981095 
0.4931532577029171 
0.49313209006917047 
0.4931109881667743 
0.49308995176032233 
0.49306898060938814 
0.49304807446880183 
0.49302723308893615 
0.4930064562159748 
0.49298574359218217 
0.4929650949561648 
0.49294451004313367 
0.4929239885851537 
0.4929035303113902 
0.49288313494835345 
0.4928628022201363 
0.49284253184863946 
0.49282232355380423 
0.49280217705382984 
0.49278209206538615 
0.49276206830382585 
0.4927421054833872 
0.4927222033173927 
0.4927023615184396 
0.4926825797985914 
0.492662857869556 
0.4926431954428663 
0.49262359223004587 
0.49260404794278184 
0.49258456229308123 
0.4925651349934278 
0.4925457657569338 
0.4925264542974852 
0.4925072003298809 
0.4924880035699712 
0.49246886373478777 
0.49244978054266847 
0.4924307537133825 
0.49241178296824284 
0.4923928680302252 
0.4923740086240693 
0.4923552044763876 
0.49233645531576353 
0.49231776087284723 
0.4922991208804458 
0.49228053507361363 
0.4922620031897316 
0.49224352496859236 
0.49222510015247206 
0.4922067284862038 
0.49218840971724825 
0.4921701435957572 
0.4921519298746368 
0.4921337683096061 
0.49211565865925194 
0.4920976006850825 
0.49207959415157704 
0.4920616388262311 
0.4920437344796011 
0.49202588088534593 
0.49200807782026446 
0.49199032506433016 
0.4919726224007254 
0.4919549696158733 
0.4919373664994639 
0.4919198128444802 
0.4919023084472241 
0.4918848531073351 
0.4918674466278116 
0.49185008881502956 
0.49183277947875315 
0.49181551843215415 
0.49179830549182113 
0.4917811404777684 
0.4917640232134476 
0.4917469535257501 
0.49172993124501757 
0.4917129562050408 
0.4916960282430633 
0.49167914719978545 
0.4916623129193587 
0.4916455252493875 
0.4916287840409243 
0.49161208914846793 
0.49159544042995557 
0.49157883774675704 
0.49156228096366744 
0.4915457699488996 
0.491529304574074 
0.49151288471420795 
0.49149651024770424 
0.49148018105634117 
0.49146389702525745 
0.491447658042939 
0.49143146400120663 
0.4914153147951979 
0.4913992103233557 
0.49138315048740716 
0.4913671351923514 
0.49135116434643866 
0.49133523786115496 
0.4913193556512033 
0.4913035176344827 
0.4912877237320723 
0.49127197386821053 
0.49125626797027255 
0.491240605968754 
0.4912249877972478 
0.49120941339242463 
0.4911938826940097 
0.491178395644762 
0.4911629521904545 
0.4911475522798495 
0.4911321958646765 
0.4911168828996128 
0.491101613342256 
0.49108638715310715 
0.49107120429554185 
0.49105606473579105 
0.49104096844291845 
0.49102591538879375 
0.49101090554807225 
0.49099593889817067 
0.4909810154192445 
0.49096613509416115 
0.4909512979084814 
0.4909365038504325 
0.490921752910885 
0.49090704508333144 
0.4908923803638589 
0.4908777587511285 
0.4908631802463518 
0.4908486448532646 
0.4908341525781071 
0.4908197034295972 
0.4908052974189105 
0.49079093455965284 
0.4907766148678414 
0.4907623383618768 
0.49074810506252664 
0.4907339149928939 
0.49071976817840124 
0.49070566464676524 
0.49069160442797227 
0.4906775875542586 
0.4906636140600855 
0.49064968398211994 
0.4906357973592074 
0.49062195423235316 
0.49060815464469965 
0.49059439864150356 
0.49058068627011453 
0.49056701757995125 
0.490553392622486 
0.4905398114512138 
0.4905262741216386 
0.49051278069124904 
0.49049933121949507 
0.49048592576777267 
0.49047256439939746 
0.49045924717958456 
0.49044597417543223 
0.4904327454558953 
0.49041956109176915 
0.4904064211556679 
0.4903933257220032 
0.49038027486696595 
0.49036726866850494 
0.49035430720630846 
0.49034139056178333 
0.4903285188180363 
0.4903156920598531 
0.4903029103736809 
0.4902901738476093 
0.49027748257134957 
0.4902648366362165 
0.4902522361351107 
0.49023968116249755 
0.49022717181439035 
0.49021470818833374 
0.4902022903833801 
0.49018991850007737 
0.4901775926404458 
0.49016531290796445 
0.4901530794075496 
0.4901408922455403 
0.49012875152967755 
0.49011665736908927 
0.4901046098742716 
0.4900926091570742 
0.4900806553306774 
0.4900687485095824 
0.490056888809587 
0.49004507634777605 
0.4900333112424984 
0.49002159361335523 
0.4900099235811786 
0.48999830126801963 
0.4899867267971287 
0.4899752002929426 
0.48996372188106435 
0.4899522916882506 
0.4899409098423935 
0.489929576472506 
0.4899182917087053 
0.48990705568219817 
0.4898958685252633 
0.4898847303712382 
0.4898736413545021 
0.4898626016104619 
0.48985161127553484 
0.4898406704871347 
0.4898297793836572 
0.48981893810446353 
0.48980814678986645 
0.4897974055811147 
0.48978671462037743 
0.4897760740507319 
0.48976548401614545 
0.48975494466146335 
0.48974445613239415 
0.4897340185754929 
0.48972363213814835 
0.4897132969685693 
0.4897030132157686 
0.4896927810295498 
0.489682600560491 
0.48967247195993424 
0.48966239537996914 
0.4896523709734175 
0.489642398893822 
0.48963247929543047 
0.48962261233318294 
0.48961279816269626 
0.48960303694025237 
0.48959332882278206 
0.489583673967853 
0.4895740725336557 
0.48956452467898864 
0.489555030563247 
0.48954559034640543 
0.48953620418900856 
0.48952687225215324 
0.48951759469747974 
0.4895083716871523 
0.4894992033838535 
0.4894900899507628 
0.48948103155154715 
0.48947202835034864 
0.4894630805117684 
0.48945418820085546 
0.489445351583091 
0.48943657082437747 
0.4894278460910252 
0.48941917754973624 
0.4894105653675953 
0.4894020097120539 
0.4893935107509161 
0.48938506865232945 
0.489376683584768 
0.48936835571701937 
0.4893600852181761 
0.4893518722576151 
0.48934371700499085 
0.4893356196302201 
0.48932758030346835 
0.48931959919513685 
0.48931167647584956 
0.489303812316441 
0.4892960068879419 
0.48928826036156703 
0.489280572908702 
0.48927294470089 
0.48926537590981883 
0.4892578667073075 
0.4892504172652934 
0.48924302775582035 
0.4892356983510247 
0.48922842922311993 
0.4892212205443889 
0.4892140724871661 
0.48920698522382616 
0.4891999589267718 
0.4891929937684203 
0.48918608992118834 
0.4891792475574826 
0.4891724668496845 
0.4891657479701357 
0.4891590910911286 
0.489152496384891 
0.4891459640235739 
0.4891394941792366 
0.48913308702383695 
0.4891267427292147 
0.4891204614670802 
0.48911424340900245 
0.48910808872639355 
0.4891019975904962 
0.4890959701723721 
0.48909000664288715 
0.48908410717269823 
0.4890782719322422 
0.4890725010917201 
0.48906679482108467 
0.48906115329002864 
0.48905557666797006 
0.489050065124038 
0.48904461882706307 
0.48903923794556103 
0.4890339226477185 
0.4890286731013839 
0.48902348947405205 
0.4890183719328493 
0.48901332064452036 
0.4890083357754206 
0.48900341749149323 
0.4889985659582648 
0.48899378134082727 
0.488989063803824 
0.4889844135114409 
0.4889798306273865 
0.4889753153148849 
0.48897086773665965 
0.4889664880549188 
0.48896217643134376 
0.488957933027075 
0.4889537580026993 
0.4889496515182358 
0.4889456137331211 
0.48894164480619856 
0.48893774489570313 
0.4889339141592488 
0.48893015275381263 
0.48892646083572594 
0.48892283856065505 
0.48891928608359264 
0.4889158035588417 
0.4889123911400021 
0.48890904897995907 
0.48890577723086664 
0.48890257604413545 
0.4888994455704211 
0.4888963859596057 
0.488893397360791 
0.48889047992227896 
0.48888763379156014 
0.48888485911530305 
0.48888215603933394 
0.4888795247086307 
0.488876965267304 
0.48887447785858723 
0.4888720626248176 
0.4888697197074297 
0.48886744924693687 
0.4888652513829193 
0.48886312625400963 
0.48886107399788065 
0.4888590947512316 
0.4888571886497721 
0.48885535582821216 
0.4888535964202458 
0.48885191055853977 
0.4888502983747186 
0.4888487599993499 
0.48884729556193385 
0.48884590519088683 
0.4888445890135316 
0.4888433471560769 
0.4888421797436125 
0.48884108690008843 
0.48884006874830765 
0.48883912540990604 
