0.530762208857097 
0.42408518512965887 
0.38780190099688544 
0.3664229507840564 
0.3555429780285814 
0.3499876673895068 
0.347014313479581 
0.34531021276032264 
0.344246809310226 
0.3435159078191925 
0.34296293424510854 
0.342509438661439 
0.3421157714985674 
0.3417623442019235 
0.3414398267941015 
0.34114386287163595 
0.34087222014677604 
0.34062334044632064 
0.3403957104117206 
0.34018768317659887 
0.3399975062283388 
0.3398234098228663 
0.33966368749659964 
0.33951674853454444 
0.3393811443479581 
0.33925557665680833 
0.3391388946153441 
0.3390300858134072 
0.33892826425922545 
0.3388326572451177 
0.3387425922389852 
0.33865748445728155 
0.33857682545654394 
0.33850017287493406 
0.33842714132903207 
0.3383573944005178 
0.3382906376140082 
0.3382266122975172 
0.33816509022062824 
0.3381058689160582 
0.33804876760304 
0.3379936236439732 
0.33794028947704174 
0.33788862997698305 
0.33783852020335975 
0.3377898435009773 
0.3377424899206617 
0.3376963549308115 
0.3376513383914736 
0.3376073437633832 
0.3375642775247687 
0.337522048769116 
0.33748056895755124 
0.3374397518002704 
0.3373995132425039 
0.33735977153197594 
0.33732044734654804 
0.33728146396275493 
0.33724274744817706 
0.3372042268629785 
0.33716583445820936 
0.33712750586092316 
0.33708918023831275 
0.33705080043514907 
0.337012313080695 
0.3369736686628704 
0.33693482156888194 
0.3368957300926984 
0.33685635641066214 
0.3368166665273099 
0.3367766301939702 
0.336736220803094 
0.3366954152614971 
0.33665419384577266 
0.3366125400431698 
0.336570440381079 
0.336527884248198 
0.3364848637102003 
0.3364413733225118 
0.3363974099425791 
0.3363529725437001 
0.3363080620322678 
0.33626268106998103 
0.3362168339023715 
0.3361705261946401 
0.33612376487571277 
0.33607655799108305 
0.33602891456489237 
0.3359808444714738 
0.33593235831644286 
0.335883467327306 
0.3358341832533883 
0.3357845182748141 
0.3357344849201892 
0.33568409599256427 
0.33563336450319353 
0.33558230361259844 
0.3355309265783993 
0.33547924670938667 
0.33542727732525757 
0.3353750317215452 
0.33532252313916966 
0.3352697647381458 
0.3352167695749736 
0.33516355058327324 
0.335110120557257 
0.33505649213767524 
0.3350026777998746 
0.3349486898436899 
0.33489454038488475 
0.3348402413479007 
0.33478580445970696 
0.33473124124457543 
0.334676563019608 
0.3346217808909044 
0.33456690575026327 
0.3345119482722934 
0.33445691891190243 
0.3344018279020758 
0.3343466852519307 
0.33429150074497105 
0.33423628393755317 
0.33418104415753186 
0.33412579050307506 
0.3340705318416389 
0.3340152768091258 
0.3339600338091764 
0.33390481101265074 
0.3338496163572825 
0.3337944575474936 
0.3337393420544049 
0.3336842771160323 
0.33362926973766543 
0.3335743266924579 
0.3335194545221971 
0.33346465953829735 
0.33340994782297084 
0.33335532523061145 
0.33330079738939034 
0.33324636970301813 
0.33319204735273117 
0.3331378352994477 
0.3330837382861221 
0.3330297608402629 
0.3329759072766356 
0.33292218170010907 
0.3328685880086933 
0.33281512989668016 
0.3327618108579558 
0.33270863418942265 
0.33265560299456476 
0.3326027201870865 
0.33254998849469875 
0.33249741046295156 
0.3324449884591877 
0.33239272467654085 
0.3323406211380171 
0.33228867970062514 
0.3322369020595416 
0.33218528975234013 
0.33213384416322234 
0.33208256652729273 
0.33203145793483024 
0.33198051933558725 
0.3319297515430608 
0.33187915523878436 
0.3318287309765938 
0.3317784791868737 
0.33172840018077693 
0.3316784941544271 
0.33162876119306917 
0.3315792012751962 
0.3315298142766165 
0.3314805999744857 
0.3314315580512852 
0.33138268809873245 
0.3313339896216544 
0.3312854620417851 
0.33123710470149703 
0.3311889168674833 
0.33114089773435407 
0.33109304642816856 
0.3310453620099087 
0.330997843478853 
0.3309504897759066 
0.33090329978682853 
0.33085627234541315 
0.33080940623655963 
0.3307627001993003 
0.33071615292972045 
0.3306697630838346 
0.33062352928034816 
0.3305774501033701 
0.3305315241050406 
0.33048574980807294 
0.3304401257082353 
0.3303946502767516 
0.330349321962614 
0.33030413919483326 
0.3302591003846274 
0.3302142039275123 
0.33016944820533817 
0.3301248315882425 
0.3300803524365552 
0.330036009102603 
0.3299917999324766 
0.3299477232677145 
0.329903777446913 
0.3298599608073008 
0.3298162716862212 
0.32977270842256473 
0.32972926935813696 
0.3296859528389772 
0.32964275721659514 
0.3295996808491805 
0.32955672210272485 
0.32951387935211585 
0.32947115098215385 
0.32942853538853706 
0.32938603097877883 
0.32934363617308066 
0.32930134940515504 
0.3292591691230078 
0.3292170937896615 
0.3291751218838368 
0.329133251900595 
0.32909148235193675 
0.3290498117673496 
0.32900823869432766 
0.32896676169884104 
0.3289253793657773 
0.32888409029933563 
0.32884289312339504 
0.32880178648184316 
0.32876076903887197 
0.32871983947924516 
0.3286789965085342 
0.3286382388533174 
0.32859756526137207 
0.3285569745018169 
0.3285164653652412 
0.32847603666381264 
0.32843568723135935 
0.32839541592343136 
0.32835522161734504 
0.32831510321220125 
0.32827505962890907 
0.3282350898101617 
0.3281951927204296 
0.3281553673459276 
0.3281156126945633 
0.3280759277958987 
0.3280363117010804 
0.32799676348277856 
0.32795728223511333 
0.3279178670735808 
0.32787851713497534 
0.32783923157731243 
0.32780000957974 
0.32776085034247876 
0.32772175308672397 
0.3276827170545912 
0.3276437415090408 
0.32760482573381416 
0.32756596903337887 
0.3275271707328773 
0.3274884301780952 
0.32744974673541655 
0.3274111197918022 
0.32737254875478855 
0.3273340330524746 
0.32729557213352894 
0.3272571654672118 
0.327218812543414 
0.3271805128726863 
0.32714226598629564 
0.32710407143630094 
0.3270659287956175 
0.32702783765810906 
0.32698979763868774 
0.3269518083734192 
0.32691386951963713 
0.3268759807560796 
0.3268381417830121 
0.3268003523223755 
0.32676261211792657 
0.3267249209353994 
0.3266872785626514 
0.3266496848098229 
0.3266121395094956 
0.3265746425168545 
0.3265371937098261 
0.3264997929892536 
0.3264624402790198 
0.32642513552618924 
0.3263878787011427 
0.3263506697976828 
0.3263135088331355 
0.3262763958484447 
0.32623933090822743 
0.3262023141008309 
0.32616534553835175 
0.32612842535664527 
0.3260915537152905 
0.3260547307975461 
0.32601795681026535 
0.32598123198377654 
0.3259445565717473 
0.3259079308509816 
0.3258713551212138 
0.32583482970484073 
0.3257983549466227 
0.3257619312133378 
0.325725558893403 
0.3256892383964414 
0.3256529701528019 
0.32561675461304995 
0.32558059224739033 
0.32554448354506343 
0.3255084290136797 
0.3254724291785111 
0.3254364845817409 
0.3254005957816612 
0.3253647633518312 
0.32532898788016884 
0.32529326996803515 
0.32525761022923444 
0.3252220092889997 
0.32518646778292787 
0.3251509863558668 
0.3251155656607776 
0.32508020635755197 
0.32504490911179557 
0.32500967459358365 
0.3249745034761755 
0.3249393964347045 
0.32490435414485536 
0.3248693772814868 
0.32483446651726894 
0.32479962252126493 
0.3247648459575247 
0.3247301374836559 
0.3246954977493607 
0.3246609273950076 
0.32462642705015354 
0.32459199733208854 
0.32455763884436806 
0.32452335217535766 
0.3244891378967644 
0.32445499656218807 
0.32442092870569283 
0.3243869348403694 
0.32435301545692474 
0.32431917102230085 
0.32428540197830347 
0.32425170874026077 
0.32421809169571414 
0.3241845512031479 
0.3241510875907404 
0.32411770115517474 
0.32408439216049284 
0.32405116083698127 
0.3240180073801358 
0.3239849319496801 
0.3239519346686336 
0.32391901562246617 
0.32388617485832927 
0.3238534123843533 
0.3238207281690508 
0.3237881221407989 
0.3237555941874351 
0.3237231441559424 
0.3236907718522763 
0.32365847704127143 
0.32362625944672674 
0.3235941187515779 
0.3235620545982454 
0.3235300665891063 
0.32349815428714307 
0.3234663172167432 
0.3234345548646589 
0.3234028666811567 
0.3233712520813393 
0.32333971044663296 
0.3233082411264966 
0.32327684344027985 
0.323245516679298 
0.32321426010908605 
0.3231830729718332 
0.323151954489029 
0.32312090386426295 
0.3230899202862087 
0.3230590029317863 
0.32302815096947524 
0.32299736356276637 
0.32296663987376245 
0.322935979066893 
0.32290538031272525 
0.32287484279186823 
0.32284436569893005 
0.32281394824652887 
0.32278358966931164 
0.32275328922797564 
0.32272304621325953 
0.3226928599498625 
0.32266272980030725 
0.32263265516866957 
0.32260263550420054 
0.32257267030475 
0.3225427591200458 
0.32251290155474027 
0.3224830972712331 
0.3224533459922439 
0.32242364750312197 
0.3223940016538548 
0.3223644083608014 
0.3223348676080978 
0.3223053794487593 
0.3222759440054456 
0.32224656147091607 
0.32221723210815484 
0.3221879562501729 
0.32215873429949565 
0.32212956672734494 
0.3221004540725259 
0.322071396940028 
0.3220423959993632 
0.3220134519826458 
0.32198456568244893 
0.3219557379494342 
0.32192696968980344 
0.32189826186256565 
0.3218696154766554 
0.3218410315879289 
0.32181251129604327 
0.3217840557412501 
0.3217556661011225 
0.3217273435872415 
0.3216990894418381 
0.3216709049344388 
0.3216427913585111 
0.3216147500281351 
0.32158678227469556 
0.32155888944364663 
0.3215310728913182 
0.32150333398179315 
0.3214756740838802 
0.3214480945681576 
0.3214205968041123 
0.3213931821573983 
0.32136585198716733 
0.3213386076435355 
0.3213114504651517 
0.3212843817768692 
0.3212574028875419 
0.3212305150879279 
0.32120371964871847 
0.32117701781865404 
0.32115041082278833 
0.3211238998608262 
0.32109748610560107 
0.32107117070163177 
0.3210449547638128 
0.3210188393761788 
0.3209928255907828 
0.32096691442667424 
0.3209411068689614 
0.3209154038679768 
0.32088980633852154 
0.32086431515919334 
0.32083893117182083 
0.32081365518094956 
0.3207884879534359 
0.3207634302180819 
0.320738482665385 
0.3207136459473272 
0.32068892067724863 
0.32066430742978425 
0.3206398067408635 
0.3206154191077736 
0.32059114498929 
0.3205669848058446 
0.32054293893977354 
0.3205190077355973 
0.3204951915003675 
0.3204714905040528 
0.3204479049799733 
0.3204244351252778 
0.32040108110146676 
0.3203778430349527 
0.32035472101764806 
0.32033171510760694 
0.32030882532968125 
0.3202860516762148 
0.32026339410776317 
0.32024085255384394 
0.3202184269136957 
0.3201961170570779 
0.32017392282506535 
0.32015184403088415 
0.32012988046074214 
0.3201080318746689 
0.3200862980073944 
0.32006467856919224 
0.320043173246763 
0.3200217817041025 
0.32000050358337945 
0.3199793385058081 
0.31995828607251964 
0.3199373458654379 
0.31991651744813004 
0.3198958003666729 
0.3198751941504979 
0.3198546983132257 
0.31983431235349563 
0.3198140357557786 
0.31979386799118 
0.31977380851822995 
0.3197538567836449 
0.31973401222308967 
0.3197142742619177 
0.31969464231589056 
0.31967511579188085 
0.3196556940885552 
0.3196363765970424 
0.3196171627015837 
0.31959805178014833 
0.31957904320505803 
0.31956013634355557 
0.3195413305583859 
0.3195226252083358 
0.3195040196487657 
0.3194855132321167 
0.3194671053083906 
0.31944879522562925 
0.3194305823303547 
0.31941246596800055 
0.31939444548332224 
0.31937652022078544 
0.3193586895249521 
0.319340952740812 
0.3193233092141466 
0.31930575829182795 
0.31928829932213515 
0.31927093165503806 
0.31925365464246686 
0.31923646763856744 
0.319219369999949 
0.31920236108589906 
0.3191854402586049 
0.3191686068833481 
0.31915186032868686 
0.3191351999666383 
0.31911862517282374 
0.3191021353266291 
0.3190857298113372 
0.3190694080142572 
0.31905316932683037 
0.31903701314474975 
0.31902093886804245 
0.3190049459011651 
0.31898903365307885 
0.31897320153731806 
0.3189574489720561 
0.31894177538014523 
0.3189261801891868 
0.3189106628315478 
0.31889522274440724 
0.3188798593697806 
0.3188645721545388 
0.3188493605504222 
0.318834224014061 
0.31881916200696553 
0.31880417399554123 
0.31878925945107606 
0.3187744178497371 
0.31875964867255896 
0.3187449514054256 
0.3187303255390587 
0.3187157705689924 
0.3187012859955477 
0.3186868713238083 
0.3186725260635919 
0.3186582497294224 
0.31864404184048595 
0.31862990192060514 
0.3186158294982009 
0.31860182410625426 
0.31858788528226156 
0.3185740125682023 
0.3185602055104885 
0.3185464636599298 
0.3185327865716838 
0.3185191738052122 
0.3185056249242463 
0.31849213949672006 
0.3184787170947507 
0.3184653572945671 
0.3184520596764859 
0.3184388238248485 
0.31842564932798095 
0.31841253577815004 
0.3183994827715156 
0.31838648990807633 
0.31837355679163776 
0.31836068302974974 
0.31834786823368 
0.31833511201835046 
0.31832241400230143 
0.31830977380764697 
0.3182971910600304 
0.318284665388573 
0.31827219642584403 
0.3182597838078063 
0.3182474271737774 
0.3182351261663862 
0.3182228804315369 
0.3182106896183587 
0.3181985533791742 
0.3181864713694519 
0.31817444324776967 
0.31816246867577747 
0.3181505473181569 
0.3181386788425769 
0.31812686291967174 
0.31811509922298525 
0.318103387428946 
0.31809172721683043 
0.3180801182687206 
0.31806856026947455 
0.31805705290668984 
0.3180455958706697 
0.31803418885438484 
0.31802283155344924 
0.31801152366607754 
0.3180002648930561 
0.3179890549377138 
0.3179778935058825 
0.31796678030587755 
0.31795571504845316 
0.3179446974467839 
0.3179337272164229 
0.3179228040752863 
0.3179119277436082 
0.3179010979439227 
0.3178903144010309 
0.3178795768419728 
0.3178688849960035 
0.31785823859455675 
0.3178476373712246 
0.31783708106173 
0.31782656940389736 
0.31781610213763134 
0.3178056790048829 
0.3177952997496323 
0.3177849641178591 
0.31777467185751723 
0.3177644227185109 
0.31775421645267654 
0.31774405281374785 
0.31773393155733853 
0.3177238524409234 
0.3177138152238053 
0.3177038196671 
0.31769386553371337 
0.3176839525883169 
0.3176740805973263 
0.317664249328884 
0.31765445855283453 
0.31764470804070455 
0.3176349975656842 
0.31762532690260536 
0.3176156958279211 
0.31760610411969276 
0.31759655155756306 
0.31758703792274134 
0.31757756299798157 
0.31756812656757416 
0.31755872841731275 
0.317549368334491 
0.31754004610788034 
0.3175307615277062 
0.3175215143856463 
0.31751230447479745 
0.3175031315896741 
0.31749399552618346 
0.3174848960816137 
0.31747583305461674 
0.3174668062451988 
0.3174578154546973 
0.3174488604857729 
0.31743994114239404 
0.31743105722982135 
0.3174222085545965 
0.3174133949245282 
0.31740461614867493 
0.3173958720373387 
0.317387162402051 
0.3173784870555561 
0.3173698458118037 
0.31736123848593306 
0.3173526648942656 
0.31734412485428687 
0.31733561818464845 
0.3173271447051358 
0.31731870423667896 
0.3173102966013284 
0.31730192162225 
0.3172935791237096 
0.3172852689310723 
0.31727699087078143 
0.3172687447703561 
0.3172605304583819 
0.3172523477644932 
0.3172441965193746 
0.3172360765547447 
0.31722798770335053 
0.3172199297989546 
0.3172119026763321 
0.3172039061712576 
0.31719594012049884 
0.31718800436180566 
0.31718009873390635 
0.3171722230764994 
0.317164377230234 
0.31715656103672485 
0.31714877433852073 
0.317141016979111 
0.31713328880291525 
0.31712558965527304 
0.3171179193824405 
0.31711027783158363 
0.3171026648507607 
0.31709508028893446 
0.31708752399594636 
0.31707999582251906 
0.3170724956202527 
0.3170650232416106 
0.31705757853991484 
0.31705016136934383 
0.3170427715849214 
0.3170354090425154 
0.31702807359882407 
0.31702076511137783 
0.31701348343852487 
0.31700622843943477 
0.316998999974085 
0.3169917979032603 
0.31698462208853967 
0.31697747239230073 
0.31697034867770274 
0.3169632508086919 
0.3169561786499887 
0.3169491320670826 
0.31694211092623037 
0.3169351150944504 
0.31692814443951295 
0.31692119882993663 
0.3169142781349899 
0.3169073822246732 
0.31690051096972627 
0.31689366424161475 
0.3168868419125298 
0.316880043855381 
0.31687326994379134 
0.3168665200520932 
0.3168597940553263 
0.31685309182922444 
0.3168464132502212 
0.31683975819543797 
0.316833126542683 
0.3168265181704457 
0.31681993295788924 
0.3168133707848511 
0.31680683153184086 
0.316800315080022 
0.3167938213112223 
0.3167873501079282 
0.3167809013532652 
0.31677447493101485 
0.3167680707255951 
0.3167616886220665 
0.3167553285061185 
0.3167489902640705 
0.3167426737828703 
0.316736378950082 
0.3167301056538949 
0.3167238537831044 
0.3167176232271204 
0.3167114138759552 
0.3167052256202225 
0.3166990583511397 
0.31669291196051186 
0.31668678634073844 
0.3166806813848048 
0.3166745969862809 
0.316668533039312 
0.316662489438625 
0.3166564660795169 
0.3166504628578497 
0.3166444796700589 
0.31663851641313306 
0.3166325729846263 
0.3166266492826456 
0.3166207452058456 
0.316614860653436 
0.3166089955251657 
0.3166031497213291 
0.31659732314275557 
0.3165915156908144 
0.3165857272674031 
0.3165799577749465 
0.3165742071163999 
0.31656847519523573 
0.31656276191544996 
0.31655706718155197 
0.3165513908985668 
0.3165457329720268 
0.31654009330797483 
0.31653447181295274 
0.316528868394007 
0.31652328295868376 
0.3165177154150204 
0.3165121656715501 
0.3165066336372935 
0.3165011192217564 
0.31649562233493456 
0.3164901428872968 
0.3164846807897952 
0.3164792359538555 
0.31647380829137667 
0.3164683977147296 
0.3164630041367481 
0.31645762747073103 
0.3164522676304438 
0.31644692453010753 
0.3164415980844018 
0.31643628820845576 
0.3164309948178552 
0.3164257178286331 
0.31642045715726924 
0.3164152127206847 
0.3164099844362444 
0.31640477222175 
0.31639957599544233 
0.3163943956759924 
0.31638923118250667 
0.31638408243452076 
0.316378949351988 
0.316373831855298 
0.3163687298652546 
0.3163636433030842 
0.316358572090427 
0.3163535161493421 
0.31634847540230043 
0.3163434497721771 
0.31633843918226506 
0.3163334435562531 
0.3163284628182414 
0.3163234968927239 
0.3163185457046009 
0.31631360917916335 
0.3163086872420996 
0.31630377981948876 
0.31629888683780216 
0.31629400822389525 
0.31628914390501517 
0.3162842938087874 
0.3162794578632207 
0.31627463599670497 
0.3162698281380037 
0.3162650342162612 
0.31626025416099013 
0.3162554879020762 
0.3162507353697746 
0.31624599649470686 
0.31624127120785883 
0.31623655944058177 
0.3162318611245861 
0.31622717619194446 
0.3162225045750805 
0.3162178462067796 
0.31621320102017564 
0.3162085689487565 
0.31620394992635925 
0.3161993438871666 
0.3161947507657092 
0.31619017049685844 
0.3161856030158313 
0.3161810482581828 
0.31617650615980325 
0.31617197665692337 
0.3161674596861086 
0.31616295518425036 
0.3161584630885793 
0.3161539833366488 
0.31614951586634177 
0.31614506061586767 
0.31614061752375466 
0.31613618652885883 
0.31613176757035444 
0.31612736058772956 
0.316122965520794 
0.31611858230966916 
0.31611421089479186 
0.3161098512169096 
0.3161055032170766 
0.3161011668366604 
0.3160968420173291 
0.3160925287010567 
0.31608822683012583 
0.31608393634711196 
0.3160796571948931 
0.3160753893166509 
0.31607113265585013 
0.3160668871562667 
0.3160626527619534 
0.316058429417268 
0.3160542170668495 
0.31605001565562724 
0.3160458251288181 
0.3160416454319234 
0.31603747651072683 
0.31603331831129694 
0.3160291707799785 
0.3160250338633956 
0.31602090750845513 
0.31601679166233376 
0.31601268627248263 
0.3160085912866291 
0.3160045066527682 
0.3160004323191663 
0.3159963682343572 
0.3159923143471399 
0.3159882706065828 
0.31598423696201283 
0.3159802133630244 
0.31597619975946867 
0.3159721961014574 
0.31596820233935813 
0.3159642184237967 
0.3159602443056578 
0.31595627993607067 
0.3159523252664288 
0.3159483802483598 
0.3159444448337577 
0.31594051897475495 
0.3159366026237311 
0.3159326957333115 
0.31592879825636855 
0.3159249101460136 
0.3159210313556012 
0.3159171618387205 
0.3159133015492034 
0.3159094504411216 
0.3159056084687765 
0.3159017755867076 
0.31589795174968516 
0.31589413691271023 
0.3158903310310198 
0.31588653406007444 
0.3158827459555638 
0.31587896667340415 
0.3158751961697386 
0.3158714344009333 
0.31586768132357584 
0.31586393689447484 
0.3158602010706615 
0.31585647380938314 
0.31585275506811045 
0.3158490448045205 
0.31584534297651584 
0.31584164954220517 
0.3158379644599169 
0.31583428768818483 
0.31583061918575506 
0.3158269589115829 
0.31582330682483484 
0.3158196628848777 
0.31581602705128986 
0.3158123992838497 
0.31580877954254255 
0.31580516778755086 
0.3158015639792629 
0.31579796807826477 
0.3157943800453391 
0.3157907998414689 
0.3157872274278331 
0.3157836627658035 
0.3157801058169479 
0.31577655654302683 
0.31577301490599335 
0.3157694808679891 
0.3157659543913459 
0.3157624354385827 
0.31575892397241134 
0.31575541995572737 
0.3157519233516062 
0.3157484341233133 
0.31574495223429605 
0.31574147764818394 
0.31573801032878734 
0.3157345502400949 
0.31573109734627564 
0.31572765161167815 
0.3157242130008233 
0.31572078147841093 
0.31571735700931514 
0.3157139395585858 
0.31571052909144043 
0.31570712557327285 
0.31570372896964616 
0.3157003392462908 
0.31569695636911393 
0.3156935803041779 
0.3156902110177216 
0.3156868484761473 
0.31568349264601964 
0.3156801434940717 
0.3156768009871955 
0.3156734650924437 
0.3156701357770359 
0.3156668130083488 
0.3156634967539146 
0.31566018698142934 
0.31565688365874167 
0.3156535867538602 
0.3156502962349482 
0.31564701207032264 
0.31564373422845265 
0.3156404626779624 
0.3156371973876255 
0.3156339383263707 
0.31563068546327033 
0.31562743876755334 
0.31562419820859045 
0.31562096375590365 
0.31561773537916016 
0.31561451304817306 
0.31561129673289684 
0.3156080864034367 
0.3156048820300365 
0.3156016835830817 
0.3155984910331009 
0.3155953043507642 
0.31559212350687776 
0.3155889484723896 
0.3155857792183864 
0.31558261571609014 
0.31557945793685976 
0.31557630585219 
0.31557315943371 
0.31557001865318435 
0.31556688348250783 
0.3155637538937136 
0.3155606298589589 
0.31555751135053556 
0.31555439834086846 
0.31555129080250455 
0.3155481887081285 
0.3155450920305456 
0.31554200074268923 
0.3155389148176212 
0.3155358342285273 
0.31553275894872174 
0.3155296889516369 
0.31552662421083283 
0.3155235646999908 
0.31552051039291196 
0.31551746126352237 
0.3155144172858663 
0.31551137843411003 
0.31550834468253247 
0.31550531600553816 
0.3155022923776473 
0.3154992737734929 
0.3154962601678286 
0.3154932515355222 
0.315490247851558 
0.31548724909103 
0.31548425522914914 
0.3154812662412403 
0.31547828210273443 
0.3154753027891809 
0.3154723282762364 
0.3154693585396684 
0.3154663935553531 
0.3154634332992779 
0.3154604777475326 
0.3154575268763225 
0.3154545806619546 
0.31545163908084217 
0.31544870210950643 
0.3154457697245726 
0.3154428419027689 
0.31543991862092935 
0.3154369998559884 
0.3154340855849876 
0.31543117578506663 
0.3154282704334665 
0.31542536950753247 
0.3154224729847037 
0.31541958084252447 
0.31541669305863596 
0.31541380961077625 
0.3154109304767862 
0.3154080556345972 
0.31540518506224047 
0.3154023187378439 
0.3153994566396292 
0.3153965987459164 
0.3153937450351148 
0.31539089548572835 
0.3153880500763593 
0.3153852087856979 
0.3153823715925257 
0.315379538475719 
0.3153767094142461 
0.31537388438716 
0.31537106337361037 
0.3153682463528288 
0.3153654333041438 
0.3153626242069686 
0.3153598190408021 
0.31535701778523517 
0.3153542204199407 
0.31535142692467827 
0.31534863727930235 
0.3153458514637382 
0.31534306945800517 
0.3153402912422048 
0.31533751679652494 
0.31533474610122963 
0.31533197913667355 
0.3153292158832915 
0.3153264563215972 
0.31532370043218566 
0.3153209481957371 
0.3153181995930104 
0.3153154546048442 
0.3153127132121516 
0.3153099753959332 
0.3153072411372644 
0.31530451041729424 
0.31530178321725866 
0.31529905951846315 
0.3152963393022909 
0.31529362255020577 
0.31529090924374115 
0.3152881993645123 
0.3152854928942055 
0.31528278981458085 
0.3152800901074741 
0.31527739375479547 
0.31527470073852826 
0.3152720110407247 
0.31526932464351337 
0.3152666415290978 
0.3152639616797432 
0.31526128507779466 
0.31525861170566316 
0.3152559415458349 
0.31525327458085994 
0.31525061079336186 
0.31524795016603185 
0.3152452926816293 
0.3152426383229822 
0.3152399870729892 
0.3152373389146134 
0.31523469383088454 
0.31523205180489994 
0.31522941281982614 
0.31522677685888917 
0.3152241439053861 
0.3152215139426799 
0.3152188869541924 
0.3152162629234154 
0.31521364183390116 
0.31521102366927056 
0.31520840841320047 
0.315205796049439 
0.3152031865617886 
0.31520057993412076 
0.31519797615036704 
0.3151953751945171 
0.3151927770506285 
0.3151901817028102 
0.31518758913524203 
0.31518499933215743 
0.31518241227785054 
0.315179827956676 
0.3151772463530493 
0.31517466745144007 
0.3151720912363811 
0.31516951769246404 
0.31516694680433055 
0.31516437855668794 
0.3151618129342976 
0.3151592499219802 
0.31515668950460757 
0.31515413166711226 
0.31515157639448177 
0.31514902367175834 
0.3151464734840418 
0.3151439258164834 
0.3151413806542929 
0.31513883798273135 
0.3151362977871153 
0.3151337600528155 
0.3151312247652557 
0.3151286919099105 
0.3151261614723141 
0.31512363343804234 
0.3151211077927352 
0.3151185845220768 
0.31511606361180705 
0.31511354504771455 
0.31511102881564074 
0.3151085149014775 
0.3151060032911686 
0.31510349397070486 
0.31510098692612987 
0.3150984821435371 
0.315095979609068 
0.31509347930891535 
0.3150909812293157 
0.31508848535656286 
0.3150859916769929 
0.31508350017699105 
0.3150810108429926 
0.3150785236614742 
0.3150760386189714 
0.3150735557020566 
0.3150710748973546 
0.31506859619153105 
0.3150661195713058 
0.3150636450234401 
0.3150611725347411 
0.3150587020920637 
0.3150562336823045 
0.3150537672924123 
0.31505130290937233 
0.3150488405202209 
0.31504638011203606 
0.3150439216719395 
0.3150414651870988 
0.3150390106447258 
0.31503655803207004 
0.3150341073364341 
0.3150316585451565 
0.31502921164561853 
0.31502676662524887 
0.3150243234715145 
0.3150218821719266 
0.315019442714038 
0.3150170050854424 
0.31501456927377586 
0.31501213526671473 
0.3150097030519773 
0.31500727261732425 
0.3150048439505542 
0.3150024170395098 
0.3149999918720689 
0.3149975684361533 
0.31499514671972206 
0.31499272671077877 
0.31499030839736125 
0.3149878917675472 
0.31498547680945765 
0.3149830635112472 
0.31498065186111107 
0.31497824184728584 
0.3149758334580419 
0.31497342668168893 
0.3149710215065787 
0.31496861792109415 
0.31496621591366053 
0.31496381547273644 
0.31496141658682186 
0.3149590192444525 
0.31495662343419945 
0.31495422914466675 
0.31495183636450724 
0.3149494450823973 
0.3149470552870534 
0.3149446669672305 
0.3149422801117174 
0.31493989470933625 
0.3149375107489496 
0.31493512821944725 
0.3149327471097643 
0.3149303674088618 
0.31492798910574166 
0.31492561218943604 
0.314923236649014 
0.3149208624735764 
0.31491848965226166 
0.31491611817423865 
0.31491374802871197 
0.3149113792049164 
0.3149090116921263 
0.3149066454796442 
0.3149042805568078 
0.31490191691298297 
0.314899554537577 
0.3148971934200239 
0.3148948335497899 
0.31489247491637695 
0.31489011750931684 
0.3148877613181708 
0.3148854063325381 
0.3148830525420427 
0.314880699936348 
0.3148783485051399 
0.3148759982381424 
0.31487364912510857 
0.31487130115582085 
0.31486895432009243 
0.3148666086077705 
0.3148642640087304 
0.314861920512879 
0.31485957811014903 
0.3148572367905084 
0.31485489654395526 
0.3148525573605139 
0.31485021923023887 
0.3148478821432179 
0.3148455460895661 
0.3148432110594231 
0.31484087704296415 
0.31483854403039385 
0.314836212011941 
0.31483388097786497 
0.3148315509184544 
0.3148292218240264 
0.3148268936849247 
0.31482456649152596 
0.31482224023422956 
0.31481991490346384 
0.3148175904896877 
0.31481526698338824 
0.31481294437507396 
0.3148106226552862 
0.31480830181459746 
0.31480598184359443 
0.3148036627329038 
0.31480134447317426 
0.3147990270550807 
0.31479671046932706 
0.3147943947066387 
0.31479207975777507 
0.3147897656135183 
0.3147874522646737 
0.31478513970208055 
0.31478282791659346 
0.3147805168991044 
0.3147782066405235 
0.31477589713178755 
0.3147735883638617 
0.3147712803277359 
0.31476897301442336 
0.3147666664149644 
0.3147643605204242 
0.3147620553218914 
0.3147597508104831 
0.3147574469773388 
0.3147551438136202 
0.3147528413105197 
0.31475053945924847 
0.3147482382510463 
0.31474593767717507 
0.31474363772892144 
0.31474133839759544 
0.3147390396745282 
0.3147367415510852 
0.31473444401864337 
0.31473214706860964 
0.31472985069241366 
0.31472755488150805 
0.3147252596273679 
0.314722964921495 
0.3147206707554098 
0.31471837712065825 
0.3147160840088086 
0.3147137914114516 
0.3147114993202027 
0.3147092077266974 
0.31470691662259426 
0.3147046259995755 
0.3147023358493459 
0.314700046163631 
0.3146977569341782 
0.31469546815275967 
0.3146931798111655 
0.31469089190121047 
0.31468860441473145 
0.3146863173435848 
0.314684030679647 
0.31468174441482577 
0.3146794585410356 
0.3146771730502192 
0.3146748879343477 
0.3146726031853982 
0.31467031879538493 
0.31466803475632993 
0.31466575106027933 
0.3146634676993052 
0.3146611846654965 
0.3146589019509612 
0.31465661954782803 
0.3146543374482509 
0.3146520556443962 
0.3146497741284575 
0.31464749289264365 
0.3146452119291874 
0.31464293123033443 
0.3146406507883585 
0.3146383705955483 
0.31463609064421355 
0.31463381092667814 
0.3146315314352969 
0.31462925216243226 
0.31462697310047105 
0.3146246942418211 
0.3146224155789038 
0.31462013710416453 
0.3146178588100642 
0.31461558068908313 
0.31461330273372146 
0.31461102493649495 
0.3146087472899416 
0.3146064697866144 
0.31460419241908755 
0.31460191517995223 
0.3145996380618137 
0.31459736105730035 
0.3145950841590606 
0.3145928073597506 
0.3145905306520546 
0.31458825402866625 
0.3145859774823034 
0.3145837010056986 
0.31458142459159777 
0.3145791482327719 
0.31457687192200057 
0.31457459565208784 
0.3145723194158502 
0.3145700432061206 
0.314567767015751 
0.314565490837611 
0.3145632146645807 
0.314560938489562 
0.314558662305475 
0.31455638610524733 
0.31455410988183224 
0.3145518336281931 
0.31454955733731066 
0.31454728100218105 
0.31454500461581825 
0.31454272817124934 
0.31454045166151706 
0.3145381750796825 
0.3145358984188202 
0.314533621672015 
0.31453134483237666 
0.31452906789302093 
0.3145267908470852 
0.3145245136877179 
0.31452223640808075 
0.3145199590013545 
0.3145176814607321 
0.31451540377941894 
0.31451312595063824 
0.31451084796762574 
0.3145085698236322 
0.31450629151191817 
0.3145040130257657 
0.31450173435846157 
0.3144994555033141 
0.3144971764536417 
0.3144948972027762 
0.31449261774406023 
0.31449033807085525 
0.3144880581765316 
0.3144857780544756 
0.3144834976980825 
0.3144812171007637 
0.314478936255943 
0.314476655157053 
0.314474373797544 
0.3144720921708751 
0.31446981027052057 
0.3144675280899618 
0.3144652456226991 
0.31446296286223746 
0.3144606798020988 
0.31445839643581364 
0.3144561127569238 
0.3144538287589872 
0.3144515444355692 
0.3144492597802428 
0.3144469747866004 
0.31444468944823833 
0.3144424037587686 
0.3144401177118088 
0.31443783130099157 
0.3144355445199578 
0.31443325736235883 
0.3144309698218586 
0.3144286818921261 
0.3144263935668428 
0.3144241048397019 
0.314421815704403 
0.3144195261546577 
0.3144172361841864 
0.3144149457867153 
0.31441265495598664 
0.3144103636857462 
0.3144080719697521 
0.31440577980176593 
0.31440348717556305 
0.31440119408492495 
0.3143989005236414 
0.3143966064855134 
0.314394311964344 
0.3143920169539511 
0.31438972144815425 
0.31438742544078413 
0.31438512892567605 
0.3143828318966798 
0.31438053434764135 
0.3143782362724194 
0.31437593766488625 
0.3143736385189063 
0.31437133882836393 
0.31436903858714227 
0.3143667377891314 
0.31436443642823275 
0.31436213449834566 
0.3143598319933834 
0.3143575289072584 
0.314355225233894 
0.31435292096721373 
0.31435061610115006 
0.3143483106296391 
0.3143460045466208 
0.31434369784604144 
0.3143413905218527 
0.314339082568008 
0.31433677397846493 
0.31433446474718707 
0.31433215486814164 
0.31432984433529754 
0.3143275331426306 
0.31432522128411705 
0.31432290875373525 
0.3143205955454704 
0.31431828165331027 
0.3143159670712387 
0.31431365179325244 
0.3143113358133385 
0.31430901912549813 
0.31430670172372355 
0.3143043836020186 
0.3143020647543793 
0.3142997451748082 
0.31429742485731027 
0.3142951037958883 
0.31429278198454563 
0.31429045941728956 
0.31428813608812267 
0.3142858119910512 
0.3142834871200801 
0.3142811614692167 
0.3142788350324639 
0.3142765078038233 
0.3142741797773026 
0.3142718509468988 
0.3142695213066163 
0.3142671908504511 
0.3142648595724016 
0.31426252746646294 
0.3142601945266283 
0.31425786074688744 
0.3142555261212297 
0.31425319064363666 
0.31425085430809474 
0.31424851710857776 
0.3142461790390653 
0.31424384009352474 
0.3142415002659251 
0.3142391595502277 
0.31423681794039243 
0.3142344754303707 
0.31423213201411293 
0.3142297876855609 
0.3142274424386518 
0.3142250962673195 
0.3142227491654876 
0.31422040112707755 
0.31421805214600185 
0.3142157022161655 
0.31421335133146705 
0.3142109994858004 
0.31420864667304843 
0.31420629288708585 
0.31420393812178393 
0.31420158237099904 
0.31419922562858427 
0.31419686788838125 
0.3141945091442192 
0.3141921493899267 
0.31418978861931285 
0.31418742682618056 
0.31418506400432294 
0.3141827001475236 
0.3141803352495483 
0.3141779693041621 
0.3141756023051063 
0.31417323424612126 
0.31417086512092746 
0.3141684949232381 
0.3141661236467478 
0.314163751285141 
0.3141613778320895 
0.31415900328125074 
0.3141566276262648 
0.31415425086076043 
0.31415187297835057 
0.3141494939726326 
0.31414711383718835 
0.3141447325655824 
0.31414235015136444 
0.3141399665880688 
0.3141375818692084 
0.31413519598828316 
0.3141328089387721 
0.31413042071413877 
0.31412803130782546 
0.3141256407132542 
0.31412324892383353 
0.314120855932946 
0.31411846173395863 
0.3141160663202155 
0.3141136696850387 
0.31411127182172943 
0.3141088727235695 
0.31410647238381717 
0.31410407079570707 
0.3141016679524498 
0.3140992638472382 
0.31409685847323254 
0.3140944518235748 
0.3140920438913816 
0.31408963466974044 
0.3140872241517161 
0.3140848123303499 
0.31408239919864933 
0.3140799847496006 
0.3140775689761606 
0.314075151871257 
0.3140727334277882 
0.3140703136386275 
0.31406789249661243 
0.31406546999455526 
0.314063046125238 
0.3140606208814069 
0.31405819425577874 
0.31405576624104076 
0.31405333682984476 
0.31405090601480706 
0.3140484737885161 
0.3140460401435184 
0.31404360507233214 
0.3140411685674338 
0.3140387306212692 
0.3140362912262461 
0.31403385037473075 
0.3140314080590568 
0.3140289642715161 
0.3140265190043629 
0.3140240722498094 
0.3140216240000287 
0.31401917424715553 
0.3140167229832776 
0.3140142702004426 
0.3140118158906571 
0.3140093600458808 
0.31400690265802916 
0.3140044437189765 
0.3140019832205469 
0.3139995211545179 
0.3139970575126233 
0.31399459228654547 
0.3139921254679173 
0.3139896570483315 
0.3139871870193142 
0.3139847153723548 
0.3139822420988842 
0.313979767190282 
0.3139772906378745 
0.31397481243293324 
0.31397233256667717 
0.31396985103026714 
0.3139673678148059 
0.31396488291134045 
0.313962396310861 
0.3139599080042973 
0.3139574179825167 
0.3139549262363278 
0.31395243275647466 
0.3139499375336429 
0.3139474405584535 
0.31394494182145627 
0.313942441313144 
0.31393993902393474 
0.31393743494418686 
0.31393492906418224 
0.3139324213741385 
0.3139299118641979 
0.31392740052443924 
0.3139248873448574 
0.3139223723153807 
0.31391985542585993 
0.31391733666607025 
0.31391481602570925 
0.3139122934943948 
0.31390976906167006 
0.3139072427169904 
0.313904714449735 
0.31390218424919913 
0.31389965210458715 
0.31389711800502923 
0.3138945819395576 
0.3138920438971249 
0.3138895038665883 
0.31388696183671827 
0.3138844177961912 
0.31388187173359156 
0.3138793236374072 
0.3138767734960303 
0.31387422129775494 
0.3138716670307804 
0.31386911068320167 
0.31386655224301174 
0.31386399169810025 
0.3138614290362547 
0.3138588642451537 
0.3138562973123673 
0.3138537282253607 
0.3138511569714817 
0.31384858353796696 
0.31384600791194417 
0.31384343008041643 
0.3138408500302753 
0.3138382677482929 
0.3138356832211152 
0.3138330964352688 
0.3138305073771546 
0.3138279160330495 
0.31382532238909505 
0.3138227264313114 
0.3138201281455802 
0.3138175275176502 
0.313814924533135 
0.3138123191775098 
0.3138097114361091 
0.313807101294124 
0.31380448873660444 
0.3138018737484531 
0.3137992563144195 
0.3137966364191111 
0.3137940140469749 
0.31379138918230404 
0.3137887618092394 
0.3137861319117559 
0.3137834994736668 
0.31378086447862646 
0.31377822691011736 
0.31377558675145434 
0.3137729439857794 
0.3137702985960614 
0.31376765056509315 
0.313764999875483 
0.313762346509665 
0.3137596904498819 
0.31375703167819463 
0.31375437017646796 
0.313751705926376 
0.3137490389094002 
0.3137463691068179 
0.313743696499709 
0.3137410210689462 
0.3137383427951976 
0.3137356616589168 
0.31373297764034513 
0.3137302907195124 
0.31372760087621726 
0.3137249080900447 
0.31372221234035075 
0.313719513606259 
0.31371681186666167 
0.31371410710021663 
0.31371139928533565 
0.3137086884001949 
0.31370597442271514 
0.3137032573305733 
0.31370053710118895 
0.313697813711721 
0.31369508713906996 
0.31369235735987205 
0.31368962435048864 
0.3136868880870114 
0.3136841485452554 
0.3136814057007505 
0.3136786595287399 
0.3136759100041849 
0.31367315710174576 
0.3136704007957886 
0.3136676410603705 
0.3136648778692491 
0.31366211119586784 
0.31365934101335363 
0.3136565672945131 
0.31365379001182925 
0.313651009137454 
0.31364822464320485 
0.313645436500563 
0.31364264468066044 
0.3136398491542855 
0.3136370498918686 
0.3136342468634834 
0.31363144003883986 
0.31362862938727715 
0.3136258148777622 
0.31362299647887937 
0.3136201741588316 
0.31361734788542817 
0.3136145176260853 
0.313611683347816 
0.3136088450172285 
0.3136060026005149 
0.3136031560634528 
0.31360030537139544 
0.31359745048926374 
0.3135945913815447 
0.31359172801228397 
0.31358886034507844 
0.3135859883430753 
0.3135831119689571 
0.3135802311849419 
0.313577345952779 
0.3135744562337327 
0.3135715619885925 
0.31356866317764964 
0.3135657597606983 
0.3135628516970326 
0.3135599389454348 
0.31355702146417097 
0.31355409921098154 
0.31355117214308065 
0.31354824021714156 
0.31354530338930153 
0.3135423616151416 
0.31353941484968684 
0.3135364630474043 
0.3135335061621826 
0.31353054414734244 
0.3135275769556151 
0.3135246045391415 
0.3135216268494713 
0.3135186438375434 
0.31351565545369003 
0.3135126616476254 
0.3135096623684354 
0.31350665756458124 
0.31350364718388396 
0.3135006311735199 
0.3134976094800118 
0.3134945820492319 
0.31349154882638236 
0.3134885097559967 
0.3134854647819303 
0.31348241384735914 
0.3134793568947659 
0.313476293865939 
0.31347322470196776 
0.31347014934322914 
0.3134670677293923 
0.3134639797994057 
0.3134608854914884 
0.31345778474313996 
0.3134546774911189 
0.3134515636714449 
0.3134484432193939 
0.3134453160694947 
0.31344218215552067 
0.3134390414104891 
0.3134358937666578 
0.3134327391555184 
0.31342957750779804 
0.31342640875345185 
0.31342323282166185 
0.31342004964083764 
0.3134168591386086 
0.3134136612418357 
0.31341045587658994 
0.3134072429681704 
0.3134040224410955 
0.3134007942191056 
0.3133975582251659 
0.3133943143814607 
0.3133910626094122 
0.31338780282965906 
0.3133845349620822 
0.31338125892579904 
0.31337797463916706 
0.31337468201979607 
0.3133713809845459 
0.3133680714495439 
0.3133647533301848 
0.3133614265411435 
0.3133580909963847 
0.3133547466091764 
0.31335139329209577 
0.3133480309570492 
0.3133446595152832 
0.3133412788773969 
0.3133378889533682 
0.31333448965256117 
0.3133310808837491 
0.31332766255513944 
0.3133242345743916 
0.31332079684863984 
0.31331734928452226 
0.31331389178819974 
0.31331042426539807 
0.3133069466214249 
0.3133034587612051 
0.31329996058931725 
0.3132964520100314 
0.3132929329273366 
0.3132894032449931 
0.31328586286656523 
0.31328231169546594 
0.3132787496350086 
0.313275176588453 
0.3132715924590511 
0.3132679971501039 
0.31326439056502325 
0.3132607726073808 
0.31325714318097125 
0.3132535021898812 
0.3132498495385505 
0.3132461851318409 
0.31324250887511473 
0.3132388206743069 
0.31323512043599727 
0.31323140806750177 
0.31322768347695484 
0.3132239465733919 
0.3132201972668465 
0.31321643546844236 
0.3132126610904927 
0.31320887404660197 
0.31320507425177063 
0.3132012616225029 
0.31319743607692363 
0.3131935975348854 
0.31318974591810206 
0.3131858811502567 
0.31318200315714145 
0.31317811186678185 
0.3131742072095734 
0.3131702891184224 
0.3131663575288817 
0.31316241237931147 
0.3131584536110049 
0.3131544811683692 
0.3131504949990624 
0.3131464950541635 
0.31314248128833605 
0.3131384536599941 
0.31313441213147275 
0.31313035666921 
0.313126287243915 
0.31312220383074935 
0.31311810640952165 
0.313113994964862 
0.3131098694864185 
0.3131057299690474 
0.3131015764129999 
0.31309740882413034 
0.31309322721408045 
0.3130890316004941 
0.3130848220071975 
0.31308059846442 
0.3130763610089846 
0.31307210968450977 
0.3130678445416205 
0.3130635656381373 
0.31305927303929043 
0.31305496681791084 
0.31305064705463026 
0.3130463138380801 
0.3130419672650823 
0.31303760744084275 
0.31303323447913567 
0.31302884850248586 
0.31302444964236 
0.3130200380393212 
0.31301561384321175 
0.3130111772133121 
0.3130067283184945 
0.3130022673373719 
0.31299779445844134 
0.31299330988021373 
0.31298881381133453 
0.31298430647070297 
0.3129797880875701 
0.31297525890163014 
0.3129707191631104 
0.312966169132825 
0.31296160908224246 
0.312957039293524 
0.31295246005955146 
0.31294787168394084 
0.3129432744810421 
0.31293866877592424 
0.31293405490433873 
0.31292943321267264 
0.3129248040578852 
0.3129201678074141 
0.312915524839087 
0.3129108755409908 
0.3129062203113408 
0.3129015595583198 
0.31289689369990353 
0.31289222316366205 
0.3128875483865524 
0.31288286981467894 
0.31287818790303934 
0.31287350311525497 
0.3128688159232791 
0.3128641268070836 
0.31285943625433016 
0.3128547447600224 
0.3128500528261368 
0.3128453609612393 
0.3128406696800825 
0.31283597950318404 
0.31283129095639906 
0.3128266045704593 
0.3128219208805119 
0.31281724042563785 
0.31281256374835786 
0.3128078913941274 
0.3128032239108194 
0.3127985618481938 
0.31279390575735994 
0.3127892561902351 
0.312784613698981 
0.3127799788354574 
0.31277535215064656 
0.312770734194094 
0.3127661255133273 
0.31276152665329915 
0.3127569381558016 
0.31275236055890204 
0.3127477943963833 
0.31274324019716787 
0.312738698484767 
0.3127341697767316 
0.31272965458410207 
0.3127251534108832 
0.31272066675351456 
0.31271619510036386 
0.31271173893122245 
0.3127072987168243 
0.3127028749183767 
0.3126984679871061 
0.31269407836381924 
0.3126897064784849 
0.31268535274984055 
0.3126810175850027 
0.3126767013791143 
0.31267240451500405 
0.31266812736287 
0.3126638702799852 
0.3126596336104212 
0.31265541768480953 
0.31265122282010843 
0.3126470493193964 
0.31264289747171603 
0.31263876755189046 
0.31263465982041694 
0.3126305745233517 
0.31262651189221985 
0.31262247214397587 
0.312618455480949 
0.31261446209084415 
0.31261049214674685 
0.31260654580714964 
0.31260262321601917 
0.31259872450286597 
0.31259484978282936 
0.3125909991568177 
0.3125871727116155 
0.31258337052006147 
0.3125795926412044 
0.31257583912049614 
0.31257210998999885 
0.312568405268603 
0.3125647249622632 
0.31256106906424247 
0.31255743755538207 
0.31255383040436446 
0.31255024756800875 
0.31254668899155275 
0.3125431546089619 
0.3125396443432493 
0.31253615810678226 
0.31253269580161497 
0.3125292573198205 
0.31252584254382515 
0.3125224513467545 
0.31251908359276825 
0.3125157391374199 
0.312512417827995 
0.3125091195038613 
0.31250584399682824 
0.3125025911314875 
0.31249936072556156 
0.31249615259025776 
0.3124929665306074 
0.3124898023458109 
0.3124866598295723 
0.3124835387704409 
0.31248043895213773 
0.31247736015388106 
0.3124743021507114 
0.3124712647137991 
0.31246824761076736 
0.3124652506059788 
0.31246227346084615 
0.31245931593411685 
0.31245637778215685 
0.3124534587592255 
0.31245055861774856 
0.31244767710857196 
0.31244481398122315 
0.31244196898415716 
0.3124391418649822 
0.3124363323707107 
0.31243354024796083 
0.31243076524318575 
0.312428007102874 
0.31242526557374123 
0.31242254040293577 
0.3124198313382107 
0.3124171381280976 
0.3124144605220823 
0.31241179827075544 
0.31240915112596784 
0.3124065188409754 
0.31240390117057715 
0.3124012978712382 
0.31239870870122594 
0.31239613342070843 
0.3123935717918757 
0.3123910235790419 
0.3123884885487342 
0.3123859664697858 
0.3123834571134211 
0.3123809602533294 
0.3123784756657397 
0.3123760031294861 
0.3123735424260652 
0.31237109333969315 
0.3123686556573585 
0.31236622916886064 
0.31236381366686006 
0.3123614089468989 
0.31235901480744854 
0.3123566310499246 
0.3123542574787201 
0.31235189390121293 
0.31234954012779054 
0.3123471959718518 
0.3123448612498321 
0.31234253578119014 
0.31234021938841744 
0.3123379118970376 
0.3123356131356026 
0.31233332293568694 
0.3123310411318732 
0.3123287675617464 
0.31232650206587415 
0.31232424448780066 
0.3123219946740143 
0.31231975247394417 
0.31231751773992394 
0.31231529032717825 
0.31231307009379145 
0.3123108569006853 
0.3123086506115901 
0.31230645109301486 
0.3123042582142227 
0.31230207184718584 
0.3122998918665759 
0.3122977181497043 
0.3122955505765124 
0.3122933890295222 
0.3122912333938079 
0.31228908355695745 
0.3122869394090358 
0.31228480084255117 
0.31228266775242036 
0.31228054003592026 
0.3122784175926642 
0.3122763003245518 
0.31227418813574304 
0.3122720809326099 
0.3122699786237021 
0.31226788111971493 
0.3122657883334384 
0.3122637001797316 
0.31226161657547635 
0.31225953743954615 
0.31225746269275745 
0.3122553922578495 
0.3122533260594324 
0.31225126402395287 
0.31224920607966156 
0.3122471521565804 
0.3122451021864498 
0.3122430561027124 
0.312241013840466 
0.3122389753364327 
0.31223694052892187 
0.3122349093578005 
0.3122328817644505 
0.312230857691746 
0.31222883708401283 
0.31222681988700035 
0.31222480604784625 
0.3122227955150451 
0.3122207882384192 
0.3122187841690884 
0.31221678325943686 
0.3122147854630827 
0.31221279073485564 
0.31221079903076215 
0.3122088103079553 
0.3122068245247157 
0.312204841640413 
0.3122028616154911 
0.3122008844114301 
0.31219890999073063 
0.3121969383168791 
0.3121949693543345 
0.3121930030684889 
0.31219103942566023 
0.312189078393054 
0.3121871199387528 
0.312185164031683 
0.31218321064159815 
0.31218125973906063 
0.31217931129541554 
0.3121773652827682 
0.31217542167397244 
0.3121734804426038 
0.3121715415629397 
0.31216960500994356 
0.31216767075925095 
0.3121657387871391 
0.31216380907052416 
0.3121618815869265 
0.31215995631447363 
0.3121580332318669 
0.3121561123183765 
0.31215419355382185 
0.31215227691855124 
0.31215036239343985 
0.31214844995985774 
0.31214653959967475 
0.31214463129522874 
0.3121427250293276 
0.31214082078522404 
0.3121389185466077 
0.3121370182975949 
0.3121351200227131 
0.31213322370688973 
0.3121313293354419 
0.31212943689406214 
0.312127546368811 
0.3121256577461028 
0.3121237710127009 
0.3121218861556995 
0.3121200031625213 
0.3121181220209 
0.3121162427188848 
0.31211436524481073 
0.31211248958730886 
0.3121106157352861 
0.312108743677926 
0.31210687340466736 
0.31210500490521154 
0.3121031381695014 
0.31210127318772657 
0.31209940995030344 
0.31209754844787746 
0.31209568867131043 
0.3120938306116798 
0.3120919742602667 
0.31209011960855165 
0.3120882666482076 
0.3120864153710954 
0.3120845657692607 
0.3120827178349173 
0.31208087156045883 
0.3120790269384359 
0.312077183961568 
0.3120753426227208 
0.3120735029149123 
0.3120716648313128 
0.3120698283652237 
0.31206799351009384 
0.312066160259492 
0.31206432860712563 
0.31206249854682055 
0.31206067007252386 
0.3120588431783038 
0.31205701785833234 
0.31205519410689936 
0.3120533719183947 
0.3120515512873137 
0.3120497322082503 
0.3120479146758959 
0.3120460986850313 
0.3120442842305283 
0.3120424713073491 
0.3120406599105371 
0.3120388500352198 
0.31203704167660357 
0.31203523482996776 
0.31203342949067314 
0.312031625654145 
0.3120298233158819 
0.31202802247145145 
0.312026223116483 
0.31202442524667195 
0.31202262885777277 
0.3120208339456002 
0.31201904050602713 
0.31201724853498347 
0.3120154580284486 
0.31201366898245825 
0.3120118813930985 
0.31201009525650064 
0.3120083105688476 
0.31200652732636697 
0.31200474552533003 
0.31200296516205306 
0.3120011862328927 
0.3119994087342481 
0.3119976326625574 
0.31199585801429275 
0.31199408478597035 
0.31199231297413543 
0.3119905425753738 
0.3119887735863028 
0.3119870060035728 
0.31198523982386284 
0.31198347504389096 
0.31198171166039446 
0.3119799496701472 
0.31197818906995095 
0.311976429856631 
0.31197467202704465 
0.3119729155780699 
0.31197116050661367 
0.3119694068096043 
0.3119676544839961 
0.31196590352676695 
0.31196415393491744 
0.31196240570546685 
0.31196065883546026 
0.31195891332196035 
0.31195716916205013 
0.31195542635283435 
0.31195368489143543 
0.3119519447749957 
0.31195020600067547 
0.31194846856565156 
0.31194673246711935 
0.3119449977022899 
0.31194326426839414 
0.31194153216267756 
0.31193980138239547 
0.3119380719248304 
0.3119363437872704 
0.3119346169670226 
0.31193289146140657 
0.311931167267759 
0.3119294443834254 
0.3119277228057704 
0.3119260025321674 
0.3119242835600084 
0.3119225658866913 
0.31192084950962995 
0.31191913442625085 
0.3119174206339947 
0.31191570813030955 
0.3119139969126556 
0.3119122869785106 
0.3119105783253535 
0.3119088709506844 
0.31190716485200765 
0.31190546002684183 
0.3119037564727117 
0.3119020541871589 
0.31190035316772985 
0.3118986534119855 
0.31189695491749153 
0.3118952576818287 
0.3118935617025833 
0.31189186697735716 
0.311890173503752 
0.31188848127938773 
0.31188679030189037 
0.31188510056889435 
0.31188341207804327 
0.31188172482699006 
0.3118800388133983 
0.3118783540349363 
0.31187667048928763 
0.3118749881741351 
0.3118733070871789 
0.31187162722612183 
0.3118699485886788 
0.3118682711725711 
0.3118665949755277 
0.31186491999528815 
0.31186324622959755 
0.31186157367620826 
0.3118599023328837 
0.31185823219739756 
0.31185656326752326 
0.3118548955410476 
0.3118532290157661 
0.31185156368947664 
0.3118498995599906 
0.3118482366251235 
0.31184657488270073 
0.31184491433055034 
0.311843254966517 
0.3118415967884424 
0.31183993979418484 
0.31183828398160035 
0.3118366293485616 
0.31183497589294346 
0.31183332361262966 
0.3118316725055097 
0.3118300225694819 
0.31182837380245154 
0.3118267262023298 
0.3118250797670366 
0.3118234344944977 
0.31182179038264546 
0.3118201474294216 
0.31181850563277286 
0.31181686499065386 
0.3118152255010237 
0.31181358716185303 
0.311811949971116 
0.3118103139267947 
0.3118086790268771 
0.31180704526935904 
0.3118054126522431 
0.3118037811735372 
0.31180215083125884 
0.3118005216234294 
0.31179889354808044 
0.3117972666032428 
0.3117956407869619 
0.311794016097287 
0.31179239253227725 
0.31179077008998896 
0.31178914876849445 
0.31178752856586783 
0.31178590948019325 
0.3117842915095592 
0.3117826746520556 
0.31178105890579194 
0.31177944426887066 
0.3117778307394066 
0.311776218315522 
0.3117746069953439 
0.3117729967770059 
0.31177138765864587 
0.311769779638412 
0.31176817271445706 
0.31176656688493865 
0.3117649621480207 
0.311763358501878 
0.3117617559446846 
0.311760154474627 
0.31175855408989395 
0.3117569547886802 
0.31175535656918835 
0.31175375942962863 
0.311752163368213 
0.3117505683831639 
0.3117489744727054 
0.3117473816350737 
0.3117457898685056 
0.31174419917124463 
0.3117426095415424 
0.3117410209776561 
0.31173943347784716 
0.31173784704038565 
0.3117362616635413 
0.3117346773456 
0.31173309408484395 
0.31173151187956805 
0.31172993072806715 
0.3117283506286462 
0.311726771579613 
0.31172519357928563 
0.31172361662598297 
0.3117220407180305 
0.31172046585376006 
0.31171889203151315 
0.31171731924963 
0.3117157475064615 
0.3117141768003586 
0.3117126071296873 
0.3117110384928069 
0.31170947088809486 
0.31170790431392364 
0.3117063387686797 
0.31170477425074644 
0.3117032107585224 
0.3117016482903991 
0.3117000868447864 
0.3116985264200935 
0.31169696701473293 
0.3116954086271262 
0.3116938512556989 
0.3116922948988829 
0.31169073955511417 
0.3116891852228322 
0.3116876319004831 
0.3116860795865224 
0.3116845282794055 
0.3116829779775944 
0.31168142867955534 
0.3116798803837643 
0.31167833308869497 
0.31167678679283245 
0.3116752414946641 
0.3116736971926816 
0.31167215388538483 
0.3116706115712763 
0.3116690702488608 
0.3116675299166556 
0.31166599057317707 
0.3116644522169459 
0.3116629148464915 
0.31166137846034503 
0.31165984305704586 
0.3116583086351332 
0.31165677519315604 
0.31165524272966677 
0.3116537112432183 
0.3116521807323733 
0.3116506511957009 
0.31164912263176886 
0.31164759503915135 
0.311646068416429 
0.3116445427621879 
0.311643018075017 
0.31164149435350713 
0.31163997159625967 
0.3116384498018782 
0.31163692896896716 
0.31163540909614024 
0.3116338901820118 
0.31163237222520507 
0.31163085522434514 
0.3116293391780601 
0.31162782408498463 
0.3116263099437575 
0.31162479675302146 
0.31162328451142346 
0.3116217732176154 
0.3116202628702526 
0.31161875346799445 
0.31161724500950483 
0.3116157374934572 
0.3116142309185179 
0.3116127252833661 
0.311611220586683 
0.3116097168271547 
0.31160821400346944 
0.31160671211432034 
0.3116052111584047 
0.3116037111344288 
0.31160221204109095 
0.311600713877105 
0.3115992166411852 
0.31159772033204736 
0.31159622494841177 
0.3115947304890092 
0.3115932369525643 
0.31159174433781245 
0.3115902526434904 
0.31158876186833906 
0.31158727201110537 
0.3115857830705366 
0.31158429504538354 
0.31158280793440785 
0.3115813217363649 
0.3115798364500209 
0.3115783520741423 
0.31157686860750067 
0.3115753860488728 
0.31157390439703725 
0.31157242365077237 
0.3115709438088725 
0.3115694648701192 
0.31156798683330966 
0.3115665096972417 
0.31156503346071246 
0.3115635581225277 
0.31156208368149657 
0.31156061013642866 
0.3115591374861377 
0.3115576657294431 
0.31155619486516506 
0.31155472489213 
0.31155325580916615 
0.31155178761510377 
0.31155032030878016 
0.31154885388903214 
0.31154738835470275 
0.3115459237046337 
0.31154445993767926 
0.3115429970526881 
0.31154153504851495 
0.31154007392402067 
0.31153861367806346 
0.3115371543095111 
0.31153569581722984 
0.31153423820009163 
0.31153278145697105 
0.31153132558674546 
0.31152987058829607 
0.3115284164605066 
0.3115269632022647 
0.31152551081245955 
0.3115240592899844 
0.31152260863373626 
0.31152115884261433 
0.3115197099155214 
0.31151826185135945 
0.3115168146490442 
0.3115153683074782 
0.311513922825584 
0.3115124782022755 
0.3115110344364696 
0.31150959152709384 
0.31150814947307304 
0.3115067082733373 
0.31150526792681915 
0.3115038284324494 
0.3115023897891697 
0.3115009519959171 
0.3114995150516396 
0.31149807895528037 
0.3114966437057875 
0.3114952093021146 
0.31149377574321574 
0.31149234302804624 
0.3114909111555694 
0.3114894801247473 
0.31148804993454243 
0.311486620583926 
0.3114851920718666 
0.31148376439733894 
0.3114823375593187 
0.31148091155678714 
0.31147948638872036 
0.3114780620541073 
0.3114766385519303 
0.31147521588118343 
0.3114737940408552 
0.31147237302994113 
0.31147095284743576 
0.3114695334923423 
0.31146811496365984 
0.31146669726039544 
0.31146528038155397 
0.3114638643261451 
0.31146244909318016 
0.31146103468167585 
0.31145962109064673 
0.3114582083191131 
0.3114567963660961 
0.31145538523062066 
0.31145397491171106 
0.3114525654084002 
0.3114511567197164 
0.31144974884469234 
0.31144834178236547 
0.31144693553177627 
0.3114455300919609 
0.31144412546196576 
0.3114427216408352 
0.3114413186276142 
0.31143991642135693 
0.3114385150211124 
0.3114371144259365 
0.3114357146348845 
0.3114343156470158 
0.31143291746139024 
0.31143152007707564 
0.3114301234931332 
0.31142872770862884 
0.3114273327226372 
0.3114259385342266 
0.3114245451424736 
0.3114231525464527 
0.31142176074524475 
0.31142036973792736 
0.31141897952358405 
0.3114175901013018 
0.31141620147016313 
0.3114148136292614 
0.3114134265776848 
0.311412040314527 
0.3114106548388842 
0.31140927014985337 
0.3114078862465309 
0.31140650312802187 
0.31140512079342747 
0.3114037392418537 
0.3114023584724085 
0.3114009784841987 
0.31139959927633737 
0.3113982208479362 
0.31139684319811245 
0.31139546632598136 
0.31139409023066295 
0.3113927149112777 
0.31139134036694754 
0.311389966596799 
0.311388593599958 
0.3113872213755531 
0.3113858499227134 
0.3113844792405721 
0.31138310932826563 
0.3113817401849253 
0.3113803718096946 
0.3113790042017074 
0.3113776373601106 
0.31137627128404294 
0.31137490597265105 
0.31137354142508306 
0.3113721776404875 
0.311370814618015 
0.3113694523568143 
0.311368090856045 
0.31136673011485966 
0.31136537013241616 
0.31136401090787463 
0.311362652440395 
0.3113612947291405 
0.3113599377732756 
0.3113585815719673 
0.31135722612438377 
0.31135587142969084 
0.31135451748706566 
0.3113531642956754 
0.3113518118546991 
0.311350460163311 
0.31134910922068904 
0.31134775902601375 
0.31134640957846527 
0.3113450608772272 
0.31134371292148433 
0.31134236571042245 
0.3113410192432273 
0.3113396735190916 
0.311338328537204 
0.3113369842967579 
0.31133564079694764 
0.3113342980369671 
0.3113329560160159 
0.3113316147332919 
0.3113302741879935 
0.31132893437932596 
0.3113275953064916 
0.3113262569686934 
0.31132491936514045 
0.3113235824950381 
0.3113222463575987 
0.31132091095203046 
0.3113195762775497 
0.3113182423333665 
0.31131690911869797 
0.3113155766327606 
0.31131424487477266 
0.31131291384395643 
0.3113115835395304 
0.31131025396071876 
0.3113089251067459 
0.31130759697683474 
0.3113062695702177 
0.31130494288611893 
0.311303616923769 
0.3113022916824023 
0.31130096716124633 
0.31129964335954025 
0.3112983202765181 
0.3112969979114156 
0.31129567626347326 
0.31129435533192823 
0.31129303511602247 
0.3112917156150006 
0.3112903968281025 
0.3112890787545772 
0.3112877613936701 
0.3112864447446276 
0.31128512880669995 
0.31128381357913865 
0.3112824990611938 
0.31128118525212034 
0.3112798721511699 
0.31127855975760316 
0.311277248070671 
0.3112759370896379 
0.31127462681375845 
0.3112733172422983 
0.3112720083745157 
0.3112707002096763 
0.31126939274704407 
0.3112680859858878 
0.3112667799254697 
0.3112654745650624 
0.3112641699039343 
0.31126286594135716 
0.31126156267660304 
0.311260260108944 
0.3112589582376577 
0.31125765706201747 
0.3112563565813023 
0.31125505679479026 
0.3112537577017595 
0.31125245930149303 
0.31125116159327076 
0.3112498645763784 
0.3112485682500981 
0.31124727261371676 
0.311245977666522 
0.31124468340779976 
0.3112433898368405 
0.3112420969529339 
0.31124080475537164 
0.3112395132434457 
0.3112382224164511 
0.3112369322736826 
0.31123564281443433 
0.3112343540380076 
0.3112330659436946 
0.31123177853080086 
0.31123049179862394 
0.31122920574646534 
0.31122792037362773 
0.3112266356794169 
0.311225351663137 
0.3112240683240922 
0.3112227856615935 
0.3112215036749452 
0.31122022236345964 
0.3112189417264474 
0.31121766176321775 
0.31121638247308364 
0.3112151038553615 
0.31121382590936303 
0.3112125486344065 
0.31121127202980614 
0.3112099960948828 
0.3112087208289514 
0.31120744623133784 
0.31120617230135844 
0.3112048990383383 
0.3112036264415962 
0.31120235451046185 
0.31120108324425705 
0.31119981264230934 
0.31119854270394576 
0.31119727342849357 
0.31119600481528514 
0.3111947368636467 
0.31119346957291166 
0.31119220294241223 
0.3111909369714818 
0.31118967165945494 
0.3111884070056644 
0.3111871430094506 
0.31118587967014766 
0.3111846169870947 
0.3111833549596319 
0.31118209358709925 
0.3111808328688354 
0.31117957280418523 
0.31117831339248925 
0.31117705463309364 
0.31117579652534366 
0.3111745390685861 
0.31117328226216234 
0.3111720261054247 
0.3111707705977224 
0.31116951573840274 
0.3111682615268176 
0.3111670079623183 
0.31116575504425725 
0.31116450277198776 
0.3111632511448647 
0.3111620001622423 
0.3111607498234771 
0.3111595001279253 
0.3111582510749467 
0.31115700266389834 
0.31115575489414216 
0.31115450776503595 
0.3111532612759443 
0.31115201542622584 
0.31115077021524884 
0.31114952564237214 
0.31114828170696374 
0.31114703840838875 
0.311145795746015 
0.3111445537192081 
0.3111433123273394 
0.3111420715697766 
0.3111408314458886 
0.31113959195505203 
0.3111383530966297 
0.31113711487000284 
0.3111358772745403 
0.31113464030961885 
0.3111334039746132 
0.31113216826889895 
0.31113093319185575 
0.31112969874285845 
0.3111284649212849 
0.3111272317265174 
0.31112599915793654 
0.31112476721492066 
0.3111235358968533 
0.3111223052031181 
0.311121075133096 
0.3111198456861766 
0.3111186168617398 
0.311117388659174 
0.3111161610778657 
0.31111493411720004 
0.3111137077765715 
0.31111248205536535 
0.3111112569529711 
0.3111100324687804 
0.31110880860218526 
0.3111075853525764 
0.3111063627193492 
0.3111051407018971 
0.31110391929961395 
0.31110269851189476 
0.3111014783381372 
0.31110025877773867 
0.31109903983009424 
0.3110978214946059 
0.31109660377066983 
0.31109538665768854 
0.3110941701550611 
0.3110929542621915 
0.31109173897847886 
0.31109052430332845 
0.3110893102361411 
0.31108809677632643 
0.3110868839232867 
0.3110856716764265 
0.3110844600351544 
0.31108324899888024 
0.311082038567007 
0.3110808287389466 
0.31107961951411006 
0.31107841089190635 
0.31107720287174423 
0.3110759954530402 
0.31107478863520294 
0.3110735824176474 
0.31107237679978794 
0.31107117178103716 
0.3110699673608125 
0.31106876353853036 
0.3110675603136049 
0.31106635768545654 
0.3110651556535017 
0.31106395421716054 
0.3110627533758513 
0.3110615531289948 
0.311060353476011 
0.31105915441632437 
0.3110579559493545 
0.31105675807452526 
0.3110555607912603 
0.3110543640989841 
0.31105316799712185 
0.31105197248509975 
0.3110507775623437 
0.31104958322827864 
0.31104838948233565 
0.31104719632394195 
0.3110460037525253 
0.3110448117675157 
0.3110436203683459 
0.3110424295544435 
0.3110412393252413 
0.31104004968017424 
0.31103886061867275 
0.31103767214017025 
0.31103648424410213 
0.3110352969299021 
0.31103411019700794 
0.3110329240448533 
0.3110317384728751 
0.31103055348051295 
0.3110293690672039 
0.3110281852323853 
0.31102700197549804 
0.3110258192959819 
0.3110246371932755 
0.31102345566682277 
0.3110222747160654 
0.311021094340445 
0.31101991453940464 
0.31101873531238783 
0.31101755665883835 
0.3110163785782022 
0.3110152010699257 
0.3110140241334532 
0.3110128477682327 
0.31101167197370955 
0.311010496749334 
0.31100932209455345 
0.31100814800881776 
0.3110069744915763 
0.3110058015422791 
0.3110046291603772 
0.31100345734532253 
0.31100228609656505 
0.31100111541356273 
0.3109999452957627 
0.310998775742622 
0.31099760675359595 
0.3109964383281381 
0.31099527046570336 
0.310994103165748 
0.3109929364277328 
0.31099177025110925 
0.31099060463533945 
0.3109894395798788 
0.31098827508419 
0.31098711114772914 
0.31098594776995514 
0.3109847849503356 
0.3109836226883264 
0.3109824609833912 
0.3109812998349904 
0.3109801392425893 
0.3109789792056528 
0.310977819723639 
0.31097666079601727 
0.31097550242225225 
0.3109743446018098 
0.31097318733415574 
0.31097203061875506 
0.3109708744550777 
0.3109697188425929 
0.3109685637807637 
0.3109674092690634 
0.31096625530696187 
0.3109651018939249 
0.3109639490294285 
0.3109627967129394 
0.3109616449439335 
0.3109604937218772 
0.3109593430462498 
0.31095819291651844 
0.31095704333216073 
0.3109558942926508 
0.31095474579746085 
0.3109535978460693 
0.3109524504379501 
0.3109513035725803 
0.3109501572494356 
0.31094901146799536 
0.31094786622773757 
0.31094672152813635 
0.3109455773686758 
0.31094443374883224 
0.3109432906680872 
0.31094214812592114 
0.3109410061218129 
0.310939864655247 
0.3109387237257023 
0.3109375833326633 
0.3109364434756122 
0.310935304154033 
0.31093416536740737 
0.3109330271152232 
0.31093188939696353 
0.3109307522121121 
0.31092961556015614 
0.3109284794405849 
0.3109273438528796 
0.3109262087965335 
0.31092507427103055 
0.3109239402758603 
0.3109228068105093 
0.3109216738744694 
0.3109205414672304 
0.3109194095882815 
0.3109182782371116 
0.31091714741321647 
0.3109160171160846 
0.3109148873452081 
0.3109137581000789 
0.3109126293801915 
0.31091150118503974 
0.31091037351411444 
0.3109092463669147 
0.3109081197429302 
0.31090699364166197 
0.3109058680626017 
0.3109047430052464 
0.31090361846909204 
0.310902494453638 
0.3109013709583796 
0.3109002479828175 
0.310899125526447 
0.3108980035887705 
0.3108968821692849 
0.31089576126748963 
0.31089464088288643 
0.31089352101497575 
0.3108924016632581 
0.31089128282723705 
0.31089016450641277 
0.310889046700288 
0.3108879294083653 
0.31088681263015033 
0.310885696365145 
0.3108845806128527 
0.3108834653727786 
0.31088235064442954 
0.3108812364273096 
0.3108801227209239 
0.31087900952478076 
0.31087789683838607 
0.3108767846612479 
0.3108756729928717 
0.31087456183276796 
0.31087345118044424 
0.31087234103540834 
0.3108712313971727 
0.31087012226524224 
0.310869013639132 
0.3108679055183497 
0.31086679790240723 
0.3108656907908155 
0.31086458418308693 
0.31086347807873327 
0.3108623724772681 
0.3108612673782036 
0.3108601627810523 
0.31085905868533026 
0.31085795509055114 
0.3108568519962278 
0.31085574940187777 
0.3108546473070135 
0.310853545711156 
0.31085244461381595 
0.31085134401451275 
0.310850243912762 
0.3108491443080845 
0.31084804519999315 
0.31084694658801076 
0.3108458484716542 
0.3108447508504393 
0.31084365372389083 
0.3108425570915254 
0.3108414609528642 
0.31084036530742837 
0.3108392701547373 
0.3108381754943137 
0.3108370813256777 
0.31083598764835196 
0.3108348944618614 
0.31083380176572406 
0.31083270955946984 
0.3108316178426169 
0.3108305266146885 
0.310829435875214 
0.31082834562371475 
0.31082725585971693 
0.31082616658274476 
0.3108250777923248 
0.31082398948798484 
0.31082290166925064 
0.3108218143356458 
0.3108207274867 
0.31081964112194377 
0.31081855524090246 
0.3108174698431024 
0.3108163849280765 
0.3108153004953526 
0.3108142165444576 
0.310813133074924 
0.31081205008628265 
0.31081096757806215 
0.31080988554979344 
0.3108088040010093 
0.3108077229312398 
0.3108066423400186 
0.31080556222687544 
0.3108044825913446 
0.31080340343296037 
0.31080232475125513 
0.3108012465457597 
0.31080016881601163 
0.31079909156154484 
0.31079801478189417 
0.3107969384765927 
0.3107958626451787 
0.3107947872871857 
0.31079371240215065 
0.31079263798961054 
0.3107915640491011 
0.31079049058015945 
0.31078941758232353 
0.31078834505513137 
0.3107872729981207 
0.31078620141083146 
0.3107851302927996 
0.3107840596435653 
0.3107829894626702 
0.31078191974965125 
0.310780850504048 
0.3107797817254044 
0.31077871341326013 
0.3107776455671543 
0.3107765781866292 
0.3107755112712263 
0.3107744448204889 
0.3107733788339584 
0.31077231331117783 
0.31077124825169017 
0.3107701836550377 
0.3107691195207674 
0.3107680558484172 
0.3107669926375367 
0.3107659298876671 
0.3107648675983559 
0.3107638057691469 
0.31076274439958745 
0.3107616834892207 
0.3107606230375957 
0.31075956304425567 
0.3107585035087493 
0.3107574444306233 
0.31075638580942555 
0.31075532764470354 
0.3107542699360024 
0.31075321268287415 
0.3107521558848648 
0.3107510995415259 
0.3107500436524057 
0.31074898821705244 
0.31074793323501654 
0.3107468787058484 
0.31074582462909833 
0.3107447710043166 
0.3107437178310535 
0.3107426651088623 
0.3107416128372921 
0.31074056101589537 
0.3107395096442271 
0.31073845872183475 
0.310737408248277 
0.31073635822310103 
0.3107353086458632 
0.3107342595161168 
0.3107332108334154 
0.31073216259731273 
0.3107311148073637 
0.3107300674631224 
0.3107290205641452 
0.3107279741099842 
0.31072692810019986 
0.31072588253434363 
0.31072483741197454 
0.3107237927326447 
0.31072274849591697 
0.31072170470134436 
0.31072066134848386 
0.3107196184368939 
0.3107185759661316 
0.3107175339357563 
0.31071649234532644 
0.31071545119439875 
0.31071441048253196 
0.3107133702092869 
0.31071233037422175 
0.3107112909768972 
0.3107102520168729 
0.3107092134937068 
0.31070817540696405 
0.3107071377561992 
0.3107061005409773 
0.3107050637608598 
0.31070402741540654 
0.3107029915041794 
0.3107019560267413 
0.3107009209826539 
0.3106998863714774 
0.31069885219277993 
0.31069781844612093 
0.3106967851310628 
0.31069575224717194 
0.31069471979401064 
0.31069368777114287 
0.31069265617813363 
0.3106916250145457 
0.3106905942799444 
0.31068956397389624 
0.31068853409596564 
0.31068750464571787 
0.3106864756227195 
0.31068544702653783 
0.31068441885673415 
0.31068339111287996 
0.3106823637945396 
0.3106813369012815 
0.31068031043267147 
0.3106792843882798 
0.31067825876766914 
0.3106772335704138 
0.31067620879607544 
0.310675184444227 
0.3106741605144367 
0.31067313700626936 
0.31067211391930116 
0.3106710912530969 
0.31067006900722616 
0.3106690471812609 
0.31066802577476915 
0.31066700478732245 
0.31066598421849106 
0.31066496406784444 
0.31066394433495803 
0.3106629250193993 
0.31066190612073735 
0.31066088763854904 
0.31065986957240543 
0.31065885192187426 
0.3106578346865347 
0.31065681786595417 
0.3106558014597073 
0.31065478546736697 
0.31065376988850496 
0.31065275472269704 
0.3106517399695172 
0.3106507256285371 
0.31064971169933253 
0.31064869818147706 
0.3106476850745468 
0.3106466723781161 
0.31064566009175776 
0.3106446482150481 
0.3106436367475639 
0.31064262568888124 
0.31064161503857257 
0.3106406047962179 
0.31063959496139043 
0.310638585533671 
0.3106375765126283 
0.31063656789785077 
0.31063555968890355 
0.31063455188537237 
0.31063354448683156 
0.31063253749285946 
0.31063153090303397 
0.3106305247169339 
0.3106295189341375 
0.3106285135542202 
0.3106275085767666 
0.31062650400135094 
0.310625499827555 
0.31062449605495784 
0.3106234926831359 
0.310622489711675 
0.3106214871401492 
0.31062048496814365 
0.3106194831952342 
0.31061848182100366 
0.31061748084503304 
0.31061648026690386 
0.31061548008619577 
0.3106144803024915 
