0.40877164620553874 
0.2854493188964901 
0.2556863164690699 
0.21178142972097655 
0.17606963700279354 
0.1554429075229816 
0.14208823107139276 
0.13268906118080293 
0.125742996396218 
0.1204084127691879 
0.1161853374302945 
0.11276547126679592 
0.10994723832349126 
0.10759111118410845 
0.10559615377385088 
0.10388720144910793 
0.10240730792866432 
0.10111284194045767 
0.09997005787881774 
0.09895261148257681 
0.09803973862024036 
0.09721491411196011 
0.09646486005950058 
0.09577880868751376 
0.09514795067243892 
0.09456501902076096 
0.09402397245540656 
0.09351975230303569 
0.0930480940784917 
0.09260538011756 
0.09218852329485347 
0.09179487450223209 
0.09142214845858401 
0.09106836379050097 
0.09073179431854406 
0.09041092921320525 
0.09010444022413472 
0.08981115458893378 
0.0895300325314101 
0.0892601484902108 
0.08900067539618058 
0.08875087145423895 
0.08851006899290516 
0.08827766502902949 
0.08805311326211629 
0.08783591726581601 
0.0876256246866339 
0.08742182229387198 
0.08722413175196042 
0.08703220600785244 
0.0868457262030378 
0.08666439903268908 
0.08648795448407248 
0.08631614389321493 
0.08614873826345266 
0.08598552679252625 
0.08582631555710488 
0.08567092630589186 
0.08551919531571048 
0.0853709722701197 
0.0852261191278666 
0.0850845089590935 
0.08494602474039734 
0.08481055811457305 
0.08467800813553551 
0.08454828003150847 
0.08442128402810353 
0.08429693427585998 
0.08417514792353405 
0.08405584436931503 
0.08393894470865612 
0.0838243713816674 
0.08371204800746768 
0.08360189937969896 
0.0834938515881274 
0.0833878322266731 
0.0832837706481763 
0.08318159823002495 
0.08308124862124722 
0.08298265794953401 
0.08288576497472475 
0.08279051118264956 
0.08269684081925074 
0.08260470086936862 
0.08251404098740285 
0.08242481338848535 
0.08233697270902553 
0.08225047584485386 
0.08216528177401743 
0.0820813513697139 
0.08199864720720232 
0.08191713336678576 
0.08183677523328979 
0.08175753929078448 
0.08167939290962865 
0.08160230412113738 
0.08152624137317821 
0.08145117325761426 
0.08137706819750667 
0.08130389407803988 
0.08123161779985676 
0.08116020472630331 
0.08108961798624531 
0.08101981758067095 
0.08095075922300174 
0.08088239281859877 
0.08081466045732523 
0.08074749375463676 
0.08068081033621724 
0.08061450923405758 
0.08054846498805347 
0.08048252041878118 
0.08041647854788218 
0.0803500953578396 
0.08028307757793096 
0.08021509403101473 
0.0801458148257097 
0.08007499576482728 
0.0800026148629922 
0.07992902967577738 
0.07985506433287626 
0.07978191160253253 
0.07971082424463347 
0.0796427378167409 
0.07957804086029559 
0.07951659276938555 
0.0794579143006821 
0.07940140798843623 
0.07934651437702302 
0.07929278485355935 
0.0792398939081916 
0.07918762087199367 
0.07913582255163823 
0.07908440776219183 
0.07903331764742814 
0.07898251204059666 
0.07893196073193466 
0.07888163825745796 
0.07883152102263014 
0.07878158588494065 
0.0787318096029644 
0.07868216877621641 
0.07863264005081017 
0.07858320046410844 
0.07853382786216641 
0.07848450135886327 
0.07843520182409601 
0.07838591239619215 
0.07833661901480614 
0.07828731096764249 
0.07823798143941786 
0.07818862804618328 
0.07813925333393658 
0.07808986521858212 
0.07804047734533946 
0.07799110934941729 
0.07794178700459937 
0.0778925422498082 
0.07784341308255283 
0.07779444330016788 
0.07774568205487793 
0.0776971831706745 
0.07764900415665006 
0.07760120485347717 
0.07755384567744514 
0.07750698548488846 
0.07746067916381588 
0.0774149751516379 
0.07736991315102647 
0.07732552234188243 
0.07728182034824649 
0.07723881311635003 
0.07719649571697386 
0.07715485393868964 
0.07711386642565224 
0.07707350705880572 
0.07703374728762104 
0.07699455817803842 
0.07695591202819282 
0.07691778349291763 
0.07688015023294471 
0.07684299315591546 
0.07680629634249267 
0.0767700467561819 
0.07673423382646237 
0.07669884897807448 
0.07666388516012503 
0.07662933641056405 
0.07659519747645391 
0.07656146349895697 
0.07652812976394248 
0.07649519151402846 
0.07646264381506267 
0.07643048146881766 
0.07639869896353287 
0.07636729045442414 
0.07633624976710834 
0.07630557041788187 
0.07627524564575994 
0.0762452684521494 
0.07621563164484584 
0.07618632788377837 
0.07615734972656986 
0.0761286896724589 
0.07610034020358086 
0.07607229382293647 
0.07604454308863344 
0.07601708064421495 
0.0759898992450327 
0.07596299178074828 
0.07593635129413327 
0.07590997099639069 
0.07588384427926972 
0.0758579647242558 
0.07583232610913451 
0.07580692241222003 
0.07578174781454178 
0.07575679670025404 
0.0757320636555279 
0.07570754346616199 
0.07568323111412771 
0.07565912177324526 
0.07563521080416122 
0.07561149374878709 
0.07558796632433223 
0.07556462441705092 
0.07554146407580101 
0.07551848150550738 
0.07549567306059926 
0.07547303523848092 
0.07545056467309115 
0.0754282581285874 
0.07540611249318896 
0.07538412477320623 
0.07536229208726668 
0.07534061166076365 
0.07531908082052398 
0.07529769698971091 
0.07527645768295303 
0.07525536050170861 
0.07523440312985584 
0.07521358332950716 
0.07519289893704134 
0.07517234785934719 
0.0751519280702695 
0.0751316376072517 
0.07511147456816311 
0.07509143710830653 
0.07507152343759606 
0.07505173181789236 
0.07503206056049419 
0.0750125080237718 
0.07499307261093771 
0.07497375276794581 
0.07495454698151105 
0.074935453777242 
0.07491647171788293 
0.07489759940165475 
0.07487883546068967 
0.07486017855955687 
0.07484162739386983 
0.07482318068897024 
0.07480483719868947 
0.07478659570417386 
0.07476845501277694 
0.074750413957012 
0.07473247139356087 
0.07471462620233385 
0.07469687728558434 
0.07467922356706358 
0.07466166399122653 
0.07464419752247095 
0.07462682314442268 
0.07460953985925098 
0.0745923466870227 
0.07457524266508507 
0.07455822684748024 
0.07454129830438726 
0.07452445612159111 
0.07450769939997806 
0.07449102725505027 
0.07447443881646747 
0.07445793322760687 
0.07444150964514208 
0.07442516723864302 
0.07440890519018972 
0.07439272269400572 
0.07437661895610502 
0.07436059319395258 
0.07434464463614177 
0.07432877252208045 
0.07431297610169259 
0.07429725463512829 
0.07428160739248647 
0.07426603365354653 
0.07425053270750878 
0.07423510385274544 
0.07421974639655687 
0.07420445965493835 
0.07418924295235153 
0.07417409562150379 
0.07415901700313225 
0.07414400644579648 
0.07412906330567043 
0.07411418694634551 
0.07409937673863301 
0.07408463206037445 
0.07406995229625012 
0.07405533683759537 
0.07404078508221734 
0.07402629643421349 
0.07401187030379348 
0.07399750610710057 
0.07398320326603561 
0.07396896120808098 
0.07395477936612554 
0.07394065717828883 
0.0739265940877436 
0.07391258954254318 
0.07389864299543844 
0.07388475390370286 
0.07387092172895046 
0.07385714593695075 
0.07384342599744564 
0.07382976138396004 
0.07381615157361027 
0.07380259604690889 
0.0737890942875649 
0.07377564578228284 
0.07376225002055106 
0.07374890649443297 
0.07373561469834493 
0.07372237412883582 
0.07370918428435515 
0.0736960446650166 
0.07368295477235651 
0.07366991410908263 
0.07365692217881739 
0.07364397848583233 
0.07363108253477563 
0.07361823383039051 
0.07360543187722524 
0.07359267617933522 
0.07357996623997537 
0.07356730156128402 
0.0735546816439565 
0.07354210598691283 
0.07352957408695095 
0.07351708543839824 
0.0735046395327475 
0.07349223585829055 
0.07347987389974071 
0.07346755313784974 
0.0734552730490212 
0.07344303310491586 
0.07343083277205653 
0.07341867151143298 
0.07340654877810472 
0.07339446402081312 
0.0733824166815961 
0.07337040619541764 
0.07335843198981078 
0.07334649348454315 
0.07333459009130858 
0.07332272121345433 
0.0733108862457469 
0.07329908457419129 
0.07328731557591088 
0.073275578619098 
0.07326387306305172 
0.07325219825831174 
0.07324055354691014 
0.07322893826275165 
0.07321735173214687 
0.07320579327451093 
0.07319426220325871 
0.07318275782690639 
0.07317127945041293 
0.0731598263767791 
0.07314839790892484 
0.0731369933518763 
0.07312561201527094 
0.07311425321620695 
0.073102916282448 
0.0730916005559954 
0.07308030539702368 
0.07306903018818255 
0.0730577743392448 
0.07304653729207544 
0.07303531852588403 
0.07302411756270695 
0.07301293397304896 
0.07300176738160272 
0.07299061747294332 
0.0729794839970834 
0.07296836677475534 
0.07295726570228422 
0.07294618075589532 
0.07293511199530614 
0.07292405956644811 
0.07291302370317743 
0.07290200472784 
0.0728910030505836 
0.072880019167341 
0.07286905365643255 
0.07285810717378433 
0.07284718044679798 
0.07283627426695147 
0.07282538948125246 
0.07281452698271004 
0.07280368770001895 
0.07279287258668105 
0.07278208260981192 
0.07277131873887419 
0.07276058193459595 
0.07274987313830501 
0.07273919326190158 
0.07272854317864884 
0.07271792371494364 
0.07270733564317595 
0.0726967796757578 
0.07268625646035441 
0.07267576657632037 
0.07266531053230378 
0.07265488876496366 
0.07264450163870387 
0.0726341494463365 
0.07262383241054678 
0.0726135506860534 
0.07260330436233249 
0.07259309346679445 
0.07258291796829927 
0.07257277778090394 
0.07256267276775498 
0.07255260274503574 
0.0725425674859031 
0.07253256672435486 
0.07252260015897163 
0.0725126674565043 
0.07250276825527428 
0.07249290216836483 
0.07248306878658968 
0.07247326768123857 
0.0724634984065848 
0.07245376050217082 
0.07244405349486864 
0.07243437690072253 
0.07242473022658844 
0.07241511297157761 
0.07240552462831919 
0.0723959646840456 
0.0723864326215247 
0.07237692791984332 
0.07236745005505177 
0.0723579985006869 
0.07234857272817792 
0.07233917220714946 
0.07232979640562559 
0.07232044479014843 
0.07231111682581344 
0.07230181197623273 
0.07229252970342587 
0.0722832694676522 
0.07227403072718075 
0.07226481293800499 
0.07225561555350674 
0.07224643802406916 
0.07223727979664288 
0.07222814031426567 
0.07221901901553614 
0.07220991533404528 
0.07220082869776058 
0.07219175852836672 
0.07218270424056127 
0.0721736652413033 
0.07216464092901284 
0.07215563069272339 
0.0721466339111797 
0.07213764995188399 
0.07212867817008355 
0.07211971790769894 
0.072110768492191 
0.07210182923535835 
0.07209289943206852 
0.0720839783589138 
0.07207506527278741 
0.07206615940938295 
0.07205725998160234 
0.07204836617787926 
0.07203947716040432 
0.07203059206325602 
0.07202170999042916 
0.07201283001375777 
0.07200395117073673 
0.07199507246222868 
0.0719861928500682 
0.07197731125455598 
0.07196842655185041 
0.07195953757125799 
0.07195064309243253 
0.07194174184249608 
0.07193283249309067 
0.07192391365738685 
0.07191498388707063 
0.07190604166934102 
0.0718970854239594 
0.0718881135003971 
0.07187912417514045 
0.07187011564922222 
0.0718610860460648 
0.07185203340972544 
0.07184295570366252 
0.07183385081014791 
0.07182471653046658 
0.0718155505860785 
0.0718063506209045 
0.0717971142049538 
0.07178783883948525 
0.07177852196393382 
0.07176916096482823 
0.07175975318692183 
0.07175029594676068 
0.07174078654888201 
0.07173122230480725 
0.07172160055495291 
0.07171191869350832 
0.0717021741962586 
0.07169236465122464 
0.07168248779188477 
0.07167254153260667 
0.07166252400578724 
0.07165243360004483 
0.07164226899867605 
0.07163202921746158 
0.07162171364078881 
0.07161132205500723 
0.07160085467787432 
0.07159031218300108 
0.07157969571825529 
0.07156900691723785 
0.07155824790312974 
0.07154742128443957 
0.07153653014247861 
0.07152557801066409 
0.07151456884607385 
0.07150350699394019 
0.07149239714603524 
0.07148124429409167 
0.07147005367954287 
0.07145883074094139 
0.07144758106041066 
0.07143631031043007 
0.07142502420214097 
0.07141372843619714 
0.0714024286570062 
0.07139113041100431 
0.07137983910941485 
0.07136855999573828 
0.0713572981180654 
0.07134605830615384 
0.07133484515308061 
0.07132366300120944 
0.0713125159321386 
0.07130140776025028 
0.0712903420294786 
0.0712793220128983 
0.07126835071475499 
0.07125743087457066 
0.07124656497299402 
0.07123575523908712 
0.07122500365877045 
0.07121431198418694 
0.071203681743767 
0.07119311425280328 
0.07118261062438139 
0.07117217178051469 
0.071161798463375 
0.07115149124650551 
0.07114125054593469 
0.07113107663111957 
0.07112096963565254 
0.07111092956768039 
0.07110095632000145 
0.07109104967979724 
0.071081209337978 
0.07107143489812605 
0.07106172588501064 
0.07105208175267955 
0.07104250189211227 
0.07103298563843814 
0.07102353227772436 
0.07101414105333198 
0.07100481117185654 
0.0709955418086598 
0.07098633211300444 
0.07097718121280276 
0.07096808821900447 
0.07095905222962422 
0.0709500723334395 
0.07094114761336491 
0.07093227714952673 
0.07092346002205067 
0.07091469531358109 
0.07090598211155053 
0.07089731951020867 
0.07088870661243664 
0.07088014253135218 
0.07087162639172617 
0.07086315733122237 
0.07085473450147296 
0.07084635706900433 
0.07083802421602223 
0.07082973514106998 
0.07082148905956823 
0.07081328520424646 
0.0708051228254756 
0.07079700119151044 
0.0707889195886467 
0.07078087732130604 
0.07077287371204817 
0.07076490810152156 
0.07075697984835676 
0.07074908832900888 
0.07074123293754933 
0.07073341308541838 
0.07072562820113777 
0.07071787772998814 
0.07071016113365783 
0.07070247788986143 
0.07069482749193588 
0.07068720944841611 
0.07067962328259104 
0.0706720685320448 
0.07066454474818636 
0.07065705149576842 
0.07064958835239843 
0.07064215490804462 
0.07063475076454183 
0.0706273755350927 
0.07062002884377333 
0.0706127103250426 
0.0706054196232565 
0.07059815639218947 
0.0705909202945672 
0.07058371100160882 
0.0705765281925816 
0.07056937155437115 
0.0705622407810657 
0.07055513557355726 
0.07054805563915947 
0.07054100069124536 
0.07053397044890257 
0.07052696463660932 
0.07051998298392892 
0.07051302522522636 
0.07050609109940223 
0.07049918034965187 
0.07049229272323788 
0.07048542797128904 
0.0704785858486144 
0.07047176611353705 
0.07046496852774768 
0.0704581928561751 
0.0704514388668706 
0.07044470633091425 
0.07043799502233036 
0.07043130471802184 
0.07042463519771386 
0.07041798624391309 
0.07041135764187628 
0.0704047491795906 
0.07039816064776237 
0.07039159183981446 
0.07038504255189233 
0.070378512582875 
0.0703720017343935 
0.07036550981085411 
0.07035903661946397 
0.07035258197026316 
0.07034614567615674 
0.07033972755295105 
0.0703333274193903 
0.07032694509719434 
0.0703205804110959 
0.07031423318887987 
0.07030790326141934 
0.07030159046271225 
0.07029529462991549 
0.07028901560337819 
0.07028275322667114 
0.07027650734661535 
0.07027027781330651 
0.07026406448013661 
0.0702578672038128 
0.0702516858443717 
0.07024552026518958 
0.07023937033299156 
0.07023323591785002 
0.07022711689318657 
0.07022101313576377 
0.07021492452567535 
0.07020885094632989 
0.07020279228443002 
0.07019674842994822 
0.07019071927609627 
0.07018470471928945 
0.07017870465910743 
0.0701727189982498 
0.07016674764248514 
0.07016079050059747 
0.07015484748432706 
0.07014891850830579 
0.07014300348999072 
0.0701371023495894 
0.07013121500998531 
0.07012534139665644 
0.07011948143759066 
0.07011363506319854 
0.07010780220622337 
0.07010198280164641 
0.07009617678659043 
0.07009038410022288 
0.07008460468365274 
0.07007883847983133 
0.07007308543344712 
0.0700673454908224 
0.0700616185998082 
0.07005590470968057 
0.0700502037710352 
0.07004451573568361 
0.07003884055655094 
0.07003317818757393 
0.07002752858360242 
0.07002189170029952 
0.07001626749404781 
0.07001065592185698 
0.07000505694127303 
0.06999947051029236 
0.06999389658727878 
0.06998833513088402 
0.06998278609997183 
0.0699772494535478 
0.06997172515069106 
0.0699662131504905 
0.06996071341198794 
0.06995522589412213 
0.06994975055568002 
0.06994428735525146 
0.06993883625118603 
0.06993339720156015 
0.06992797016414154 
0.06992255509636239 
0.06991715195529635 
0.06991176069763694 
0.0699063812796826 
0.06990101365732364 
0.06989565778603395 
0.0698903136208659 
0.06988498111644728 
0.06987966022698237 
0.0698743509062561 
0.06986905310763919 
0.0698637667840984 
0.06985849188820506 
0.06985322837215063 
0.06984797618775934 
0.06984273528650507 
0.06983750561952987 
0.06983228713766258 
0.06982707979143823 
0.06982188353111975 
0.06981669830672105 
0.06981152406802626 
0.06980636076461605 
0.06980120834588933 
0.06979606676108542 
0.0697909359593096 
0.06978581588955675 
0.06978070650073222 
0.06977560774167732 
0.06977051956119179 
0.06976544190805473 
0.06976037473104753 
0.06975531797897683 
0.06975027160069273 
0.06974523554511114 
0.0697402097612322 
0.06973519419815984 
0.06973018880512037 
0.06972519353147849 
0.06972020832675686 
0.06971523314064937 
0.0697102679230374 
0.06970531262400502 
0.06970036719385184 
0.06969543158310619 
0.06969050574253795 
0.06968558962316901 
0.06968068317628494 
0.06967578635344408 
0.069670899106488 
0.06966602138754982 
0.06966115314906032 
0.06965629434375839 
0.06965144492469547 
0.06964660484524217 
0.06964177405909451 
0.06963695252027724 
0.06963214018315012 
0.06962733700240992 
0.06962254293309567 
0.06961775793058954 
0.069612981950621 
0.06960821494926824 
0.0696034568829593 
0.06959870770847311 
0.06959396738294174 
0.06958923586384981 
0.06958451310903471 
0.06957979907668611 
0.06957509372534695 
0.06957039701391057 
0.06956570890162223 
0.06956102934807588 
0.06955635831321355 
0.06955169575732353 
0.06954704164103932 
0.0695423959253364 
0.06953775857153079 
0.06953312954127676 
0.06952850879656437 
0.06952389629971623 
0.0695192920133862 
0.0695146959005551 
0.0695101079245285 
0.06950552804893448 
0.06950095623771912 
0.06949639245514379 
0.06949183666578347 
0.06948728883452143 
0.0694827489265471 
0.06947821690735255 
0.06947369274272971 
0.06946917639876542 
0.06946466784184001 
0.0694601670386225 
0.06945567395606779 
0.06945118856141287 
0.06944671082217475 
0.06944224070614463 
0.06943777818138633 
0.06943332321623283 
0.06942887577928192 
0.0694244358393936 
0.06942000336568685 
0.06941557832753514 
0.06941116069456536 
0.06940675043665127 
0.06940234752391412 
0.06939795192671568 
0.06939356361565831 
0.06938918256157943 
0.06938480873554909 
0.06938044210886803 
0.0693760826530623 
0.0693717303398827 
0.06936738514130028 
0.06936304702950394 
0.06935871597689669 
0.0693543919560941 
0.06935007493992058 
0.06934576490140697 
0.06934146181378673 
0.06933716565049569 
0.06933287638516579 
0.06932859399162655 
0.06932431844389826 
0.06932004971619277 
0.06931578778290846 
0.06931153261863068 
0.06930728419812575 
0.06930304249634157 
0.0692988074884031 
0.06929457914961132 
0.06929035745544046 
0.06928614238153566 
0.0692819339037111 
0.06927773199794729 
0.06927353664038942 
0.06926934780734396 
0.06926516547527929 
0.06926098962081999 
0.06925682022074856 
0.06925265725200012 
0.06924850069166234 
0.06924435051697368 
0.0692402067053201 
0.06923606923423417 
0.06923193808139322 
0.06922781322461712 
0.06922369464186667 
0.0692195823112424 
0.06921547621098162 
0.06921137631945766 
0.06920728261517868 
0.06920319507678387 
0.06919911368304489 
0.0691950384128613 
0.06919096924526154 
0.06918690615939926 
0.06918284913455361 
0.06917879815012642 
0.0691747531856412 
0.06917071422074218 
0.06916668123519204 
0.06916265420887067 
0.06915863312177499 
0.06915461795401577 
0.06915060868581765 
0.06914660529751722 
0.06914260776956173 
0.0691386160825083 
0.06913463021702218 
0.06913065015387568 
0.06912667587394701 
0.06912270735821895 
0.06911874458777796 
0.0691147875438127 
0.06911083620761281 
0.06910689056056873 
0.06910295058416906 
0.06909901626000058 
0.0690950875697474 
0.06909116449518854 
0.06908724701819831 
0.06908333512074494 
0.06907942878488872 
0.0690755279927821 
0.06907163272666796 
0.06906774296887917 
0.06906385870183744 
0.06905997990805227 
0.06905610657012048 
0.06905223867072448 
0.06904837619263171 
0.06904451911869444 
0.069040667431848 
0.06903682111511072 
0.06903298015158175 
0.06902914452444192 
0.06902531421695174 
0.0690214892124508 
0.0690176694943577 
0.06901385504616836 
0.06901004585145519 
0.06900624189386731 
0.06900244315712893 
0.06899864962503839 
0.06899486128146869 
0.0689910781103656 
0.06898730009574659 
0.06898352722170206 
0.06897975947239272 
0.06897599683204973 
0.06897223928497322 
0.06896848681553332 
0.06896473940816764 
0.06896099704738193 
0.06895725971774802 
0.06895352740390542 
0.06894980009055773 
0.06894607776247476 
0.06894236040449048 
0.06893864800150212 
0.06893494053847096 
0.06893123800042024 
0.06892754037243523 
0.06892384763966322 
0.0689201597873116 
0.0689164768006482 
0.06891279866500112 
0.06890912536575684 
0.06890545688836074 
0.0689017932183162 
0.06889813434118408 
0.06889448024258217 
0.06889083090818482 
0.06888718632372146 
0.06888354647497814 
0.06887991134779521 
0.06887628092806676 
0.06887265520174084 
0.06886903415482012 
0.06886541777335779 
0.0688618060434614 
0.06885819895128915 
0.06885459648305066 
0.06885099862500707 
0.06884740536346898 
0.06884381668479725 
0.06884023257540184 
0.06883665302174263 
0.06883307801032658 
0.06882950752770912 
0.068825941560494 
0.06882238009533055 
0.06881882311891573 
0.06881527061799297 
0.06881172257934999 
0.06880817898982088 
0.0688046398362846 
0.06880110510566367 
0.06879757478492496 
0.06879404886107877 
0.06879052732117875 
0.06878701015232074 
0.06878349734164227 
0.06877998887632385 
0.06877648474358604 
0.06877298493069149 
0.06876948942494177 
0.06876599821367972 
0.06876251128428708 
0.06875902862418505 
0.06875555022083339 
0.06875207606172999 
0.06874860613441094 
0.06874514042644948 
0.06874167892545616 
0.06873822161907793 
0.0687347684949981 
0.06873131954093484 
0.06872787474464308 
0.06872443409391123 
0.06872099757656344 
0.06871756518045717 
0.06871413689348309 
0.06871071270356555 
0.06870729259866246 
0.06870387656676236 
0.0687004645958869 
0.06869705667408875 
0.06869365278945182 
0.06869025293009015 
0.06868685708414887 
0.06868346523980168 
0.06868007738525209 
0.0686766935087328 
0.06867331359850415 
0.06866993764285509 
0.06866656563010161 
0.06866319754858687 
0.06865983338668084 
0.06865647313277923 
0.06865311677530349 
0.06864976430270071 
0.06864641570344239 
0.068643070966024 
0.06863973007896519 
0.06863639303080864 
0.0686330598101205 
0.0686297304054885 
0.06862640480552247 
0.06862308299885378 
0.0686197649741345 
0.06861645072003661 
0.06861314022525304 
0.06860983347849536 
0.0686065304684933 
0.06860323118399606 
0.06859993561377041 
0.06859664374659942 
0.06859335557128346 
0.06859007107663917 
0.06858679025149844 
0.06858351308470816 
0.06858023956512997 
0.06857696968163862 
0.0685737034231231 
0.0685704407784843 
0.06856718173663587 
0.0685639262865022 
0.0685606744170184 
0.06855742611713066 
0.06855418137579446 
0.06855094018197347 
0.06854770252464072 
0.06854446839277559 
0.06854123777536532 
0.06853801066140418 
0.06853478703988965 
0.06853156689982597 
0.06852835023022062 
0.06852513702008488 
0.06852192725843223 
0.06851872093427912 
0.06851551803664116 
0.06851231855453611 
0.06850912247698093 
0.06850592979298985 
0.068502740491577 
0.06849955456175257 
0.06849637199252258 
0.06849319277288882 
0.06849001689184811 
0.06848684433838982 
0.06848367510149626 
0.06848050917014174 
0.06847734653329102 
0.06847418717989848 
0.06847103109890708 
0.0684678782792483 
0.06846472870983931 
0.06846158237958419 
0.06845843927737007 
0.06845529939206844 
0.0684521627125333 
0.06844902922759892 
0.06844589892608059 
0.06844277179677206 
0.06843964782844422 
0.06843652700984498 
0.06843340932969717 
0.06843029477669674 
0.06842718333951335 
0.06842407500678734 
0.06842096976712742 
0.06841786760911257 
0.06841476852128718 
0.06841167249216167 
0.06840857951021 
0.0684054895638691 
0.06840240264153602 
0.06839931873156639 
0.06839623782227423 
0.06839315990192936 
0.06839008495875398 
0.068387012980925 
0.06838394395656755 
0.06838087787375695 
0.06837781472051338 
0.06837475448480368 
0.06837169715453568 
0.06836864271755909 
0.06836559116166183 
0.06836254247456758 
0.06835949664393526 
0.06835645365735518 
0.06835341350234724 
0.0683503761663592 
0.06834734163676345 
0.06834430990085455 
0.06834128094584754 
0.06833825475887459 
0.06833523132698195 
0.06833221063712862 
0.06832919267618248 
0.06832617743091783 
0.06832316488801184 
0.0683201550340429 
0.06831714785548616 
0.06831414333871062 
0.06831114146997712 
0.06830814223543284 
0.06830514562111037 
0.06830215161292277 
0.06829916019665977 
0.06829617135798512 
0.0682931850824322 
0.06829020135540059 
0.06828722016215097 
0.06828424148780338 
0.06828126531733059 
0.06827829163555584 
0.06827532042714637 
0.06827235167661223 
0.0682693853682982 
0.0682664214863805 
0.06826346001486347 
0.06826050093757216 
0.06825754423814932 
0.06825458990004823 
0.06825163790652974 
0.06824868824065519 
0.06824574088528178 
0.06824279582305538 
0.06823985303640646 
0.06823691250754363 
0.06823397421844697 
0.06823103815086173 
0.06822810428629303 
0.06822517260599716 
0.06822224309097734 
0.06821931572197523 
0.06821639047946379 
0.06821346734364045 
0.0682105462944202 
0.06820762731142622 
0.06820471037398457 
0.06820179546111355 
0.06819888255151686 
0.06819597162357596 
0.06819306265533993 
0.0681901556245174 
0.06818725050846719 
0.06818434728418939 
0.06818144592831571 
0.06817854641710021 
0.06817564872640805 
0.06817275283170704 
0.06816985870805593 
0.06816696633009486 
0.06816407567203271 
0.06816118670763689 
0.06815829941022288 
0.06815541375264052 
0.06815252970726335 
0.06814964724597541 
0.06814676634015886 
0.06814388696068197 
0.06814100907788337 
0.06813813266156168 
0.06813525768095816 
0.06813238410474506 
0.06812951190100973 
0.06812664103723931 
0.06812377148030577 
0.06812090319644964 
0.06811803615126467 
0.06811517030967879 
0.0681123056359395 
0.06810944209359442 
0.06810657964547324 
0.06810371825366998 
0.06810085787952265 
0.06809799848359219 
0.06809514002564566 
0.06809228246463077 
0.06808942575865674 
0.06808656986497004 
0.06808371473993274 
0.06808086033899652 
0.06807800661667844 
0.06807515352653461 
0.06807230102113415 
0.06806944905202925 
0.06806659756972805 
0.06806374652366266 
0.06806089586215922 
0.06805804553240263 
0.06805519548040409 
0.0680523456509646 
0.06804949598763632 
0.06804664643268445 
0.06804379692704474 
0.06804094741028059 
0.06803809782053735 
0.06803524809449299 
0.06803239816731003 
0.06802954797257903 
0.06802669744226456 
0.06802384650664402 
0.06802099509424554 
0.06801814313178063 
0.06801529054407364 
0.06801243725398654 
0.06800958318233948 
0.06800672824782629 
0.06800387236692404 
0.06800101545379728 
0.06799815742019623 
0.06799529817534898 
0.0679924376258439 
0.06798957567550845 
0.06798671222527553 
0.0679838471730437 
0.06798098041352678 
0.06797811183809338 
0.06797524133459507 
0.0679723687871837 
0.0679694940761134 
0.06796661707753182 
0.06796373766325528 
0.06796085570052722 
0.0679579710517612 
0.06795508357426391 
0.06795219311994027 
0.06794929953497506 
0.06794640265949466 
0.06794350232720035 
0.06794059836498022 
0.06793769059248819 
0.06793477882169521 
0.0679318628564082 
0.06792894249175098 
0.0679260175136097 
0.06792308769803881 
0.0679201528106196 
0.06791721260577523 
0.06791426682603391 
0.06791131520123726 
0.06790835744769318 
0.06790539326726189 
0.06790242234637991 
0.06789944435500782 
0.06789645894550377 
0.06789346575141329 
0.06789046438617086 
0.06788745444170886 
0.06788443548696284 
0.067881407066274 
0.06787836869767551 
0.06787531987106077 
0.06787226004622478 
0.06786918865077314 
0.0678661050778953 
0.06786300868399174 
0.06785989878616017 
0.06785677465952797 
0.06785363553444365 
0.0678504805935178 
0.06784730896853264 
0.06784411973722385 
0.0678409119199596 
0.06783768447634002 
0.06783443630175658 
0.06783116622396551 
0.06782787299973446 
0.06782455531165985 
0.06782121176525543 
0.06781784088646349 
0.06781444111975682 
0.06781101082705243 
0.06780754828770849 
0.0678040516999207 
0.06780051918391745 
0.06779694878740657 
0.06779333849382181 
0.06778968623398997 
0.06778598990192143 
0.06778224737550817 
0.067778456542964 
0.06777461533587698 
0.06777072176971884 
0.06776677399257809 
0.06776277034269376 
0.06775870941508065 
0.06775459013707084 
0.0677504118519967 
0.06774617440942395 
0.06774187825939124 
0.06773752454698877 
0.06773311520247786 
0.06772865302104401 
0.0677241417254349 
0.06771958600430594 
0.0677149915193021 
0.06771036487489375 
0.06770571354686118 
0.06770104576801322 
0.06769637037306739 
0.06769169660821324 
0.06768703391432397 
0.06768239169552319 
0.06767777908645876 
0.06767320473189725 
0.06766867659108797 
0.06766420177692566 
0.06765978643665997 
0.06765543567722188 
0.06765115353466006 
0.06764694298413589 
0.06764280598463836 
0.06763874355121985 
0.06763475584704154 
0.06763084228775296 
0.06762700165148247 
0.06762323218882439 
0.06761953172843521 
0.06761589777509036 
0.06761232759817301 
0.0676088183095166 
0.06760536693028434 
0.06760197044713605 
0.0675986258583248 
0.06759533021061279 
0.06759208062802786 
0.06758887433352416 
0.06758570866459133 
0.0675825810837926 
0.06757948918512964 
0.06757643069703304 
0.0675734034826715 
0.0675704055381788 
0.06756743498930183 
0.06756449008688623 
0.06756156920154734 
0.06755867081780217 
0.06755579352788671 
0.06755293602543323 
0.0675500970991462 
0.06754727562657217 
0.06754447056805131 
0.06754168096089558 
0.06753890591383278 
0.06753614460174481 
0.06753339626070792 
0.0675306601833389 
0.06752793571444772 
0.06752522224699053 
0.06752251921830942 
0.06751982610664987 
0.06751714242793906 
0.06751446773281437 
0.06751180160388165 
0.06750914365319245 
0.06750649351992159 
0.06750385086823567 
0.06750121538533 
0.06749858677963139 
0.06749596477914463 
0.06749334912993764 
0.06749073959474934 
0.06748813595171387 
0.06748553799319032 
0.06748294552468642 
0.06748035836387427 
0.06747777633968392 
0.06747519929147189 
0.06747262706825773 
0.0674700595280225 
0.06746749653706384 
0.06746493796940241 
0.06746238370623561 
0.06745983363543685 
0.06745728765109053 
0.06745474565306765 
0.06745220754663099 
0.06744967324207342 
0.06744714265438291 
0.06744461570293252 
0.0674420923111955 
0.0674395724064804 
0.06743705591968667 
0.06743454278507768 
0.06743203294007087 
0.06742952632504408 
0.06742702288315254 
0.06742452256016533 
0.06742202530430443 
0.06741953106610367 
0.06741703979827239 
0.06741455145557014 
0.06741206599469034 
0.0674095833741502 
0.06740710355418994 
0.06740462649667726 
0.0674021521650196 
0.0673996805240804 
0.06739721154010068 
0.06739474518062823 
0.06739228141444951 
0.06738982021152384 
0.06738736154292631 
0.06738490538078916 
0.06738245169825123 
0.06738000046940708 
0.06737755166925961 
0.06737510527367988 
0.0673726612593612 
0.06737021960378255 
0.06736778028517303 
0.0673653432824746 
0.0673629085753115 
0.06736047614395806 
0.06735804596931182 
0.06735561803286214 
0.06735319231666782 
0.06735076880333059 
0.06734834747597201 
0.06734592831821154 
0.06734351131414543 
0.0673410964483269 
0.06733868370574633 
0.06733627307181499 
0.06733386453234674 
0.0673314580735418 
0.06732905368197242 
0.06732665134456647 
0.06732425104859474 
0.06732185278165718 
0.06731945653167065 
0.06731706228685601 
0.06731467003572722 
0.06731227976708001 
0.0673098914699817 
0.0673075051337606 
0.06730512074799733 
0.06730273830251435 
0.06730035778736818 
0.0672979791928413 
0.06729560250943195 
0.06729322772785025 
0.0672908548390067 
0.06728848383400843 
0.06728611470415033 
0.0672837474409093 
0.06728138203593803 
0.06727901848105976 
0.06727665676826071 
0.06727429688968596 
0.06727193883763474 
0.06726958260455367 
0.06726722818303275 
0.06726487556580134 
0.06726252474572174 
0.06726017571578778 
0.06725782846911683 
0.06725548299894935 
0.06725313929864334 
0.06725079736167047 
0.06724845718161293 
0.06724611875215998 
0.06724378206710416 
0.0672414471203387 
0.06723911390585456 
0.06723678241773615 
0.06723445265015933 
0.0672321245973897 
0.06722979825377721 
0.06722747361375628 
0.06722515067184129 
0.067222829422626 
0.06722050986077918 
0.06721819198104387 
0.06721587577823475 
0.06721356124723543 
0.06721124838299743 
0.06720893718053719 
0.0672066276349346 
0.06720431974133194 
0.06720201349493014 
0.06719970889098893 
0.06719740592482361 
0.06719510459180515 
0.0671928048873568 
0.06719050680695389 
0.06718821034612109 
0.06718591550043247 
0.06718362226550847 
0.067181330637016 
0.06717904061066604 
0.06717675218221277 
0.0671744653474525 
0.06717218010222194 
0.06716989644239711 
0.06716761436389314 
0.06716533386266152 
0.06716305493469042 
0.06716077757600324 
0.0671585017826566 
0.06715622755074072 
0.06715395487637767 
0.06715168375572095 
0.06714941418495365 
0.0671471461602885 
0.06714487967796666 
0.06714261473425627 
0.06714035132545285 
0.06713808944787703 
0.0671358290978742 
0.06713357027181581 
0.06713131296609495 
0.06712905717712755 
0.06712680290135294 
0.06712455013523028 
0.06712229887523972 
0.06712004911788164 
0.06711780085967531 
0.06711555409715866 
0.06711330882688767 
0.06711106504543511 
0.06710882274939123 
0.06710658193536143 
0.06710434259996773 
0.06710210473984549 
0.06709986835164601 
0.067097633432033 
0.06709539997768428 
0.06709316798528955 
0.067090937451551 
0.06708870837318279 
0.06708648074690915 
0.06708425456946591 
0.06708202983759798 
0.06707980654806053 
0.06707758469761735 
0.06707536428304074 
0.06707314530111096 
0.06707092774861677 
0.06706871162235285 
0.06706649691912109 
0.0670642836357291 
0.06706207176899087 
0.0670598613157256 
0.06705765227275644 
0.06705544463691206 
0.06705323840502367 
0.06705103357392755 
0.06704883014046155 
0.06704662810146668 
0.0670444274537866 
0.06704222819426582 
0.0670400303197506 
0.06703783382708743 
0.06703563871312405 
0.06703344497470748 
0.06703125260868457 
0.06702906161190104 
0.06702687198120164 
0.06702468371342885 
0.06702249680542302 
0.06702031125402187 
0.06701812705605976 
0.06701594420836755 
0.06701376270777315 
0.06701158255109795 
0.06700940373515996 
0.06700722625677102 
0.06700505011273732 
0.0670028752998589 
0.06700070181492887 
0.06699852965473256 
0.0669963588160485 
0.06699418929564627 
0.06699202109028625 
0.06698985419672054 
0.06698768861169138 
0.06698552433192925 
0.06698336135415593 
0.06698119967508032 
0.06697903929140019 
0.06697688019980041 
0.06697472239695343 
0.06697256587951683 
0.0669704106441356 
0.06696825668743935 
0.06696610400604226 
0.06696395259654242 
0.06696180245552164 
0.06695965357954445 
0.066957505965157 
0.0669553596088879 
0.06695321450724577 
0.0669510706567193 
0.06694892805377703 
0.06694678669486587 
0.06694464657641026 
0.06694250769481312 
0.06694037004645167 
0.0669382336276804 
0.06693609843482806 
0.06693396446419694 
0.06693183171206245 
0.06692970017467295 
0.06692756984824677 
0.06692544072897338 
0.06692331281301189 
0.06692118609648863 
0.06691906057549896 
0.06691693624610281 
0.06691481310432656 
0.06691269114616046 
0.06691057036755803 
0.06690845076443402 
0.06690633233266488 
0.06690421506808548 
0.06690209896648949 
0.0668999840236272 
0.06689787023520495 
0.06689575759688268 
0.06689364610427373 
0.06689153575294214 
0.06688942653840158 
0.06688731845611474 
0.06688521150149046 
0.06688310566988209 
0.06688100095658685 
0.06687889735684317 
0.06687679486582877 
0.06687469347865986 
0.06687259319038781 
0.06687049399599795 
0.06686839589040719 
0.06686629886846163 
0.06686420292493592 
0.06686210805452837 
0.06686001425185978 
0.06685792151147278 
0.06685582982782587 
0.06685373919529362 
0.0668516496081621 
0.06684956106062731 
0.06684747354679152 
0.06684538706066033 
0.06684330159614027 
0.06684121714703435 
0.06683913370703967 
0.06683705126974328 
0.06683496982861882 
0.06683288937702399 
0.06683080990819323 
0.06682873141523869 
0.06682665389114033 
0.06682457732874736 
0.06682250172076952 
0.06682042705977373 
0.06681835333818012 
0.0668162805482561 
0.06681420868211034 
0.06681213773169019 
0.06681006768877283 
0.06680799854496029 
0.06680593029167506 
0.06680386292015318 
0.06680179642143533 
0.06679973078636223 
0.06679766600556822 
0.06679560206947191 
0.06679353896826938 
0.06679147669192667 
0.06678941523017086 
0.06678735457248185 
0.06678529470808273 
0.06678323562593147 
0.06678117731471087 
0.06677911976281702 
0.0667770629583515 
0.06677500688910823 
0.0667729515425629 
0.06677089690586109 
0.06676884296580513 
0.06676678970884349 
0.06676473712105319 
0.066762685188131 
0.06676063389537458 
0.06675858322766953 
0.06675653316947229 
0.06675448370479521 
0.06675243481718846 
0.06675038648972083 
0.06674833870496348 
0.06674629144496882 
0.06674424469125065 
0.06674219842476282 
0.06674015262587735 
0.06673810727436133 
0.06673606234935248 
0.06673401782933447 
0.06673197369211097 
0.06672992991477818 
0.06672788647369587 
0.06672584334445772 
0.06672380050186193 
0.06672175791987747 
0.06671971557160972 
0.06671767342926799 
0.06671563146412604 
0.0667135896464861 
0.06671154794563831 
0.06670950632981762 
0.06670746476616432 
0.06670542322067514 
0.0667033816581594 
0.06670134004218715 
0.06669929833504112 
0.06669725649766188 
0.06669521448959378 
0.06669317226892607 
0.06669112979223518 
0.0666890870145204 
0.06668704388914097 
0.06668500036774883 
0.06668295640021776 
0.06668091193457197 
0.06667886691691108 
0.06667682129133182 
0.06667477499984777 
0.06667272798230493 
0.06667068017629678 
0.066668631517073 
0.06666658193744886 
0.06666453136770868 
0.06666247973550764 
0.06666042696577101 
0.06665837298058971 
0.06665631769911287 
0.06665426103743817 
0.0666522029084998 
0.06665014322195234 
0.06664808188405445 
0.06664601879754768 
0.06664395386153621 
0.06664188697136234 
0.06663981801848237 
0.0666377468903396 
0.06663567347023869 
0.06663359763721823 
0.06663151926592507 
0.06662943822648769 
0.06662735438439295 
0.06662526760036452 
0.06662317773024433 
0.0666210846248777 
0.06661898813000434 
0.06661688808615589 
0.06661478432855893 
0.06661267668704816 
0.06661056498598973 
0.06660844904421592 
0.06660632867497226 
0.0666042036858798 
0.06660207387891645 
0.06659993905041436 
0.06659779899107954 
0.06659565348603423 
0.06659350231488585 
0.06659134525182249 
0.06658918206574081 
0.06658701252040487 
0.0665848363746419 
0.06658265338257707 
0.06658046329390936 
0.06657826585423014 
0.06657606080539138 
0.06657384788592123 
0.06657162683149312 
0.06656939737545062 
0.06656715924938646 
0.0665649121837869 
0.06656265590873382 
0.06656039015467101 
0.06655811465323988 
0.06655582913817683 
0.06655353334628276 
0.06655122701845895 
0.06654890990081357 
0.06654658174583379 
0.0665442423136294 
0.06654189137324029 
0.06653952870400846 
0.06653715409701494 
0.0665347673565707 
0.06653236830176801 
0.06652995676807659 
0.06652753260898848 
0.066525095697699 
0.0665226459288174 
0.06652018322009993 
0.0665177075141951 
0.06651521878038795 
0.06651271701633021 
0.0665102022497474 
0.06650767454009626 
0.06650513398016465 
0.06650258069758652 
0.06650001485625183 
0.0664974366575893 
0.06649484634169102 
0.06649224418825733 
0.06648963051732465 
0.06648700568975353 
0.06648437010744347 
0.066481724213242 
0.06647906849052311 
0.06647640346240562 
0.06647372969059238 
0.06647104777380422 
0.06646835834580739 
0.06646566207301652 
0.06646295965168685 
0.06646025180470132 
0.06645753927797213 
0.0664548228364947 
0.06645210326009199 
0.06644938133889233 
0.0664466578686165 
0.06644393364572143 
0.06644120946248551 
0.06643848610210555 
0.06643576433387974 
0.06643304490855594 
0.06643032855391381 
0.06642761597064654 
0.06642490782860391 
0.06642220476343942 
0.0664195073737042 
0.06641681621841486 
0.06641413181510673 
0.06641145463837966 
0.06640878511892885 
0.06640612364304295 
0.06640347055254261 
0.06640082614513225 
0.06639819067511846 
0.06639556435445891 
0.06639294735409809 
0.06639033980553256 
0.06638774180257792 
0.06638515340327637 
0.06638257463191295 
0.06638000548109782 
0.06637744591387862 
0.06637489586585388 
0.06637235524725549 
0.06636982394498221 
0.06636730182455682 
0.06636478873200097 
0.06636228449560228 
0.06635978892757859 
0.06635730182562138 
0.06635482297431841 
0.066352352146456 
0.06634988910419712 
0.0663474336001371 
0.06634498537824458 
0.0663425441746806 
0.0663401097185125 
0.06633768173231847 
0.0663352599326915 
0.06633284403064638 
0.06633043373193762 
0.06632802873728849 
0.0663256287425434 
0.06632323343873964 
0.06632084251211262 
0.06631845564403022 
0.06631607251086882 
0.06631369278382396 
0.06631131612867157 
0.06630894220547234 
0.06630657066822983 
0.06630420116449792 
0.06630183333494656 
0.06629946681288426 
0.06629710122373936 
0.06629473618450331 
0.06629237130313723 
0.06629000617794271 
0.06628764039689936 
0.06628527353697033 
0.06628290516337633 
0.06628053482884273 
0.06627816207281703 
0.06627578642066433 
0.06627340738283571 
0.06627102445401742 
0.06626863711226053 
0.06626624481809261 
0.06626384701361625 
0.06626144312159311 
0.06625903254452017 
0.06625661466369348 
0.06625418883826957 
0.06625175440431912 
0.06624931067387532 
0.06624685693397485 
0.06624439244569046 
0.06624191644315149 
0.06623942813253955 
0.0662369266910568 
0.06623441126584512 
0.06623188097283907 
0.06622933489552853 
0.06622677208359258 
0.066224191551368 
0.06622159227609413 
0.06621897319587366 
0.06621633320726843 
0.06621367116243579 
0.06621098586569168 
0.06620827606937296 
0.06620554046883063 
0.06620277769638626 
0.06619998631402843 
0.06619716480461714 
0.06619431156130941 
0.06619142487489696 
0.06618850291869285 
0.06618554373056271 
0.06618254519163705 
0.06617950500119231 
0.06617642064711314 
0.06617328937128712 
0.0661701081292026 
0.06616687354293987 
0.06616358184666783 
0.06616022882368162 
0.06615680973395854 
0.06615331923118287 
0.0661497512682224 
0.0661460989901781 
0.06614235461440363 
0.0661385092974316 
0.06613455298959839 
0.0661304742795245 
0.06612626023260781 
0.06612189623053033 
0.06611736582260552 
0.0661126506046687 
0.06610773014692298 
0.06610258199813585 
0.06609718179852495 
0.06609150353548204 
0.06608551997200339 
0.06607920326410853 
0.06607252575853743 
0.06606546092703368 
0.0660579843560772 
0.06605007468589004 
0.06604171439892413 
0.06603289040979109 
0.06602359450097602 
0.06601382374807999 
0.06600358112568801 
0.06599287641938323 
0.06598172736637431 
0.06597016065401594 
0.0659582121504817 
0.06594592569363181 
0.06593335003839529 
0.06592053411657484 
0.06590752136443459 
0.06589434421614561 
0.06588101976544317 
0.06586754713572561 
0.0658539065285754 
0.06584005949867544 
0.0658259498426475 
0.0658115045546317 
0.06579663448970252 
0.06578123459436909 
0.06576518375336006 
0.06574834442364473 
0.06573056223311304 
0.0657116655584157 
0.0656914647518184 
0.06566975028771761 
0.06564628901022404 
0.06562081849769376 
0.0655930420637021 
0.06556263170981626 
0.0655292532366665 
0.06549263372177568 
0.06545268787185793 
0.06540969239971584 
0.06536444113115839 
0.06531825902996233 
0.06527277923412637 
0.06522954102904863 
0.06518962783003339 
0.06515353487439374 
0.0651212662377485 
0.06509252987768391 
0.06506691308181244 
0.06504399308499097 
0.06502338867424722 
0.06500477498173987 
0.06498788085461486 
0.06497248042176719 
0.06495838422651448 
0.06494543176900934 
0.06493348573978591 
0.06492242769095768 
0.0649121547907716 
0.06490257735325258 
0.06489361691186388 
0.06488520467555133 
0.06487728025825215 
0.06486979060978508 
0.06486268910064028 
0.06485593472901495 
0.06484949142845804 
0.06484332746066847 
0.06483741488185822 
0.06483172907349763 
0.06482624832982602 
0.06482095349559118 
0.064815827648265 
0.0648108558196221 
0.06480602475208871 
0.0648013226857557 
0.06479673917236274 
0.06479226491296541 
0.06478789161634738 
0.06478361187557867 
0.06477941906041507 
0.06477530722351398 
0.06477127101868013 
0.06476730562958101 
0.06476340670756758 
0.06475957031740671 
0.06475579288988538 
0.06475207118039061 
0.06474840223267218 
0.06474478334711413 
0.06474121205292033 
0.06473768608370582 
0.06473420335604824 
0.06473076195061471 
0.0647273600955366 
0.06472399615173599 
0.06472066859995958 
0.06471737602930577 
0.06471411712704847 
0.06471089066960461 
0.06470769551449952 
0.06470453059320594 
0.06470139490475464 
0.06469828751001903 
0.06469520752659741 
0.06469215412421904 
0.06468912652061494 
0.06468612397779845 
0.06468314579870947 
0.0646801913241806 
0.0646772599301912 
0.06467435102537451 
0.06467146404875303 
0.06466859846767725 
0.06466575377594502 
0.06466292949208377 
0.06466012515777869 
0.06465734033643167 
0.06465457461183906 
0.06465182758697331 
0.06464909888286478 
0.06464638813756694 
0.06464369500519972 
0.06464101915506844 
0.06463836027084281 
0.06463571804979766 
0.06463309220210622 
0.06463048245018298 
0.06462788852807097 
0.06462531018087024 
0.06462274716420185 
0.0646201992437113 
0.06461766619459586 
0.06461514780116892 
0.06461264385644434 
0.06461015416174888 
0.06460767852635671 
0.06460521676714429 
0.06460276870826352 
0.06460033418083443 
0.06459791302265327 
0.0645955050779149 
0.06459311019695102 
0.0645907282359799 
0.06458835905686723 
0.06458600252690119 
0.06458365851857369 
0.06458132690937433 
0.06457900758159003 
0.06457670042211557 
0.06457440532227035 
0.06457212217762016 
0.06456985088780884 
0.06456759135639166 
0.06456534349067808 
0.06456310720157458 
0.06456088240343714 
0.06455866901392322 
0.06455646695384908 
0.06455427614705224 
0.0645520965202527 
0.06454992800292113 
0.06454777052714526 
0.06454562402750283 
0.06454348844093107 
0.06454136370660309 
0.06453924976580125 
0.06453714656179324 
0.06453505403971026 
0.06453297214642263 
0.06453090083042001 
0.06452884004168724 
0.06452678973158522 
0.064524749852727 
0.06452272035885741 
0.06452070120473047 
0.06451869234598719 
0.06451669373903147 
0.06451470534090833 
0.06451272710917735 
0.06451075900179012 
0.06450880097696274 
0.06450685299304941 
0.06450491500841612 
0.0645029869813112 
0.06450106886973694 
0.06449916063132032 
0.06449726222318117 
0.06449537360180232 
0.0644934947228976 
0.06449162554127903 
0.06448976601072481 
0.06448791608384756 
0.06448607571195983 
0.0644842448449425 
0.06448242343111325 
0.06448061141709303 
0.06447880874767785 
0.06447701536570691 
0.06447523121193549 
0.06447345622490734 
0.06447169034083182 
0.06446993349345943 
0.06446818561396461 
0.06446644663082783 
0.06446471646972238 
0.06446299505340711 
0.06446128230162065 
0.06445957813098192 
0.06445788245489466 
0.06445619518345949 
0.06445451622339182 
0.06445284547794271 
0.06445118284683335 
0.06444952822619016 
0.06444788150849405 
0.06444624258253207 
0.0644446113333629 
0.06444298764228892 
0.06444137138683778 
0.06443976244075533 
0.06443816067400727 
0.06443656595279305 
0.06443497813956774 
0.06443339709307909 
0.06443182266841058 
0.06443025471704131 
0.06442869308691283 
0.06442713762250987 
0.06442558816495082 
0.06442404455209144 
0.06442250661863685 
0.0644209741962688 
0.06441944711377884 
0.06441792519721491 
0.06441640827003739 
0.0644148961532833 
0.06441338866574274 
0.06441188562413923 
0.06441038684332305 
0.06440889213646783 
0.06440740131527702 
0.06440591419019244 
0.06440443057061233 
0.06440295026511154 
0.06440147308166458 
0.06439999882787258 
0.06439852731119379 
0.06439705833917071 
0.06439559171966168 
0.06439412726107113 
0.0643926647725758 
0.06439120406435198 
0.0643897449477977 
0.06438828723575285 
0.06438683074271084 
0.06438537528503199 
0.06438392068114253 
0.06438246675173451 
0.06438101331995394 
0.06437956021158349 
0.06437810725521531 
0.06437665428241814 
0.0643752011278916 
0.06437374762961451 
0.0643722936289831 
0.06437083897093733 
0.06436938350408059 
0.06436792708078592 
0.0643664695572963 
0.06436501079381018 
0.06436355065456126 
0.0643620890078853 
0.06436062572627954 
0.06435916068644966 
0.06435769376935009 
0.06435622486021342 
0.06435475384857156 
0.06435328062826806 
0.06435180509746116 
0.06435032715862048 
0.06434884671851544 
0.06434736368819427 
0.06434587798296047 
0.06434438952233867 
0.06434289823003432 
0.06434140403389221 
0.06433990686584341 
0.06433840666185074 
0.06433690336185015 
0.06433539690968464 
0.06433388725303797 
0.06433237434336155 
0.06433085813579933 
0.06432933858911226 
0.06432781566559613 
0.06432628933099942 
0.06432475955443943 
0.06432322630831613 
0.0643216895682242 
0.06432014931286655 
0.06431860552396271 
0.06431705818616147 
0.06431550728694936 
0.06431395281656083 
0.06431239476788896 
0.06431083313639414 
0.06430926792001598 
0.06430769911908432 
0.06430612673623051 
0.06430455077630136 
0.06430297124627114 
0.06430138815515903 
0.0642998015139423 
0.06429821133547692 
0.06429661763441359 
0.06429502042711989 
0.06429341973160095 
0.06429181556742351 
0.06429020795564085 
0.0642885969187186 
0.06428698248046502 
0.06428536466595873 
0.06428374350148269 
0.06428211901445641 
0.06428049123337212 
0.06427886018773137 
0.06427722590798489 
0.06427558842547247 
0.06427394777236592 
0.06427230398161396 
0.06427065708688663 
0.06426900712252512 
0.06426735412348972 
0.06426569812531283 
0.06426403916404905 
0.06426237727623381 
0.06426071249883536 
0.06425904486921587 
0.06425737442508914 
0.0642557012044819 
0.06425402524569644 
0.06425234658727468 
0.0642506652679628 
0.0642489813266793 
0.06424729480248254 
0.06424560573453941 
0.06424391416209826 
0.0642422201244587 
0.064240523660947 
0.06423882481088909 
0.06423712361358791 
0.06423542010829901 
0.06423371433420909 
0.064232006330415 
0.06423029613590393 
0.06422858378953576 
0.06422686933002233 
0.06422515279591337 
0.06422343422557962 
0.06422171365719645 
0.0642199911287322 
0.06421826667793216 
0.06421654034230719 
0.06421481215912225 
0.06421308216538454 
0.06421135039783288 
0.06420961689292895 
0.06420788168684748 
0.06420614481546849 
0.06420440631436818 
0.06420266621881335 
0.06420092456375404 
0.06419918138381658 
0.06419743671329974 
0.06419569058616807 
0.06419394303604739 
0.06419219409622223 
0.06419044379963026 
0.0641886921788592 
0.06418693926614549 
0.06418518509336973 
0.06418342969205644 
0.06418167309336921 
0.0641799153281133 
0.06417815642673139 
0.06417639641930359 
0.06417463533554697 
0.06417287320481559 
0.06417111005609943 
0.06416934591802582 
0.06416758081885857 
0.06416581478649891 
0.06416404784848805 
0.06416228003200557 
0.06416051136387223 
0.06415874187055112 
0.0641569715781489 
0.06415520051241813 
0.06415342869875777 
0.06415165616221771 
0.06414988292749792 
0.06414810901895311 
0.06414633446059313 
0.06414455927608757 
0.06414278348876573 
0.06414100712162304 
0.0641392301973186 
0.06413745273818311 
0.0641356747662187 
0.06413389630310277 
0.06413211737019078 
0.06413033798852046 
0.0641285581788133 
0.06412677796147781 
0.06412499735661487 
0.06412321638401851 
0.06412143506318022 
0.06411965341329254 
0.06411787145325142 
0.06411608920166155 
0.06411430667683683 
0.06411252389680629 
0.06411074087931612 
0.064108957641834 
0.06410717420155133 
0.0641053905753878 
0.06410360677999434 
0.06410182283175594 
0.06410003874679641 
0.06409825454098067 
0.06409647022991867 
0.06409468582896792 
0.06409290135323843 
0.06409111681759479 
0.06408933223665948 
0.06408754762481743 
0.0640857629962179 
0.0640839783647783 
0.06408219374418792 
0.0640804091479109 
0.06407862458918812 
0.06407684008104335 
0.06407505563628285 
0.06407327126750219 
0.06407148698708587 
0.064069702807213 
0.06406791873985902 
0.06406613479679875 
0.06406435098961127 
0.06406256732967908 
0.06406078382819473 
0.0640590004961624 
0.06405721734440066 
0.06405543438354433 
0.06405365162404975 
0.06405186907619552 
0.06405008675008536 
0.06404830465565202 
0.06404652280265946 
0.06404474120070515 
0.06404295985922188 
0.06404117878748303 
0.06403939799460226 
0.06403761748953771 
0.0640358372810939 
0.06403405737792407 
0.06403227778853345 
0.06403049852128036 
0.06402871958437942 
0.06402694098590365 
0.06402516273378765 
0.06402338483582752 
0.064021607299686 
0.06401983013289268 
0.0640180533428463 
0.0640162769368178 
0.06401450092195278 
0.06401272530527125 
0.06401095009367232 
0.06400917529393475 
0.06400740091271934 
0.06400562695657067 
0.06400385343191925 
0.06400208034508346 
0.06400030770227137 
0.06399853550958218 
0.06399676377300863 
0.06399499249843892 
0.06399322169165714 
0.0639914513583468 
0.06398968150409114 
0.0639879121343756 
0.06398614325458891 
0.06398437487002537 
0.06398260698588588 
0.0639808396072796 
0.06397907273922583 
0.06397730638665505 
0.0639755405544107 
0.06397377524725091 
0.06397201046984924 
0.06397024622679663 
0.06396848252260266 
0.06396671936169741 
0.0639649567484316 
0.06396319468707905 
0.06396143318183779 
0.06395967223683066 
0.06395791185610739 
0.0639561520436457 
0.06395439280335187 
0.0639526341390626 
0.06395087605454688 
0.06394911855350469 
0.0639473616395714 
0.06394560531631517 
0.06394384958724277 
0.0639420944557963 
0.06394033992535605 
0.06393858599924156 
0.06393683268071336 
0.06393507997297182 
0.06393332787916114 
0.06393157640236706 
0.06392982554562077 
0.06392807531189777 
0.06392632570411991 
0.06392457672515595 
0.06392282837782229 
0.0639210806648842 
0.06391933358905673 
0.06391758715300486 
0.06391584135934524 
0.06391409621064634 
0.06391235170942974 
0.06391060785817093 
0.06390886465929893 
0.063907122115199 
0.06390538022821192 
0.06390363900063499 
0.06390189843472391 
0.06390015853269124 
0.0638984192967093 
0.06389668072890953 
0.06389494283138412 
0.06389320560618543 
0.06389146905532787 
0.06388973318078815 
0.06388799798450491 
0.0638862634683819 
0.06388452963428477 
0.06388279648404553 
0.06388106401946099 
0.06387933224229297 
0.06387760115427096 
0.06387587075709039 
0.06387414105241464 
0.06387241204187537 
0.06387068372707143 
0.06386895610957208 
0.06386722919091643 
0.0638655029726124 
0.06386377745613912 
0.06386205264294685 
0.06386032853445708 
0.0638586051320636 
0.06385688243713246 
0.06385516045100277 
0.06385343917498684 
0.06385171861037063 
0.06384999875841461 
0.06384827962035387 
0.06384656119739808 
0.0638448434907326 
0.06384312650151876 
0.06384141023089433 
0.06383969467997277 
0.06383797984984578 
0.06383626574158138 
0.06383455235622584 
0.06383283969480333 
0.06383112775831648 
0.06382941654774703 
0.06382770606405487 
0.0638259963081802 
0.06382428728104307 
0.06382257898354289 
0.06382087141656062 
0.06381916458095631 
0.06381745847757267 
0.0638157531072325 
0.06381404847074125 
0.06381234456888536 
0.06381064140243418 
0.06380893897213917 
0.06380723727873479 
0.06380553632293823 
0.06380383610544954 
0.06380213662695354 
0.06380043788811833 
0.06379873988959542 
0.06379704263202114 
0.06379534611601642 
0.06379365034218717 
0.06379195531112379 
0.06379026102340238 
0.06378856747958422 
0.06378687468021606 
0.0637851826258315 
0.06378349131694978 
0.06378180075407565 
0.06378011093770211 
0.06377842186830708 
0.06377673354635711 
0.06377504597230474 
0.06377335914659035 
0.06377167306964211 
0.06376998774187566 
0.0637683031636939 
0.0637666193354891 
0.06376493625764112 
0.06376325393051813 
0.06376157235447714 
0.06375989152986404 
0.0637582114570135 
0.06375653213624999 
0.06375485356788647 
0.06375317575222528 
0.06375149868955902 
0.06374982238016973 
0.06374814682432936 
0.06374647202230005 
0.06374479797433391 
0.06374312468067396 
0.06374145214155266 
0.06373978035719423 
0.06373810932781332 
0.06373643905361502 
0.06373476953479572 
0.06373310077154362 
0.0637314327640374 
0.06372976551244731 
0.06372809901693548 
0.06372643327765552 
0.0637247682947526 
0.06372310406836457 
0.0637214405986202 
0.06371977788564112 
0.06371811592954173 
0.06371645473042695 
0.06371479428839641 
0.06371313460354075 
0.06371147567594419 
0.0637098175056831 
0.06370816009282713 
0.06370650343743899 
0.06370484753957396 
0.06370319239928121 
0.06370153801660305 
0.0636998843915744 
0.0636982315242244 
0.06369657941457639 
0.06369492806264562 
0.0636932774684426 
0.0636916276319708 
0.06368997855322815 
0.06368833023220653 
0.06368668266889153 
0.06368503586326314 
0.06368338981529605 
0.0636817445249578 
0.06368009999221262 
0.06367845621701693 
0.06367681319932403 
0.06367517093907925 
0.06367352943622515 
0.06367188869069675 
0.06367024870242596 
0.06366860947133877 
0.06366697099735588 
0.06366533328039327 
0.06366369632036213 
0.06366206011716889 
0.06366042467071518 
0.06365878998089818 
0.06365715604761012 
0.06365552287073854 
0.06365389045016728 
0.06365225878577495 
0.06365062787743604 
0.063648997725021 
0.06364736832839582 
0.06364573968742238 
0.06364411180195817 
0.06364248467185697 
0.06364085829696849 
0.06363923267713816 
0.06363760781220784 
0.06363598370201544 
0.06363436034639494 
0.06363273774517648 
0.06363111589818671 
0.06362949480524918 
0.06362787446618229 
0.06362625488080248 
0.06362463604892175 
0.06362301797034893 
0.06362140064488953 
0.06361978407234546 
0.0636181682525155 
0.06361655318519498 
0.06361493887017587 
0.06361332530724743 
0.06361171249619516 
0.0636101004368023 
0.06360848912884813 
0.06360687857210912 
0.06360526876635905 
0.0636036597113683 
0.0636020514069052 
0.06360044385273407 
0.06359883704861706 
0.06359723099431407 
0.06359562568958042 
0.06359402113417072 
0.06359241732783563 
0.06359081427032387 
0.06358921196138158 
0.06358761040075087 
0.06358600958817352 
0.06358440952338694 
0.0635828102061273 
0.06358121163612786 
0.06357961381311893 
0.06357801673682927 
0.06357642040698538 
0.06357482482331016 
0.06357322998552577 
0.06357163589335113 
0.06357004254650366 
0.06356844994469737 
0.06356685808764548 
0.06356526697505854 
0.06356367660664433 
0.06356208698210973 
0.06356049810115885 
0.06355890996349355 
0.0635573225688143 
0.06355573591681953 
0.06355415000720528 
0.06355256483966558 
0.06355098041389348 
0.06354939672957925 
0.06354781378641151 
0.06354623158407745 
0.06354465012226189 
0.06354306940064844 
0.06354148941891875 
0.06353991017675223 
0.06353833167382761 
0.06353675390982101 
0.06353517688440723 
0.06353360059725961 
0.06353202504804988 
0.06353045023644754 
0.06352887616212156 
0.06352730282473841 
0.06352573022396375 
0.06352415835946137 
0.06352258723089325 
0.06352101683792077 
0.06351944718020279 
0.063517878257398 
0.06351631006916254 
0.06351474261515203 
0.06351317589501988 
0.06351160990841893 
0.06351004465500036 
0.06350848013441411 
0.0635069163463082 
0.06350535329033077 
0.06350379096612724 
0.06350222937334267 
0.06350066851162064 
0.0634991083806034 
0.06349754897993212 
0.06349599030924767 
0.06349443236818769 
0.0634928751563906 
0.06349131867349314 
0.06348976291913028 
0.06348820789293666 
0.06348665359454596 
0.06348510002359029 
0.06348354717970077 
0.06348199506250757 
0.06348044367164021 
0.06347889300672657 
0.0634773430673943 
0.06347579385326915 
0.06347424536397672 
0.06347269759914158 
0.06347115055838667 
0.06346960424133494 
0.06346805864760763 
0.06346651377682629 
0.06346496962860997 
0.06346342620257787 
0.06346188349834837 
0.0634603415155386 
0.06345880025376502 
0.06345725971264359 
0.06345571989178915 
0.06345418079081597 
0.06345264240933719 
0.06345110474696532 
0.06344956780331265 
0.0634480315779898 
0.06344649607060766 
0.06344496128077567 
0.06344342720810275 
0.06344189385219733 
0.06344036121266693 
0.06343882928911873 
0.06343729808115883 
0.063435767588393 
0.06343423781042633 
0.0634327087468633 
0.06343118039730691 
0.06342965276136153 
0.0634281258386291 
0.0634265996287119 
0.06342507413121075 
0.06342354934572755 
0.06342202527186204 
0.0634205019092138 
0.06341897925738263 
0.06341745731596707 
0.06341593608456518 
0.0634144155627749 
0.06341289575019314 
0.06341137664641698 
0.06340985825104267 
0.0634083405636656 
0.06340682358388158 
0.06340530731128524 
0.06340379174547112 
0.06340227688603325 
0.06340076273256498 
0.06339924928465948 
0.0633977365419096 
0.06339622450390833 
0.06339471317024661 
0.06339320254051665 
0.06339169261430957 
0.0633901833912159 
0.0633886748708261 
0.06338716705273056 
0.06338565993651901 
0.06338415352178099 
0.06338264780810561 
0.06338114279508118 
0.06337963848229648 
0.06337813486934 
0.06337663195579891 
0.06337512974126157 
0.06337362822531407 
0.06337212740754485 
0.06337062728753982 
0.06336912786488536 
0.06336762913916763 
0.06336613110997281 
0.06336463377688689 
0.06336313713949447 
0.06336164119738145 
0.0633601459501327 
0.06335865139733278 
0.06335715753856593 
0.06335566437341732 
0.06335417190147048 
0.06335268012230956 
0.06335118903551798 
0.06334969864067978 
0.06334820893737798 
0.06334671992519599 
0.06334523160371644 
0.06334374397252264 
0.06334225703119703 
0.06334077077932262 
0.06333928521648098 
0.06333780034225527 
0.06333631615622716 
0.0633348326579785 
0.06333334984709128 
0.06333186772314758 
0.06333038628572875 
0.06332890553441639 
0.06332742546879169 
0.0633259460884363 
0.06332446739293182 
0.06332298938185826 
0.06332151205479757 
0.06332003541133042 
0.06331855945103793 
0.06331708417350078 
0.06331560957829951 
0.06331413566501506 
0.06331266243322817 
0.06331118988251937 
0.06330971801246885 
0.06330824682265736 
0.0633067763126655 
0.06330530648207357 
0.06330383733046176 
0.0633023688574108 
0.06330090106250064 
0.06329943394531203 
0.06329796750542488 
0.06329650174241958 
0.06329503665587663 
0.06329357224537578 
0.06329210851049828 
0.06329064545082343 
0.06328918306593194 
0.06328772135540427 
0.06328626031882037 
0.06328479995576061 
0.06328334026580557 
0.06328188124853572 
0.06328042290353103 
0.06327896523037287 
0.06327750822864085 
0.06327605189791555 
0.0632745962377781 
0.06327314124780885 
0.06327168692758818 
0.06327023327669729 
0.06326878029471648 
0.06326732798122739 
0.06326587633581035 
0.06326442535804588 
0.06326297504751609 
0.06326152540380157 
0.06326007642648357 
0.06325862811514311 
0.06325718046936209 
0.06325573348872165 
0.06325428717280324 
0.06325284152118847 
0.06325139653345946 
0.06324995220919749 
0.06324850854798497 
0.06324706554940403 
0.063245623213036 
0.06324418153846385 
0.06324274052526956 
0.0632413001730359 
0.06323986048134532 
0.06323842144978024 
0.063236983077924 
0.06323554536535915 
0.06323410831166895 
0.06323267191643642 
0.06323123617924502 
0.06322980109967806 
0.06322836667731954 
0.06322693291175283 
0.06322549980256205 
0.06322406734933117 
0.06322263555164379 
0.06322120440908524 
0.06321977392123912 
0.06321834408769045 
0.0632169149080243 
0.06321548638182498 
0.06321405850867808 
0.06321263128816842 
0.06321120471988174 
0.06320977880340364 
0.06320835353831965 
0.06320692892421546 
0.0632055049606777 
0.06320408164729267 
0.06320265898364645 
0.06320123696932543 
0.06319981560391696 
0.06319839488700814 
0.0631969748181853 
0.06319555539703625 
0.0631941366231487 
0.06319271849611 
0.06319130101550859 
0.06318988418093195 
0.06318846799196866 
0.0631870524482072 
0.06318563754923646 
0.06318422329464497 
0.06318280968402196 
0.0631813967169567 
0.0631799843930386 
0.06317857271185763 
0.06317716167300363 
0.06317575127606619 
0.06317434152063632 
0.06317293240630434 
0.06317152393266068 
0.06317011609929676 
0.0631687089058032 
0.06316730235177205 
0.06316589643679457 
0.06316449116046256 
0.06316308652236799 
0.0631616825221036 
0.06316027915926126 
0.0631588764334341 
0.063157474344215 
0.06315607289119707 
0.06315467207397404 
0.0631532718921389 
0.06315187234528596 
0.0631504734330094 
0.0631490751549037 
0.06314767751056284 
0.06314628049958215 
0.06314488412155642 
0.06314348837608125 
0.06314209326275148 
0.06314069878116382 
0.06313930493091376 
0.06313791171159736 
0.06313651912281162 
0.06313512716415294 
0.06313373583521846 
0.0631323451356057 
0.06313095506491145 
0.06312956562273443 
0.06312817680867162 
0.06312678862232209 
0.0631254010632838 
0.06312401413115572 
0.06312262782553697 
0.0631212421460266 
0.0631198570922241 
0.06311847266372962 
0.06311708886014279 
0.06311570568106435 
0.06311432312609451 
0.06311294119483411 
0.06311155988688458 
0.06311017920184687 
0.06310879913932255 
0.06310741969891412 
0.06310604088022295 
0.06310466268285206 
0.06310328510640388 
0.06310190815048108 
0.06310053181468755 
0.06309915609862637 
0.06309778100190089 
0.06309640652411584 
0.06309503266487508 
0.0630936594237835 
0.06309228680044554 
0.06309091479446666 
0.06308954340545214 
0.06308817263300762 
0.06308680247673919 
0.0630854329362527 
0.06308406401115492 
0.06308269570105271 
0.06308132800555286 
0.06307996092426284 
0.06307859445679033 
0.06307722860274308 
0.06307586336172927 
0.06307449873335727 
0.06307313471723604 
0.06307177131297455 
0.06307040852018186 
0.06306904633846798 
0.06306768476744204 
0.06306632380671474 
0.06306496345589693 
0.06306360371459814 
0.0630622445824302 
0.06306088605900415 
0.06305952814393176 
0.06305817083682455 
0.06305681413729505 
0.06305545804495545 
0.06305410255941839 
0.06305274768029719 
0.06305139340720493 
0.06305003973975513 
0.06304868667756192 
0.063047334220239 
0.06304598236740136 
0.06304463111866344 
0.06304328047364068 
0.0630419304319474 
0.06304058099320044 
0.06303923215701504 
0.0630378839230075 
0.06303653629079428 
0.06303518925999206 
0.06303384283021851 
0.06303249700109059 
0.06303115177222557 
0.0630298071432421 
0.06302846311375804 
0.06302711968339238 
0.06302577685176347 
0.06302443461849029 
0.06302309298319277 
0.06302175194549069 
0.0630204115050038 
0.06301907166135257 
0.06301773241415753 
0.0630163937630397 
0.06301505570762 
0.06301371824752038 
0.06301238138236218 
0.06301104511176805 
0.06300970943535986 
0.06300837435276055 
0.0630070398635933 
0.06300570596748092 
0.06300437266404767 
0.0630030399529171 
0.06300170783371307 
0.06300037630606024 
0.06299904536958392 
0.06299771502390897 
0.06299638526866029 
0.06299505610346415 
0.06299372752794609 
0.0629923995417325 
0.06299107214445036 
0.06298974533572597 
0.06298841911518692 
0.06298709348246041 
0.06298576843717447 
0.06298444397895706 
0.06298312010743658 
0.06298179682224132 
0.06298047412300155 
0.06297915200934483 
0.06297783048090175 
0.06297650953730215 
0.06297518917817574 
0.06297386940315378 
0.06297255021186604 
0.06297123160394456 
0.06296991357902007 
0.06296859613672466 
0.06296727927668998 
0.06296596299854829 
0.06296464730193267 
0.06296333218647544 
0.06296201765180992 
0.06296070369757012 
0.06295939032338911 
0.06295807752890151 
0.06295676531374096 
0.06295545367754292 
0.06295414261994209 
0.0629528321405734 
0.06295152223907326 
0.06295021291507645 
0.06294890416822027 
0.0629475959981407 
0.0629462884044746 
0.06294498138685833 
0.06294367494493053 
0.06294236907832786 
0.06294106378668911 
0.06293975906965177 
0.06293845492685508 
0.06293715135793734 
0.06293584836253832 
0.06293454594029708 
0.06293324409085345 
0.06293194281384766 
0.06293064210891992 
0.06292934197571111 
0.06292804241386214 
0.06292674342301398 
0.06292544500280846 
0.0629241471528876 
0.06292284987289341 
0.06292155316246816 
0.06292025702125491 
0.0629189614488964 
0.06291766644503659 
0.06291637200931845 
0.06291507814138617 
0.06291378484088417 
0.06291249210745689 
0.0629111999407489 
0.06290990834040584 
0.06290861730607258 
0.06290732683739571 
0.06290603693402042 
0.06290474759559356 
0.0629034588217613 
0.06290217061217082 
0.06290088296646931 
0.06289959588430453 
0.06289830936532394 
0.06289702340917581 
0.06289573801550838 
0.06289445318397041 
0.06289316891421101 
0.06289188520587946 
0.06289060205862507 
0.06288931947209819 
0.06288803744594855 
0.0628867559798268 
0.06288547507338356 
0.06288419472627006 
0.06288291493813733 
0.06288163570863745 
0.06288035703742233 
0.06287907892414339 
0.06287780136845436 
0.0628765243700071 
0.06287524792845496 
0.0628739720434518 
0.06287269671465073 
0.06287142194170571 
0.0628701477242714 
0.0628688740620021 
0.06286760095455284 
0.06286632840157846 
0.06286505640273472 
0.06286378495767694 
0.0628625140660613 
0.06286124372754438 
0.06285997394178248 
0.06285870470843266 
0.06285743602715185 
0.06285616789759779 
0.06285490031942781 
0.06285363329230075 
0.06285236681587368 
0.0628511008898064 
0.06284983551375709 
0.06284857068738511 
0.06284730641035022 
0.06284604268231167 
0.06284477950293003 
0.0628435168718654 
0.06284225478877821 
0.06284099325332984 
0.06283973226518065 
0.06283847182399302 
0.06283721192942843 
0.06283595258114846 
0.06283469377881604 
0.06283343552209375 
0.06283217781064386 
0.0628309206441302 
0.06282966402221611 
0.06282840794456525 
0.06282715241084177 
0.0628258974207099 
0.06282464297383399 
0.06282338906987935 
0.0628221357085109 
0.06282088288939408 
0.06281963061219506 
0.06281837887657894 
0.0628171276822128 
0.06281587702876291 
0.06281462691589594 
0.06281337734327994 
0.06281212831058107 
0.0628108798174678 
0.06280963186360776 
0.06280838444866929 
0.06280713757232102 
0.06280589123423223 
0.06280464543407069 
0.062803400171507 
0.0628021554462101 
0.06280091125785055 
0.06279966760609779 
0.06279842449062281 
0.0627971819110963 
0.06279593986718908 
0.06279469835857264 
0.06279345738491851 
0.06279221694589861 
0.06279097704118496 
0.06278973767045008 
0.06278849883336649 
0.06278726052960705 
0.06278602275884555 
0.06278478552075477 
0.062783548815009 
0.06278231264128216 
0.06278107699924851 
0.06277984188858249 
0.06277860730895925 
0.0627773732600539 
0.06277613974154186 
0.06277490675309853 
0.06277367429439987 
0.06277244236512276 
0.06277121096494288 
0.06276998009353744 
0.06276874975058323 
0.06276751993575788 
0.06276629064873857 
0.06276506188920372 
0.06276383365683075 
0.06276260595129829 
0.06276137877228505 
0.06276015211947031 
0.06275892599253238 
0.06275770039115153 
0.06275647531500747 
0.06275525076377919 
0.06275402673714785 
0.06275280323479404 
0.06275158025639802 
0.06275035780164097 
0.06274913587020432 
0.06274791446176996 
0.0627466935760188 
0.06274547321263395 
0.06274425337129723 
0.06274303405169142 
0.0627418152534995 
0.0627405969764044 
0.06273937922008972 
0.06273816198423897 
0.06273694526853629 
0.06273572907266581 
0.0627345133963117 
0.06273329823915934 
0.0627320836008933 
0.06273086948119871 
0.06272965587976147 
0.06272844279626677 
0.06272723023040128 
0.06272601818185129 
0.06272480665030275 
0.06272359563544286 
0.06272238513695831 
0.06272117515453712 
0.06271996568786622 
0.06271875673663398 
0.06271754830052798 
0.06271634037923672 
0.06271513297244886 
0.0627139260798536 
0.0627127197011395 
0.06271151383599628 
0.06271030848411385 
0.06270910364518101 
0.06270789931888879 
0.06270669550492772 
0.06270549220298766 
0.06270428941276031 
0.06270308713393649 
0.06270188536620745 
0.06270068410926499 
0.06269948336280116 
0.06269828312650777 
0.06269708340007767 
0.06269588418320338 
0.06269468547557755 
0.06269348727689376 
0.06269228958684506 
0.06269109240512517 
0.06268989573142827 
0.0626886995654483 
0.06268750390687985 
0.06268630875541725 
0.06268511411075575 
0.06268391997259071 
0.06268272634061665 
0.06268153321453039 
0.0626803405940268 
0.06267914847880282 
0.0626779568685544 
0.06267676576297863 
0.06267557516177137 
0.06267438506463101 
0.06267319547125412 
0.06267200638133885 
0.06267081779458272 
0.06266962971068377 
0.06266844212934079 
0.06266725505025193 
0.06266606847311629 
0.06266488239763303 
0.06266369682350136 
0.06266251175042091 
0.0626613271780913 
0.0626601431062128 
0.06265895953448562 
0.06265777646261043 
0.06265659389028798 
0.06265541181721888 
0.06265423024310526 
0.06265304916764801 
0.06265186859054891 
0.06265068851151004 
0.06264950893023388 
0.06264832984642231 
0.06264715125977853 
0.06264597317000531 
0.06264479557680576 
0.0626436184798836 
0.06264244187894207 
0.06264126577368542 
0.06264009016381744 
0.06263891504904286 
0.06263774042906596 
0.06263656630359185 
0.06263539267232543 
0.06263421953497203 
0.0626330468912372 
0.06263187474082678 
0.06263070308344668 
0.06262953191880331 
0.06262836124660288 
0.06262719106655228 
0.0626260213783584 
0.06262485218172878 
0.06262368347637039 
0.062622515261991 
0.06262134753829862 
0.0626201803050011 
0.06261901356180696 
0.06261784730842476 
0.06261668154456311 
0.06261551626993143 
0.06261435148423876 
0.06261318718719439 
0.06261202337850867 
0.06261086005789057 
0.06260969722505107 
0.06260853487970035 
0.06260737302154894 
0.06260621165030819 
0.06260505076568842 
0.06260389036740134 
0.06260273045515895 
0.0626015710286721 
0.06260041208765355 
0.06259925363181502 
0.06259809566086948 
0.06259693817452894 
0.06259578117250701 
0.06259462465451643 
0.06259346862027051 
0.06259231306948292 
0.06259115800186785 
0.06259000341713847 
0.0625888493150099 
0.0625876956951961 
0.062586542557412 
0.06258538990137247 
0.06258423772679232 
0.06258308603338766 
0.06258193482087315 
0.06258078408896575 
0.06257963383738031 
0.06257848406583383 
0.0625773347740423 
0.06257618596172283 
0.06257503762859216 
0.06257388977436766 
0.06257274239876628 
0.06257159550150553 
0.0625704490823038 
0.06256930314087857 
0.06256815767694825 
0.06256701269023128 
0.06256586818044658 
0.06256472414731253 
0.06256358059054852 
0.06256243750987382 
0.06256129490500809 
0.0625601527756708 
0.06255901112158203 
0.06255786994246218 
0.06255672923803181 
0.06255558900801046 
0.06255444925212016 
0.06255330997008163 
0.06255217116161557 
0.06255103282644411 
0.06254989496428899 
0.06254875757487173 
0.06254762065791403 
0.06254648421313923 
0.0625453482402694 
0.06254421273902717 
0.06254307770913545 
0.06254194315031765 
0.06254080906229689 
0.06253967544479762 
0.06253854229754213 
0.06253740962025593 
0.06253627741266242 
0.06253514567448633 
0.06253401440545216 
0.06253288360528488 
0.06253175327370945 
0.06253062341045136 
0.06252949401523587 
0.06252836508778868 
0.06252723662783621 
0.0625261086351039 
0.06252498110931826 
0.06252385405020623 
0.06252272745749417 
0.06252160133090903 
0.06252047567017802 
0.06251935047502832 
0.06251822574518796 
0.0625171014803844 
0.06251597768034535 
0.06251485434479963 
0.06251373147347511 
0.0625126090661011 
0.06251148712240542 
0.06251036564211795 
0.0625092446249669 
0.06250812407068246 
0.06250700397899435 
0.06250588434963211 
0.0625047651823254 
0.0625036464768051 
0.06250252823280156 
0.06250141045004458 
0.06250029312826601 
0.062499176267196574 
0.06249805986656747 
0.06249694392610989 
0.06249582844555524 
0.062494713424636396 
0.06249359886308481 
0.062492484760632634 
0.06249137111701232 
0.06249025793195689 
0.06248914520519845 
0.062488032936470914 
0.062486921125506655 
0.06248580977203998 
0.062484698875803664 
0.062483588436532095 
0.06248247845395918 
0.06248136892781964 
0.06248025985784672 
0.0624791512437762 
0.06247804308534247 
0.06247693538228015 
0.062475828134325034 
0.06247472134121256 
0.06247361500267797 
0.062472509118457045 
0.0624714036882864 
0.062470298711901365 
0.0624691941890392 
0.06246809011943562 
0.06246698650282839 
0.06246588333895346 
0.06246478062754864 
0.06246367836835112 
0.06246257656109855 
0.06246147520552851 
0.06246037430137942 
0.06245927384838851 
0.062458173846295026 
0.06245707429483717 
0.06245597519375309 
0.06245487654278269 
0.062453778341664386 
0.06245268059013767 
0.062451583287942126 
0.06245048643481706 
0.06244939003050287 
0.06244829407473929 
0.062447198567266694 
0.06244610350782507 
0.06244500889615578 
0.06244391473199894 
0.06244282101509626 
0.06244172774518837 
0.06244063492201679 
0.06243954254532302 
0.062438450614849095 
0.062437359130336746 
0.06243626809152816 
0.06243517749816574 
0.062434087349991736 
0.06243299764674916 
0.0624319083881807 
0.06243081957402969 
0.06242973120403884 
0.06242864327795174 
0.062427555795512644 
0.06242646875646496 
0.06242538216055237 
0.062424296007519454 
0.06242321029711057 
0.06242212502907023 
0.06242104020314286 
0.062419955819073905 
0.062418871876607995 
0.06241778837549072 
0.06241670531546763 
0.06241562269628419 
0.06241454051768637 
0.062413458779419985 
0.062412377481231275 
0.062411296622867006 
0.062410216204073186 
0.062409136224597116 
0.062408056684185545 
0.062406977582585586 
0.06240589891954436 
0.06240482069480962 
0.06240374290812877 
0.06240266555925008 
0.06240158864792079 
0.06240051217388996 
0.06239943613690558 
0.06239836053671639 
0.062397285373070786 
0.06239621064571821 
0.062395136354407174 
0.06239406249888749 
0.06239298907890834 
0.06239191609421931 
0.062390843544570536 
0.06238977142971164 
0.062388699749393324 
0.06238762850336553 
0.06238655769137873 
0.06238548731318393 
0.062384417368531585 
0.06238334785717331 
0.062382278778859795 
0.06238121013334316 
0.062380141920374485 
0.06237907413970564 
0.062378006791088327 
0.06237693987427514 
0.0623758733890182 
0.0623748073350699 
0.06237374171218306 
0.0623726765201101 
0.062371611758604305 
0.062370547427419036 
0.062369483526307126 
0.062368420055022966 
0.06236735701331941 
0.062366294400950525 
0.06236523221767081 
0.062364170463233906 
0.06236310913739419 
0.062362048239906806 
0.0623609877705259 
0.06235992772900677 
0.0623588681151044 
0.062357808928573885 
0.062356750169170694 
0.06235569183665056 
0.06235463393076922 
0.0623535764512826 
0.06235251939794688 
0.062351462770517965 
0.06235040656875269 
0.06234935079240738 
0.062348295441239335 
0.062347240515005065 
0.06234618601346177 
0.06234513193636685 
0.06234407828347799 
0.062343025054552005 
0.06234197224934759 
0.06234091986762246 
0.06233986790913452 
0.06233881637364252 
0.06233776526090464 
0.062336714570679415 
0.06233566430272608 
0.062334614456803265 
0.062333565032670256 
0.062332516030086486 
0.0623314674488109 
0.06233041928860393 
0.06232937154922512 
0.06232832423043417 
0.06232727733199164 
0.06232623085365709 
0.062325184795192334 
0.06232413915635684 
0.06232309393691166 
0.062322049136618776 
0.06232100475523772 
0.062319960792530896 
0.06231891724825958 
0.062317874122185424 
0.062316831414069844 
0.06231578912367533 
0.06231474725076366 
0.06231370579509765 
0.062312664756439005 
0.0623116241345507 
0.06231058392919596 
0.06230954414013704 
0.0623085047671376 
0.06230746580996054 
0.062306427268369546 
0.06230538914212799 
0.0623043514309999 
0.06230331413474906 
0.06230227725313978 
0.062301240785935956 
0.062300204732902105 
0.06229916909380277 
0.06229813386840311 
0.06229709905646757 
0.0622960646577611 
0.06229503067204941 
0.06229399709909752 
0.06229296393867136 
0.06229193119053596 
0.06229089885445768 
0.06228986693020234 
0.062288835417536534 
0.06228780431622596 
0.0622867736260375 
0.06228574334673787 
0.06228471347809361 
0.06228368401987183 
0.062282654971839546 
0.06228162633376454 
0.062280598105413705 
0.062279570286554814 
0.06227854287695562 
0.06227751587638414 
0.062276489284608494 
0.062275463101396866 
0.06227443732651741 
0.06227341195973884 
0.06227238700082998 
0.062271362449559414 
0.0622703383056969 
0.062269314569010664 
0.062268291239270517 
0.062267268316245974 
0.06226624579970636 
0.06226522368942176 
0.06226420198516202 
0.06226318068669739 
0.06226215979379822 
0.062261139306234524 
0.06226011922377715 
0.06225909954619704 
0.06225808027326435 
0.062257061404750666 
0.06225604294042754 
0.06225502488006571 
0.06225400722343638 
0.06225298997031222 
0.06225197312046452 
0.06225095667366466 
0.062249940629685925 
0.06224892498829963 
0.062247909749278706 
0.062246894912395434 
0.062245880477422535 
0.06224486644413297 
0.06224385281229995 
0.06224283958169622 
0.062241826752095886 
0.062240814323271255 
0.062239802294997267 
0.06223879066704685 
0.06223777943919419 
0.062236768611212995 
0.0622357581828781 
0.06223474815396378 
0.062233738524244235 
0.0622327292934945 
0.062231720461489386 
0.06223071202800355 
0.06222970399281252 
0.06222869635569124 
0.06222768911641546 
0.062226682274760504 
0.062225675830502175 
0.06222466978341672 
0.06222366413327965 
0.06222265887986749 
0.062221654022956305 
0.06222064956232275 
0.06221964549774361 
0.06221864182899525 
0.06221763855585478 
0.06221663567809964 
0.062215633195506485 
0.06221463110785278 
0.06221362941491647 
0.062212628116474496 
0.062211627212305574 
0.062210626702186855 
0.06220962658589686 
0.06220862686321377 
