0.5959844669896345 
0.43630164373767244 
0.4159096079460789 
0.3911218201610569 
0.3659019700642684 
0.3421153103865986 
0.31949917363519775 
0.3021508268193111 
0.2894912125569337 
0.2794680069026922 
0.2714512207821465 
0.2649721942619828 
0.2596758550801835 
0.2552938320279556 
0.2516172947584729 
0.24847025382339413 
0.24566705314041762 
0.24294098720351182 
0.2400541521399115 
0.23716131472581733 
0.23449157664995626 
0.23212226877608594 
0.23005506520093738 
0.22824079882186035 
0.22661047752814056 
0.2251053840752286 
0.22368661939138623 
0.22233179362757463 
0.22102936133040552 
0.21977501300084865 
0.21856957770800522 
0.217416629600105 
0.21631994290537976 
0.21528193539502968 
0.21430327493591664 
0.2133830832584755 
0.21251927941252258 
0.21170889075569926 
0.2109483100449061 
0.2102335210246471 
0.2095603101060239 
0.20892446189861372 
0.20832192226513865 
0.2077489126735726 
0.20720199012857402 
0.20667805897647745 
0.20617434809607296 
0.20568836819335223 
0.205217861158276 
0.20476074936677385 
0.2043150891877955 
0.20387903044772615 
0.20345078217017135 
0.2030285842389958 
0.20261068441612015 
0.20219532016367991 
0.20178070484524324 
0.2013650180468295 
0.2009463999329437 
0.2005229497178808 
0.20009272847524762 
0.1996537666161886 
0.19920407642512064 
0.19874167003535093 
0.19826458314014023 
0.19777090455407126 
0.1972588114569037 
0.1967266097684672 
0.1961727786330838 
0.19559601746625258 
0.19499529348401506 
0.19436988716202053 
0.19371943273400105 
0.1930439507171834 
0.19234386961321098 
0.19162003441983544 
0.190873700403037 
0.1901065116730809 
0.18932046537723146 
0.18851786361055065 
0.1877012562597518 
0.1868733787264194 
0.18603708864771942 
0.1851953052529678 
0.18435095391424047 
0.18350691699538396 
0.18266599065317135 
0.18183084622075876 
0.1810039945202714 
0.18018775196842757 
0.17938420841905026 
0.1785951978880668 
0.17782227417423055 
0.17706669363467792 
0.17632940696405056 
0.17561106094086784 
0.17491201003085835 
0.1742323367456562 
0.17357187892937267 
0.17293026175694537 
0.1723069321573061 
0.17170119354852476 
0.1711122391052937 
0.17053918219937747 
0.16998108311307297 
0.16943697159371549 
0.1689058652668474 
0.1683867843202168 
0.16787876316153028 
0.16738085988871504 
0.1668921643598401 
0.16641180541866266 
0.16593895748144866 
0.16547284632434228 
0.16501275364299337 
0.1645580198718016 
0.16410804487001932 
0.16366228635681312 
0.16322025631004825 
0.16278151582905523 
0.1623456691245277 
0.16191235731309708 
0.16148125258119692 
0.16105205309306656 
0.16062447880825162 
0.1601982681908621 
0.15977317566240315 
0.15934896957866154 
0.15892543049108532 
0.158502349469006 
0.158079526294259 
0.15765676737939355 
0.1572338832934224 
0.1568106857967211 
0.15638698428356704 
0.1559625815024402 
0.1555372683661997 
0.15511081757081302 
0.1546829756036931 
0.15425345252741424 
0.15382190865231685 
0.15338793683718022 
0.15295103865483553 
0.1525105920178016 
0.15206580712096368 
0.15161566691356443 
0.15115884828740125 
0.15069362197251576 
0.15021773517175732 
0.14972829524143083 
0.1492217000139247 
0.14869370160095913 
0.14813973134437694 
0.14755560952670346 
0.14693864597453732 
0.14628888101005352 
0.14560994693889845 
0.14490901841587378 
0.14419571325305552 
0.14348036298074177 
0.14277234938868832 
0.14207902804316347 
0.14140536499830317 
0.14075411238779903 
0.14012625738392157 
0.13952153181777552 
0.13893886376440717 
0.1383767280673022 
0.13783339586187324 
0.13730710086121875 
0.13679614355555136 
0.1362989517120705 
0.13581411115666375 
0.13534037675642155 
0.13487667042131754 
0.1344220708131692 
0.13397579808518015 
0.13353719613535686 
0.13310571433437182 
0.13268089032870511 
0.13226233522269676 
0.1318497221520751 
0.13144277894679482 
0.1310412852148842 
0.13064507371055825 
0.1302540351927732 
0.12986812503873268 
0.12948736863615226 
0.12911186127079893 
0.12874175749543584 
0.1283772458265468 
0.12801850793027428 
0.12766566694207887 
0.12731873501510266 
0.1269775722113135 
0.12664186532845434 
0.1263111276545959 
0.12598471335726927 
0.1256618372180428 
0.12534159258879393 
0.12502296600258397 
0.12470485370837021 
0.12438609231205262 
0.12406552109810286 
0.1237420921575195 
0.12341502532964375 
0.12308396091417374 
0.12274901703821005 
0.12241067509696274 
0.12206952829440672 
0.12172603390063158 
0.12138037810989558 
0.12103245219701984 
0.12068189984283469 
0.1203282167657967 
0.11997087956771917 
0.11960946494871397 
0.1192437344147851 
0.1188736863058654 
0.11849958658778377 
0.11812198177347075 
0.11774168679294052 
0.11735973829093141 
0.11697731111668701 
0.1165956080370014 
0.11621574300521366 
0.11583864088128593 
0.11546496983258536 
0.11509511040204301 
0.11472915356438801 
0.11436691352457466 
0.11400794024970924 
0.11365151963507254 
0.11329665331933968 
0.11294201470624099 
0.11258588479504217 
0.11222608707592517 
0.1118599765041907 
0.1114846071247735 
0.11109729594536488 
0.11069680188870666 
0.11028494632168485 
0.10986755023902804 
0.1094530668516094 
0.10904906770195573 
0.10865941947113164 
0.10828429178685466 
0.10792196836075896 
0.10757045681153843 
0.10722817829870124 
0.10689403633773659 
0.1065672785269783 
0.10624735723773411 
0.10593383986990726 
0.10562636079799098 
0.1053245978482134 
0.10502826097937007 
0.10473708643738808 
0.10445083320998858 
0.10416928044001826 
0.10389222528622775 
0.1036194810554781 
0.10335087554813153 
0.10308624959201561 
0.10282545574663798 
0.10256835715944346 
0.10231482655594842 
0.10206474534666668 
0.10181800283544117 
0.10157449551571303 
0.10133412644309063 
0.10109680467424158 
0.10086244476356951 
0.1006309663103538 
0.1004022935500981 
0.10017635498471154 
0.09995308304691394 
0.09973241379490327 
0.09951428663387173 
0.09929864406143628 
0.09908543143443717 
0.09887459675491603 
0.09866609047336494 
0.0984598653075869 
0.09825587607572991 
0.09805407954222253 
0.09785443427550342 
0.09765690051655547 
0.0974614400573829 
0.09726801612864262 
0.09707659329574267 
0.09688713736277198 
0.09669961528369572 
0.09651399508029274 
0.09633024576636713 
0.09614833727778878 
0.0959682404079613 
0.09578992674834312 
0.09561336863367122 
0.095438539091565 
0.09526541179619591 
0.09509396102575314 
0.09492416162341953 
0.09475598896162041 
0.09458941890930167 
0.09442442780201485 
0.0942609924146039 
0.09409908993629773 
0.09393869794801873 
0.09377979440174543 
0.09362235760175795 
0.09346636618762064 
0.09331179911876315 
0.09315863566052059 
0.09300685537152233 
0.0928564380923007 
0.09270736393502936 
0.09255961327428144 
0.0924131667387211 
0.09226800520364711 
0.09212410978430549 
0.0919814618299015 
0.09184004291824856 
0.0916998348509871 
0.09156081964932124 
0.09142297955022254 
0.09128629700305096 
0.09115075466655367 
0.09101633540619716 
0.09088302229180066 
0.09075079859543705 
0.09061964778957243 
0.09048955354540988 
0.09036049973142442 
0.09023247041205411 
0.0901054498465366 
0.08997942248786606 
0.08985437298185453 
0.0897302861662848 
0.08960714707013877 
0.08948494091288786 
0.0893636531038376 
0.08924326924151017 
0.08912377511306079 
0.0890051566937192 
0.088887400146243 
0.08877049182038506 
0.08865441825235926 
0.08853916616430671 
0.08842472246375326 
0.08831107424305404 
0.08819820877882371 
0.08808611353134452 
0.08797477614395163 
0.0878641844423937 
0.08775432643416173 
0.08764519030778617 
0.08753676443210083 
0.08742903735546974 
0.08732199780497309 
0.08721563468555485 
0.08710993707912372 
0.08700489424361178 
0.0869004956119829 
0.08679673079119317 
0.08669358956109777 
0.08659106187330616 
0.08648913784997837 
0.0863878077825629 
0.08628706213047545 
0.08618689151971064 
0.08608728674138866 
0.08598823875023308 
0.08588973866297413 
0.08579177775667847 
0.08569434746699878 
0.08559743938634225 
0.08550104526195156 
0.08540515699389893 
0.08530976663298534 
0.0852148663785433 
0.08512044857613792 
0.08502650571516583 
0.08493303042634025 
0.08484001547906726 
0.08474745377869937 
0.08465533836367169 
0.08456366240250798 
0.08447241919069526 
0.08438160214742567 
0.0842912048121921 
0.08420122084124586 
0.0841116440038969 
0.0840224681786644 
0.08393368734926693 
0.08384529560044762 
0.08375728711363041 
0.083669656162404 
0.08358239710782829 
0.08349550439355673 
0.08340897254077097 
0.08332279614292565 
0.08323696986029608 
0.0831514884143228 
0.08306634658175426 
0.0829815391885765 
0.08289706110373053 
0.08281290723260946 
0.08272907251033318 
0.08264555189479583 
0.08256234035948218 
0.08247943288604555 
0.08239682445665128 
0.08231451004607243 
0.08223248461354132 
0.0821507430943509 
0.08206928039120488 
0.0819880913653112 
0.08190717082722342 
0.08182651352742351 
0.08174611414665138 
0.0816659672859808 
0.08158606745664487 
0.08150640906962145 
0.08142698642498043 
0.0813477937010097 
0.08126882494313047 
0.08119007405262553 
0.08111153477519893 
0.08103320068940267 
0.08095506519496362 
0.0808771215010551 
0.08079936261456967 
0.08072178132845335 
0.08064437021018346 
0.08056712159046962 
0.08049002755229648 
0.0804130799204145 
0.08033627025143264 
0.0802595898246651 
0.08018302963391734 
0.08010658038041966 
0.08003023246713707 
0.07995397599471453 
0.07987780075934126 
0.07980169625284446 
0.07972565166534558 
0.07964965589084483 
0.07957369753611068 
0.07949776493327555 
0.0794218461565516 
0.07934592904348949 
0.07927000122120423 
0.07919405013798878 
0.07911806310072421 
0.07904202731847935 
0.07896592995266644 
0.0788897581740868 
0.07881349922716463 
0.07873714050163233 
0.07866066961186911 
0.07858407448406242 
0.07850734345129176 
0.07843046535657451 
0.07835342966383871 
0.07827622657668842 
0.07819884716471784 
0.07812128349697454 
0.07804352878199193 
0.07796557751358663 
0.07788742562132922 
0.07780907062429204 
0.07773051178629753 
0.07765175027051438 
0.0775727892908322 
0.07749363425705284 
0.07741429291058861 
0.07733477544706255 
0.0772550946220336 
0.0771752658360147 
0.07709530719506086 
0.07701523954348398 
0.07693508646569616 
0.07685487425481417 
0.07677463184639406 
0.07669439071656357 
0.07661418474472347 
0.07653405004196301 
0.0764540247472389 
0.07637414879420777 
0.07629446365231363 
0.07621501204630302 
0.07613583765872341 
0.07605698482018869 
0.07597849819224908 
0.07590042244760632 
0.07582280195219354 
0.07574568045333649 
0.07566910077783821 
0.07559310454341009 
0.07551773188647787 
0.07544302120896251 
0.07536900894626522 
0.0752957293583128 
0.07522321434519061 
0.07515149328856256 
0.07508059291977762 
0.07501053721525254 
0.07494134731941021 
0.07487304149513942 
0.07480563510140618 
0.07473914059731943 
0.07467356757160638 
0.07460892279613555 
0.07454521030180299 
0.07448243147482726 
0.07442058517125429 
0.07435966784728341 
0.07429967370290264 
0.07424059483624089 
0.07418242140604574 
0.07412514179973621 
0.07406874280459055 
0.07401320977977498 
0.07395852682710702 
0.07390467695866113 
0.0738516422595616 
0.07379940404454159 
0.07374794300711254 
0.07369723936039209 
0.07364727296891319 
0.07359802347090565 
0.07354947039077081 
0.07350159324161983 
0.07345437161791459 
0.07340778527837495 
0.07336181421942375 
0.07331643873953607 
0.07327163949492811 
0.07322739754707015 
0.07318369440255564 
0.07314051204586848 
0.07309783296561997 
0.07305564017480715 
0.07301391722566124 
0.0729726482196178 
0.07293181781293816 
0.07289141121847484 
0.07285141420405611 
0.07281181308792543 
0.07277259473165047 
0.07273374653087547 
0.0726952564042681 
0.07265711278096666 
0.07261930458682617 
0.07258182122970633 
0.07254465258403653 
0.07250778897485756 
0.07247122116151956 
0.07243494032118916 
0.07239893803230259 
0.07236320625808013 
0.07232773733019812 
0.07229252393270612 
0.07225755908625385 
0.0722228361326828 
0.07218834872003804 
0.07215409078802136 
0.07212005655392552 
0.07208624049905858 
0.07205263735568145 
0.07201924209445575 
0.071986049912413 
0.07195305622143745 
0.0719202566372623 
0.07188764696896692 
0.07185522320896952 
0.07182298152349703 
0.07179091824352833 
0.0717590298561851 
0.07172731299656103 
0.07169576443997466 
0.07166438109462299 
0.07163315999462637 
0.07160209829344195 
0.07157119325763342 
0.07154044226097694 
0.07150984277889127 
0.07147939238317222 
0.0714490887370186 
0.0714189295903351 
0.07138891277529438 
0.07135903620214981 
0.07132929785528117 
0.07129969578946263 
0.07127022812633954 
0.07124089305110497 
0.07121168880936096 
0.07118261370415888 
0.07115366609320337 
0.07112484438621408 
0.07109614704243736 
0.07106757256829252 
0.07103911951515468 
0.07101078647725567 
0.07098257208970647 
0.0709544750266248 
0.07092649399936765 
0.07089862775485974 
0.0708708750740147 
0.07084323477023954 
0.07081570568802127 
0.07078828670158925 
0.07076097671364834 
0.07073377465417807 
0.07070667947929678 
0.07067969017018334 
0.07065280573205646 
0.0706260251932021 
0.07059934760405595 
0.07057277203632698 
0.07054629758216786 
0.07051992335338438 
0.07049364848068428 
0.07046747211296156 
0.07044139341661614 
0.07041541157490346 
0.07038952578731729 
0.07036373526899783 
0.07033803925016872 
0.0703124369755982 
0.07028692770408564 
0.07026151070796885 
0.07023618527265352 
0.07021095069616273 
0.07018580628870602 
0.07016075137226557 
0.07013578528020034 
0.07011090735686565 
0.07008611695724852 
0.07006141344661976 
0.07003679620019594 
0.0700122646028181 
0.0699878180486426 
0.06996345594084284 
0.06993917769132413 
0.06991498272044971 
0.06989087045677646 
0.06986684033680234 
0.0698428918047231 
0.06981902431219715 
0.06979523731812459 
0.06977153028842802 
0.06974790269584909 
0.06972435401974846 
0.06970088374591557 
0.06967749136638732 
0.06965417637927268 
0.06963093828858563 
0.06960777660408461 
0.06958469084111976 
0.06956168052048597 
0.0695387451682827 
0.06951588431578044 
0.06949309749929283 
0.06947038426005528 
0.06944774414410784 
0.06942517670218525 
0.0694026814896116 
0.06938025806619948 
0.06935790599615548 
0.0693356248479879 
0.0693134141944227 
0.06929127361232036 
0.06926920268259756 
0.06924720099015569 
0.06922526812380925 
0.06920340367621905 
0.06918160724383152 
0.0691598784268162 
0.0691382168290122 
0.06911662205787167 
0.06909509372441176 
0.069073631443163 
0.06905223483212627 
0.06903090351272718 
0.06900963710977569 
0.06898843525142599 
0.06896729756913819 
0.06894622369764314 
0.06892521327490786 
0.0689042659421009 
0.06888338134356269 
0.06886255912677307 
0.06884179894232284 
0.06882110044388427 
0.06880046328818443 
0.068779887134977 
0.06875937164701697 
0.06873891649003525 
0.06871852133271195 
0.06869818584665321 
0.06867790970636631 
0.06865769258923614 
0.06863753417550075 
0.06861743414822881 
0.06859739219329618 
0.06857740799936142 
0.06855748125784546 
0.06853761166290545 
0.06851779891141434 
0.06849804270293663 
0.06847834273970584 
0.06845869872660054 
0.06843911037112303 
0.06841957738337488 
0.068400099476034 
0.0683806763643312 
0.0683613077660276 
0.06834199340138955 
0.06832273299316635 
0.06830352626656643 
0.06828437294923213 
0.06826527277121822 
0.06824622546496595 
0.06822723076527941 
0.0682082884093014 
0.0681893981364904 
0.06817055968859409 
0.06815177280962677 
0.06813303724584473 
0.06811435274572089 
0.06809571905992216 
0.06807713594128277 
0.06805860314478294 
0.06804012042752071 
0.06802168754869149 
0.06800330426956089 
0.06798497035344232 
0.06796668556567192 
0.06794844967358513 
0.06793026244649154 
0.06791212365565355 
0.06789403307425992 
0.06787599047740399 
0.06785799564205941 
0.06784004834705706 
0.06782214837306219 
0.0678042955025515 
0.06778648951978997 
0.06776873021080883 
0.06775101736338247 
0.06773335076700701 
0.06771573021287797 
0.0676981554938687 
0.06768062640450882 
0.06766314274096308 
0.06764570430101004 
0.06762831088402074 
0.0676109622909405 
0.06759365832426546 
0.06757639878802381 
0.06755918348775755 
0.06754201223050108 
0.0675248848247616 
0.06750780108050157 
0.06749076080911903 
0.06747376382342984 
0.0674568099376485 
0.06743989896737057 
0.06742303072955554 
0.06740620504250797 
0.06738942172586226 
0.06737268060056414 
0.06735598148885456 
0.06733932421425333 
0.06732270860154312 
0.06730613447675379 
0.06728960166714561 
0.06727311000119543 
0.06725665930858025 
0.06724024942016418 
0.06722388016798068 
0.06720755138522239 
0.06719126290622307 
0.06717501456644621 
0.06715880620247028 
0.06714263765197594 
0.06712650875373238 
0.06711041934758477 
0.06709436927444064 
0.0670783583762586 
0.06706238649603573 
0.06704645347779452 
0.06703055916657234 
0.06701470340840882 
0.06699888605033498 
0.06698310694036186 
0.0669673659274689 
0.06695166286159415 
0.06693599759362269 
0.06692036997537619 
0.06690477985960343 
0.06688922709996921 
0.06687371155104485 
0.06685823306829873 
0.06684279150808592 
0.06682738672763956 
0.06681201858506072 
0.06679668693931015 
0.06678139165019874 
0.06676613257837932 
0.06675090958533701 
0.06673572253338166 
0.06672057128563927 
0.06670545570604366 
0.06669037565932825 
0.06667533101101789 
0.06666032162742236 
0.0666453473756271 
0.06663040812348602 
0.0666155037396155 
0.06660063409338444 
0.06658579905491034 
0.0665709984950487 
0.0665562322853891 
0.06654150029824649 
0.06652680240665564 
0.0665121384843631 
0.06649750840582173 
0.0664829120461852 
0.06646834928129873 
0.06645381998769591 
0.06643932404259081 
0.06642486132387292 
0.06641043171009985 
0.06639603508049309 
0.06638167131493189 
0.06636734029394584 
0.06635304189871215 
0.06633877601104743 
0.06632454251340453 
0.06631034128886512 
0.06629617222113598 
0.06628203519454287 
0.06626793009402644 
0.06625385680513553 
0.06623981521402365 
0.06622580520744364 
0.06621182667274239 
0.06619787949785642 
0.06618396357130733 
0.06617007878219656 
0.06615622502020187 
0.06614240217557117 
0.06612861013911983 
0.06611484880222497 
0.06610111805682133 
0.06608741779539777 
0.06607374791099176 
0.06606010829718639 
0.06604649884810536 
0.06603291945840936 
0.06601937002329206 
0.06600585043847557 
0.06599236060020704 
0.06597890040525471 
0.065965469750904 
0.06595206853495342 
0.065938696655711 
0.06592535401199091 
0.06591204050310943 
0.06589875602888158 
0.06588550048961683 
0.06587227378611658 
0.06585907581967029 
0.06584590649205109 
0.06583276570551426 
0.06581965336279198 
0.0658065693670909 
0.06579351362208871 
0.06578048603193089 
0.06576748650122735 
0.06575451493504943 
0.06574157123892613 
0.06572865531884241 
0.06571576708123363 
0.06570290643298504 
0.06569007328142741 
0.06567726753433423 
0.06566448909991861 
0.06565173788683054 
0.0656390138041539 
0.0656263167614038 
0.06561364666852322 
0.06560100343588074 
0.06558838697426725 
0.0655757971948933 
0.0655632340093863 
0.0655506973297888 
0.06553818706855448 
0.06552570313854533 
0.06551324545302992 
0.06550081392568122 
0.06548840847057244 
0.06547602900217567 
0.06546367543535855 
0.06545134768538266 
0.06543904566790006 
0.06542676929895165 
0.06541451849496464 
0.06540229317274854 
0.06539009324949535 
0.06537791864277519 
0.06536576927053525 
0.06535364505109564 
0.06534154590314936 
0.06532947174575862 
0.06531742249835235 
0.06530539808072448 
0.06529339841303265 
0.06528142341579349 
0.06526947300988287 
0.06525754711653203 
0.06524564565732717 
0.06523376855420511 
0.06522191572945325 
0.06521008710570554 
0.06519828260594228 
0.06518650215348704 
0.0651747456720039 
0.06516301308549698 
0.06515130431830779 
0.06513961929511222 
0.06512795794092006 
0.06511632018107213 
0.06510470594123945 
0.06509311514741895 
0.06508154772593383 
0.06507000360343095 
0.06505848270687879 
0.06504698496356531 
0.06503551030109646 
0.06502405864739441 
0.06501262993069552 
0.06500122407954864 
0.06498984102281301 
0.06497848068965699 
0.06496714300955556 
0.06495582791228949 
0.06494453532794267 
0.06493326518690086 
0.06492201741985024 
0.06491079195777481 
0.06489958873195567 
0.06488840767396843 
0.06487724871568251 
0.06486611178925883 
0.06485499682714803 
0.06484390376208929 
0.06483283252710907 
0.06482178305551775 
0.06481075528091054 
0.06479974913716369 
0.06478876455843449 
0.06477780147915863 
0.06476685983404896 
0.0647559395580944 
0.06474504058655797 
0.06473416285497567 
0.06472330629915364 
0.06471247085516942 
0.06470165645936686 
0.06469086304835783 
0.06468009055901894 
0.06466933892849093 
0.06465860809417649 
0.06464789799373961 
0.06463720856510358 
0.06462653974644972 
0.0646158914762162 
0.06460526369309691 
0.06459465633603892 
0.06458406934424227 
0.06457350265715799 
0.06456295621448706 
0.06455242995617883 
0.0645419238224303 
0.06453143775368383 
0.06452097169062619 
0.06451052557418738 
0.06450009934553994 
0.0644896929460964 
0.06447930631750873 
0.06446893940166706 
0.06445859214069846 
0.06444826447696499 
0.06443795635306379 
0.06442766771182445 
0.06441739849630879 
0.06440714864980884 
0.06439691811584648 
0.06438670683817134 
0.06437651476076048 
0.06436634182781648 
0.06435618798376667 
0.06434605317326123 
0.06433593734117381 
0.06432584043259813 
0.06431576239284852 
0.06430570316745769 
0.06429566270217629 
0.06428564094297161 
0.0642756378360262 
0.06426565332773689 
0.06425568736471365 
0.06424573989377935 
0.06423581086196696 
0.06422590021651935 
0.06421600790488938 
0.0642061338747365 
0.06419627807392728 
0.06418644045053415 
0.06417662095283418 
0.06416681952930749 
0.06415703612863762 
0.06414727069970876 
0.06413752319160572 
0.0641277935536138 
0.06411808173521476 
0.06410838768608998 
0.06409871135611585 
0.06408905269536441 
0.06407941165410279 
0.06406978818279113 
0.06406018223208168 
0.06405059375281942 
0.06404102269603885 
0.06403146901296411 
0.06402193265500869 
0.06401241357377346 
0.06400291172104582 
0.06399342704879918 
0.06398395950919225 
0.06397450905456742 
0.06396507563744987 
0.0639556592105476 
0.06394625972674929 
0.06393687713912438 
0.06392751140092158 
0.06391816246556833 
0.0639088302866697 
0.06389951481800768 
0.06389021601353971 
0.06388093382739944 
0.06387166821389342 
0.06386241912750233 
0.06385318652287938 
0.06384397035484954 
0.06383477057840735 
0.06382558714871922 
0.06381642002111976 
0.06380726915111182 
0.06379813449436593 
0.06378901600671945 
0.0637799136441752 
0.06377082736290182 
0.06376175711923167 
0.0637527028696603 
0.06374366457084678 
0.06373464217961125 
0.06372563565293553 
0.06371664494796178 
0.06370767002199082 
0.06369871083248381 
0.06368976733705858 
0.0636808394934911 
0.06367192725971275 
0.06366303059381198 
0.06365414945403179 
0.06364528379876865 
0.06363643358657368 
0.06362759877615012 
0.06361877932635347 
0.06360997519619077 
0.06360118634481908 
0.06359241273154609 
0.0635836543158281 
0.0635749110572704 
0.06356618291562526 
0.06355746985079279 
0.063548771822819 
0.06354008879189597 
0.06353142071836075 
0.06352276756269387 
0.06351412928552048 
0.06350550584760849 
0.06349689720986768 
0.0634883033333494 
0.06347972417924663 
0.06347115970889196 
0.06346260988375788 
0.06345407466545551 
0.0634455540157348 
0.06343704789648286 
0.06342855626972414 
0.06342007909761987 
0.06341161634246567 
0.06340316796669447 
0.06339473393287066 
0.06338631420369543 
0.06337790874200146 
0.06336951751075497 
0.06336114047305326 
0.06335277759212612 
0.06334442883133318 
0.06333609415416429 
0.06332777352424009 
0.06331946690530872 
0.06331117426124755 
0.0633028955560614 
0.06329463075388239 
0.06328637981896927 
0.06327814271570703 
0.06326991940860595 
0.06326170986230105 
0.06325351404155186 
0.06324533191124203 
0.0632371634363775 
0.06322900858208774 
0.06322086731362374 
0.06321273959635818 
0.06320462539578464 
0.06319652467751742 
0.06318843740729035 
0.06318036355095685 
0.06317230307448832 
0.06316425594397536 
0.0631562221256264 
0.06314820158576595 
0.06314019429083635 
0.0631322002073953 
0.06312421930211659 
0.06311625154178876 
0.06310829689331485 
0.06310035532371217 
0.06309242680011184 
0.0630845112897578 
0.06307660876000579 
0.06306871917832471 
0.06306084251229471 
0.0630529787296062 
0.06304512779806098 
0.06303728968557071 
0.06302946436015638 
0.06302165178994845 
0.06301385194318546 
0.06300606478821397 
0.06299829029348905 
0.06299052842757225 
0.0629827791591317 
0.06297504245694206 
0.06296731828988354 
0.06295960662694165 
0.06295190743720722 
0.06294422068987454 
0.0629365463542423 
0.06292888439971227 
0.06292123479579013 
0.06291359751208285 
0.0629059725183003 
0.06289835978425395 
0.062890759279856 
0.06288317097512 
0.0628755948401591 
0.06286803084518709 
0.06286047896051672 
0.0628529391565598 
0.0628454114038271 
0.06283789567292687 
0.06283039193456542 
0.06282290015954692 
0.06281542031877187 
0.06280795238323703 
0.0628004963240357 
0.06279305211235675 
0.06278561971948372 
0.06277819911679577 
0.0627707902757659 
0.06276339316796202 
0.06275600776504416 
0.06274863403876668 
0.06274127196097662 
0.06273392150361294 
0.06272658263870731 
0.06271925533838252 
0.0627119395748528 
0.06270463532042324 
0.06269734254748935 
0.0626900612285364 
0.0626827913361402 
0.06267553284296491 
0.06266828572176426 
0.06266104994538071 
0.06265382548674411 
0.06264661231887302 
0.06263941041487271 
0.06263221974793584 
0.0626250402913421 
0.06261787201845753 
0.06261071490273315 
0.06260356891770703 
0.06259643403700148 
0.06258931023432412 
0.06258219748346724 
0.06257509575830733 
0.0625680050328046 
0.06256092528100238 
0.06255385647702853 
0.06254679859509199 
0.06253975160948523 
0.06253271549458272 
0.06252569022484052 
0.06251867577479639 
0.06251167211906879 
0.06250467923235777 
0.062497697089442784 
0.06249072566518453 
0.06248376493452239 
0.06247681487247598 
0.06246987545414342 
0.06246294665470312 
0.06245602844940984 
0.062449120813598 
0.06244222372267944 
0.062435337152143694 
0.062428461077557104 
0.0624215954745632 
0.06241474031888241 
0.062407895586311074 
0.06240106125272104 
0.062394237294060906 
0.06238742368635387 
0.06238062040569825 
0.062373827428267456 
0.06236704473030892 
0.06236027228814461 
0.06235351007816995 
0.06234675807685434 
0.062340016260739914 
0.06233328460644235 
0.062326563090649344 
0.06231985169012202 
0.06231315038169215 
0.062306459142264556 
0.0622997779488147 
0.06229310677838989 
0.06228644560810812 
0.062279794415157956 
0.06227315317679817 
0.06226652187035845 
0.06225990047323745 
0.062253288962903774 
0.062246687316894755 
0.06224009551281778 
0.062233513528347946 
0.06222694134122956 
0.062220378929274046 
0.062213826270362205 
0.062207283342440994 
0.06220075012352574 
0.06219422659169888 
0.062187712725109104 
0.06218120850197212 
0.06217471390056987 
0.06216822889925024 
0.06216175347642694 
0.062155287610579486 
0.06214883128025265 
0.062142384464055477 
0.06213594714066316 
0.06212951928881446 
0.062123100887312585 
0.062116691915024856 
0.062110292350882765 
0.06210390217388045 
0.06209752136307615 
0.06209114989759044 
0.06208478775660823 
0.0620784349193745 
0.06207209136519931 
0.06206575707345256 
0.06205943202356704 
0.06205311619503712 
0.062046809567418565 
0.06204051212032799 
0.06203422383344315 
0.062027944686502086 
0.06202167465930399 
0.06201541373170757 
0.062009161883631994 
0.062002919095055786 
0.061996685346017384 
0.061990460616613986 
0.06198424488700289 
0.06197803813739904 
0.061971840348076464 
0.06196565149936783 
0.061959471571663954 
0.061953300545413176 
0.0619471384011223 
0.06194098511935462 
0.061934840680731996 
0.061928705065932475 
0.061922578255691064 
0.06191646023080009 
0.061910350972107356 
0.06190425046051794 
0.061898158676991985 
0.06189207560254614 
0.06188600121825227 
0.06187993550523811 
0.06187387844468633 
0.06186783001783429 
0.061861790205974425 
0.06185575899045371 
0.0618497363526738 
0.06184372227409002 
0.06183771673621243 
0.06183171972060376 
0.0618257312088813 
0.061819751182715404 
0.061813779623829224 
0.06180781651399973 
0.06180186183505585 
0.06179591556887955 
0.06178997769740521 
0.06178404820261962 
0.061778127066560794 
0.0617722142713193 
0.06176630979903748 
0.06176041363190838 
0.06175452575217727 
0.061748646142139506 
0.06174277478414191 
0.061736911660582275 
0.06173105675390805 
0.06172521004661791 
0.0617193715212603 
0.06171354116043342 
0.06170771894678565 
0.06170190486301488 
0.061696098891868334 
0.06169030101614247 
0.0616845112186832 
0.06167872948238499 
0.06167295579019078 
0.06166719012509269 
0.06166143247013052 
0.06165568280839306 
0.061649941123016416 
0.06164420739718491 
0.061638481614130713 
0.06163276375713309 
0.06162705380951881 
0.061621351754661685 
0.06161565757598303 
0.06160997125695041 
0.061604292781078464 
0.06159862213192795 
0.06159295929310662 
0.061587304248267416 
0.06158165698111009 
0.061576017475380336 
0.06157038571486868 
0.06156476168341218 
0.0615591453648923 
0.06155353674323623 
0.061547935802416597 
0.06154234252644995 
0.061536756899398075 
0.061531178905367606 
0.061525608528509176 
0.06152004575301758 
0.06151449056313228 
0.06150894294313618 
0.06150340287735607 
0.061497870350162416 
0.06149234534596911 
0.06148682784923357 
0.06148131784445635 
0.06147581531618077 
0.06147032024899329 
0.06146483262752279 
0.06145935243644116 
0.06145387966046251 
0.06144841428434326 
0.06144295629288189 
0.061437505670919004 
0.06143206240333688 
0.06142662647505971 
0.061421197871053074 
0.06141577657632403 
0.06141036257592069 
0.06140495585493274 
0.06139955639849069 
0.061394164191765466 
0.06138877921996964 
0.061383401468354984 
0.06137803092221517 
0.06137266756688291 
0.06136731138773185 
0.06136196237017553 
0.061356620499667204 
0.061351285761699736 
0.06134595814180581 
0.06134063762555763 
0.061335324198566375 
0.06133001784648297 
0.06132471855499682 
0.06131942630983649 
0.06131414109676953 
0.06130886290160237 
0.06130359171017894 
0.06129832750838261 
0.061293070282134515 
0.061287820017394364 
0.06128257670015939 
0.061277340316464736 
0.06127211085238375 
0.06126688829402729 
0.06126167262754325 
0.06125646383911704 
0.06125126191497212 
0.061246066841368095 
0.06124087860460184 
0.06123569719100713 
0.06123052258695502 
0.06122535477885222 
0.06122019375314281 
0.06121503949630667 
0.061209891994860426 
0.061204751235356236 
0.06119961720438296 
0.06119448988856467 
0.06118936927456192 
0.06118425534907046 
0.06117914809882174 
0.06117404751058266 
0.06116895357115478 
0.061163866267376216 
0.06115878558611909 
0.061153711514290575 
0.06114864403883306 
0.06114358314672313 
0.06113852882497256 
0.06113348106062756 
0.0611284398407682 
0.061123405152509074 
0.061118376982999274 
0.06111335531942139 
0.0611083401489925 
0.0611033314589628 
0.06109832923661687 
0.061093333469272454 
0.061088344144280986 
0.06108336124902724 
0.061078384770929466 
0.061073414697437996 
0.06106845101603772 
0.06106349371424559 
0.06105854277961178 
0.06105359819971863 
0.06104865996218202 
0.06104372805464894 
0.061038802464800236 
0.06103388318034818 
0.061028970189037544 
0.06102406347864506 
0.0610191630369795 
0.06101426885188153 
0.06100938091122387 
0.06100449920291018 
0.06099962371487626 
0.060994754435089275 
0.060989891351547997 
0.06098503445228173 
0.060980183725351675 
0.06097533915884971 
0.060970500740898895 
0.0609656684596528 
0.06096084230329622 
0.060956022260044436 
0.06095120831814299 
0.060946400465868196 
0.060941598691527064 
0.06093680298345581 
0.06093201333002193 
0.06092722971962249 
0.06092245214068465 
0.06091768058166549 
0.06091291503105151 
0.06090815547735944 
0.06090340190913516 
0.06089865431495433 
0.06089391268342216 
0.06088917700317267 
0.06088444726286893 
0.06087972345120462 
0.06087500555690082 
0.06087029356870822 
0.06086558747540606 
0.060860887265802806 
0.06085619292873543 
0.060851504453069104 
0.060846821827698204 
0.060842145041544594 
0.060837474083559086 
0.06083280894272067 
0.06082814960803611 
0.060823496068540456 
0.06081884831329693 
0.06081420633139622 
0.060809570111956805 
0.060804939644125054 
0.06080031491707465 
0.06079569592000727 
0.0607910826421515 
0.060786475072763746 
0.06078187320112706 
0.06077727701655201 
0.06077268650837667 
0.06076810166596496 
0.06076352247870897 
0.0607589489360269 
0.060754381027363684 
0.06074981874219124 
0.060745262070008105 
0.06074071100033837 
0.06073616552273397 
0.060731625626772305 
0.06072709130205714 
0.06072256253821818 
0.06071803932491155 
0.06071352165181963 
0.06070900950865002 
0.06070450288513643 
0.060700001771038625 
0.060695506156141804 
0.06069101603025655 
0.060686531383219465 
0.06068205220489209 
0.06067757848516163 
0.06067311021394042 
0.060668647381166035 
0.060664189976801376 
0.0606597379908343 
0.06065529141327691 
0.060650850234167594 
0.060646414443568414 
0.06064198403156677 
0.06063755898827395 
0.06063313930382719 
0.06062872496838655 
0.06062431597213797 
0.060619912305291276 
0.06061551395807999 
0.06061112092076276 
0.06060673318362168 
0.06060235073696316 
0.06059797357111762 
0.06059360167643964 
0.06058923504330695 
0.0605848736621219 
0.06058051752330993 
0.06057616661732003 
0.060571820934625244 
0.0605674804657218 
0.06056314520112915 
0.06055881513139074 
0.06055449024707235 
0.06055017053876401 
0.06054585599707757 
0.06054154661264932 
0.060537242376137265 
0.06053294327822338 
0.06052864930961197 
0.06052436046102996 
0.06052007672322751 
0.0605157980869769 
0.06051152454307288 
0.0605072560823333 
0.06050299269559829 
0.060498734373729664 
0.06049448110761257 
0.060490232888153424 
0.060485989706281405 
0.060481751552947556 
0.060477518419125166 
0.060473290295809064 
0.060469067174016226 
0.0604648490447856 
0.06046063589917754 
0.06045642772827416 
0.06045222452318017 
0.060448026275019814 
0.0604438329749409 
0.06043964461411115 
0.06043546118372099 
0.06043128267498115 
0.06042710907912345 
0.060422940387402244 
0.06041877659109131 
0.06041461768148689 
0.06041046364990499 
0.06040631448768369 
0.06040217018618123 
0.0603980307367764 
0.060393896130870026 
0.06038976635988207 
0.0603856414152539 
0.06038152128844736 
0.06037740597094466 
0.06037329545424865 
0.06036918972988213 
0.060365088789388725 
0.060360992624332116 
0.0603569012262962 
0.06035281458688449 
0.060348732697721647 
0.06034465555045107 
0.06034058313673731 
0.060336515448264204 
0.06033245247673501 
0.0603283942138732 
0.06032434065142283 
0.06032029178114611 
0.060316247594825366 
0.0603122080842627 
0.060308173241279905 
0.06030414305771745 
0.06030011752543624 
0.06029609663631534 
0.060292080382253574 
0.06028806875516919 
0.060284061746999296 
0.060280059349700064 
0.060276061555246944 
0.06027206835563407 
0.06026807974287483 
0.06026409570900098 
0.06026011624606368 
0.06025614134613189 
0.060252171001294666 
0.06024820520365849 
0.060244243945349045 
0.060240287218510255 
0.06023633501530474 
0.06023238732791345 
0.06022844414853571 
0.060224505469389004 
0.060220571282709585 
0.06021664158075101 
0.06021271635578597 
0.060208795600104566 
0.06020487930601537 
0.06020096746584469 
0.06019706007193706 
0.06019315711665441 
0.06018925859237701 
0.0601853644915028 
0.060181474806447414 
0.0601775895296439 
0.06017370865354326 
0.060169832170613995 
0.06016596007334251 
0.06016209235423183 
0.06015822900580312 
0.06015437002059468 
0.060150515391162146 
0.060146665110078795 
0.060142819169934233 
0.06013897756333612 
0.06013514028290888 
0.060131307321294035 
0.06012747867115042 
0.06012365432515342 
0.060119834275995404 
0.06011601851638608 
0.060112207039051326 
0.06010839983673442 
0.06010459690219481 
0.060100798228209414 
0.06009700380757097 
0.0600932136330892 
0.06008942769759033 
0.06008564599391726 
0.06008186851492896 
0.060078095253501135 
0.06007432620252544 
0.0600705613549107 
0.06006680070358101 
0.060063044241477 
0.0600592919615558 
0.06005554385679053 
0.060051799920169964 
0.06004806014469961 
0.060044324523400645 
0.06004059304930969 
0.06003686571548006 
0.060033142514980535 
0.06002942344089572 
0.06002570848632578 
0.06002199764438724 
0.06001829090821137 
0.06001458827094615 
0.06001088972575416 
0.06000719526581398 
0.0600035048843196 
0.05999981857448086 
0.059996136329522 
0.05999245814268387 
0.05998878400722161 
0.05998511391640613 
0.05998144786352379 
0.059977785841875304 
0.059974127844777396 
0.05997047386556169 
0.05996682389757439 
0.05996317793417729 
0.059959535968746855 
0.0599558979946748 
0.05995226400536738 
0.05994863399424534 
0.05994500795474568 
0.059941385880318464 
0.05993776776442936 
0.05993415360055871 
0.059930543382201135 
0.059926937102866444 
0.059923334756078146 
0.059919736335375264 
0.05991614183431045 
0.059912551246451604 
0.05990896456538003 
0.059905381784691854 
0.05990180289799828 
0.059898227898923455 
0.0598946567811067 
0.05989108953820115 
0.05988752616387403 
0.05988396665180704 
0.05988041099569561 
0.05987685918924954 
0.05987331122619224 
0.05986976710026139 
0.059866226805208395 
0.05986269033479855 
0.05985915768281109 
0.05985562884303908 
0.05985210380928945 
0.059848582575382475 
0.05984506513515244 
0.059841551482447186 
0.05983804161112834 
0.059834535515070585 
0.059831033188162804 
0.05982753462430662 
0.059824039817418115 
0.05982054876142622 
0.05981706145027282 
0.059813577877914026 
0.059810098038318896 
0.05980662192546963 
0.059803149533361334 
0.0597996808560033 
0.05979621588741741 
0.0597927546216386 
0.059789297052714775 
0.059785843174707386 
0.059782392981690906 
0.05977894646775207 
0.05977550362699116 
0.05977206445352143 
0.05976862894146867 
0.05976519708497172 
0.05976176887818227 
0.0597583443152647 
0.05975492339039617 
0.05975150609776634 
0.05974809243157784 
0.05974468238604581 
0.05974127595539803 
0.05973787313387466 
0.05973447391572842 
0.05973107829522517 
0.05972768626664218 
0.05972429782426992 
0.05972091296241088 
0.05971753167538032 
0.0597141539575053 
0.05971077980312561 
0.059707409206592565 
0.059704042162271154 
0.05970067866453688 
0.05969731870777844 
0.059693962286396514 
0.05969060939480368 
0.05968726002742495 
0.05968391417869628 
0.05968057184306711 
0.05967723301499799 
0.059673897688961614 
0.05967056585944237 
0.05966723752093677 
0.0596639126679531 
0.059660591295011306 
0.059657273396643194 
0.05965395896739216 
0.05965064800181382 
0.05964734049447498 
0.05964403643995403 
0.05964073583284129 
0.05963743866773854 
0.05963414493925888 
0.05963085464202765 
0.059627567770680664 
0.05962428431986595 
0.05962100428424242 
0.05961772765848096 
0.05961445443726327 
0.05961118461528279 
0.05960791818724419 
0.05960465514786323 
0.05960139549186687 
0.059598139213993755 
0.05959488630899293 
0.05959163677162543 
0.05958839059666283 
0.0595851477788881 
0.05958190831309495 
0.05957867219408862 
0.05957543941668476 
0.05957220997571035 
0.059568983866003476 
0.0595657610824127 
0.059562541619797904 
0.05955932547302925 
0.05955611263698858 
0.059552903106567516 
0.05954969687666935 
0.05954649394220786 
0.05954329429810677 
0.059540097939302074 
0.05953690486073846 
0.059533715057373 
0.05953052852417239 
0.05952734525611401 
0.05952416524818611 
0.05952098849538715 
0.059517814992726355 
0.059514644735222944 
0.05951147771790702 
0.059508313935818756 
0.059505153384009246 
0.05950199605753934 
0.0594988419514802 
0.05949569106091387 
0.05949254338093197 
0.05948939890663711 
0.059486257633141124 
0.059483119555567135 
0.059479984669047414 
0.0594768529687254 
0.059473724449753546 
0.059470599107295206 
0.059467476936523225 
0.05946435793262098 
0.05946124209078162 
0.05945812940620788 
0.059455019874113176 
0.05945191348972057 
0.05944881024826237 
0.059445710144981956 
0.05944261317513134 
0.059439519333973505 
0.05943642861678011 
0.05943334101883313 
0.05943025653542457 
0.05942717516185565 
0.059424096893437674 
0.05942102172549102 
0.059417949653346167 
0.059414880672343115 
0.05941181477783189 
0.059408751965170876 
0.059405692229729586 
0.05940263556688551 
0.05939958197202662 
0.05939653144055016 
0.05939348396786265 
0.059390439549379906 
0.05938739818052759 
0.05938435985674027 
0.05938132457346256 
0.059378292326146935 
0.05937526311025686 
0.059372236921263914 
0.059369213754649555 
0.05936619360590419 
0.05936317647052745 
0.05936016234402784 
0.059357151221923816 
0.05935414309974199 
0.059351137973019066 
0.05934813583729991 
0.05934513668813871 
0.05934214052109908 
0.05933914733175365 
0.05933615711568301 
0.05933316986847803 
0.05933018558573769 
0.05932720426307061 
0.059324225896093104 
0.059321250480431596 
0.05931827801172073 
0.05931530848560418 
0.05931234189773389 
0.05930937824377175 
0.059306417519386895 
0.059303459720258446 
0.05930050484207376 
0.059297552880528806 
0.05929460383132814 
0.0592916576901855 
0.05928871445282248 
0.05928577411496989 
0.059282836672366696 
0.059279902120760945 
0.0592769704559088 
0.05927404167357466 
0.05927111576953228 
0.05926819273956287 
0.059265272579457094 
0.059262355285013155 
0.05925944085203827 
0.05925652927634791 
0.059253620553765554 
0.05925071468012368 
0.05924781165126192 
0.05924491146302976 
0.059242014111284054 
0.05923911959188964 
0.05923622790072023 
0.05923333903365772 
0.05923045298659152 
0.059227569755419915 
0.059224689336049435 
0.05922181172439369 
0.059218936916375864 
0.059216064907926136 
0.059213195694982984 
0.05921032927349285 
0.05920746563941132 
0.05920460478869992 
0.05920174671733038 
0.059198891421280556 
0.05919603889653746 
0.05919318913909553 
0.05919034214495717 
0.0591874979101326 
0.059184656430640095 
0.059181817702505794 
0.059178981721763224 
0.05917614848445442 
0.05917331798662859 
0.059170490224343154 
0.05916766519366268 
0.05916484289066045 
0.059162023311416546 
0.059159206452019 
0.05915639230856378 
0.0591535808771543 
0.0591507721539017 
0.05914796613492459 
0.05914516281634887 
0.059142362194309066 
0.05913956426494612 
0.05913676902440928 
0.059133976468854856 
0.059131186594446945 
0.059128399397356764 
0.059125614873763686 
0.05912283301985361 
0.05912005383182045 
0.05911727730586555 
0.05911450343819762 
0.059111732225032416 
0.059108963662593175 
0.05910619774711097 
0.05910343447482335 
0.05910067384197597 
0.05909791584482101 
0.05909516047961859 
0.05909240774263558 
0.059089657630146286 
0.05908691013843263 
0.059084165263782504 
0.059081423002492466 
0.05907868335086528 
0.05907594630521132 
0.05907321186184752 
0.0590704800170986 
0.059067750767295646 
0.05906502410877769 
0.059062300037889946 
0.059059578550985335 
0.059056859644423136 
0.059054143314570456 
0.05905142955780044 
0.05904871837049408 
0.05904600974903857 
0.05904330368982852 
0.059040600189265546 
0.059037899243757484 
0.05903520084971982 
0.05903250500357418 
0.05902981170174995 
0.05902712094068276 
0.05902443271681476 
0.05902174702659537 
0.05901906386648066 
0.05901638323293369 
0.059013705122423904 
0.05901102953142751 
0.05900835645642771 
0.05900568589391418 
0.05900301784038296 
0.059000352292337875 
0.05899768924628833 
0.058995028698750264 
0.05899237064624717 
0.05898971508530814 
0.05898706201246992 
0.05898441142427456 
0.058981763317272076 
0.058979117688017633 
0.05897647453307373 
0.058973833849009324 
0.058971195632399775 
0.058968559879826646 
0.05896592658787828 
0.05896329575314955 
0.05896066737224135 
0.05895804144176119 
0.05895541795832273 
0.058952796918547185 
0.05895017831906038 
0.05894756215649523 
0.05894494842749161 
0.05894233712869514 
0.058939728256757494 
0.05893712180833725 
0.05893451778009838 
0.05893191616871218 
0.05892931697085529 
0.05892672018321156 
0.05892412580246973 
0.05892153382532605 
0.05891894424848197 
0.05891635706864553 
0.05891377228253126 
0.058911189886859006 
0.05890860987835527 
0.05890603225375292 
0.058903457009790154 
0.05890088414321186 
0.05889831365076897 
0.05889574552921817 
0.05889317977532206 
0.05889061638585 
0.058888055357576644 
0.058885496687282796 
0.05888294037175519 
0.05888038640778711 
0.058877834792177015 
0.05887528552172959 
0.05887273859325541 
0.05887019400357134 
0.058867651749499775 
0.05886511182786862 
0.05886257423551246 
0.05886003896927102 
0.05885750602599034 
0.05885497540252205 
0.058852447095723855 
0.05884992110245891 
0.05884739741959581 
0.05884487604401045 
0.05884235697258268 
0.058839840202199095 
0.05883732572975164 
0.05883481355213804 
0.05883230366626245 
0.05882979606903314 
0.05882729075736537 
0.05882478772817982 
0.05882228697840266 
0.05881978850496529 
0.058817292304805174 
0.0588147983748661 
0.05881230671209605 
0.058809817313449246 
0.058807330175885505 
0.05880484529637027 
0.05880236267187423 
0.0587998822993742 
0.05879740417585173 
0.0587949282982943 
0.058792454663695044 
0.05878998326905203 
0.058787514111369545 
0.05878504718765648 
0.05878258249492788 
0.058780120030203734 
0.05877765979050954 
0.05877520177287662 
0.058772745974341296 
0.05877029239194528 
0.058767841022735814 
0.05876539186376495 
0.05876294491209086 
0.05876050016477685 
0.058758057618890955 
0.05875561727150733 
0.05875317911970475 
0.058750743160567616 
0.05874830939118559 
0.05874587780865368 
0.058743448410071494 
0.05874102119254475 
0.05873859615318375 
0.058736173289104486 
0.05873375259742782 
0.05873133407527975 
0.05872891771979165 
0.05872650352809988 
0.05872409149734594 
0.058721681624676926 
0.058719273907244136 
0.05871686834220498 
0.058714464926721346 
0.058712063657960195 
0.05870966453309412 
0.058707267549299946 
0.05870487270376014 
0.058702479993662265 
0.05870008941619839 
0.058697700968566344 
0.058695314647968046 
0.05869293045161098 
0.05869054837670781 
0.058688168420475736 
0.05868579058013673 
0.05868341485291852 
0.05868104123605309 
0.058678669726777856 
0.05867630032233433 
0.05867393301996974 
0.05867156781693564 
0.05866920471048914 
0.05866684369789171 
0.05866448477640949 
0.058662127943314005 
0.058659773195881365 
0.05865742053139247 
0.058655069947133 
0.05865272144039327 
0.05865037500846938 
0.05864803064866078 
0.05864568835827244 
0.058643348134614116 
0.05864100997500022 
0.05863867387674991 
0.05863633983718713 
0.058634007853640216 
0.058631677923442725 
0.05862935004393238 
0.05862702421245178 
0.058624700426348604 
0.05862237868297471 
0.05862005897968681 
0.05861774131384602 
0.05861542568281839 
0.05861311208397446 
0.05861080051468944 
0.058608490972342754 
0.05860618345431924 
0.05860387795800757 
0.05860157448080133 
0.05859927302009833 
0.058596973573301514 
0.05859467613781793 
0.05859238071105906 
0.058590087290441156 
0.058587795873385126 
0.05858550645731588 
0.05858321903966351 
0.058580933617861694 
0.05857865018934922 
0.058576368751569394 
0.05857408930196955 
0.05857181183800161 
0.0585695363571221 
0.0585672628567919 
0.05856499133447588 
0.05856272178764413 
0.05856045421377042 
0.05855818861033317 
0.05855592497481505 
0.05855366330470343 
0.058551403597489546 
0.05854914585066908 
0.05854689006174234 
0.058544636228214174 
0.05854238434759286 
0.05854013441739169 
0.058537886435127626 
0.05853564039832293 
0.058533396304503056 
0.05853115415119819 
0.058528913935943276 
0.05852667565627653 
0.05852443930974069 
0.0585222048938835 
0.05851997240625593 
0.05851774184441361 
0.05851551320591627 
0.058513286488327904 
0.05851106168921667 
0.058508838806155 
0.05850661783671907 
0.05850439877848953 
0.0585021816290512 
0.0584999663859932 
0.05849775304690814 
0.05849554160939365 
0.0584933320710502 
0.058491124429483926 
0.058488918682303916 
0.058486714827123455 
0.058484512861560554 
0.05848231278323653 
0.058480114589776866 
0.05847791827881208 
0.05847572384797494 
0.058473531294904 
0.05847134061724077 
0.058469151812631036 
0.058466964878724624 
0.05846477981317557 
0.0584625966136412 
0.05846041527778357 
0.05845823580326847 
0.05845605818776547 
0.0584538824289482 
0.05845170852449427 
0.05844953647208519 
0.058447366269406165 
0.05844519791414663 
0.05844303140400008 
0.0584408667366636 
0.05843870390983786 
0.058436542921228116 
0.05843438376854287 
0.05843222644949492 
0.05843007096180084 
0.05842791730318071 
0.05842576547135898 
0.05842361546406337 
0.05842146727902599 
0.05841932091398229 
0.058417176366671784 
0.05841503363483766 
0.05841289271622691 
0.058410753608590445 
0.05840861630968271 
0.05840648081726227 
0.05840434712909103 
0.058402215242934985 
0.058400085156563544 
0.05839795686775009 
0.05839583037427171 
0.05839370567390907 
0.058391582764446816 
0.05838946164367281 
0.058387342309379114 
0.058385224759361275 
0.05838310899141831 
0.058380995003353225 
0.0583788827929729 
0.05837677235808676 
0.05837466369650959 
0.058372556806057976 
0.058370451684553404 
0.058368348329820706 
0.05836624673968792 
0.05836414691198732 
0.05836204884455411 
0.05835995253522766 
0.058357857981850614 
0.058355765182269294 
0.058353674134333615 
0.05835158483589666 
0.05834949728481577 
0.058347411478951255 
0.058345327416167395 
0.05834324509433127 
0.058341164511314554 
0.05833908566499159 
0.058337008553240144 
0.05833493317394258 
0.058332859524983544 
0.05833078760425194 
0.05832871740963913 
0.0583266489390413 
0.058324582190357424 
0.058322517161489965 
0.05832045385034446 
0.0583183922548306 
0.05831633237286135 
0.05831427420235211 
0.05831221774122361 
0.058310162987398086 
0.05830810993880229 
0.058306058593365954 
0.0583040089490224 
0.058301961003708345 
0.05829991475536365 
0.058297870201931404 
0.058295827341359116 
0.05829378617159602 
0.05829174669059584 
0.058289708896315635 
0.058287672786715046 
0.05828563835975799 
0.058283605613410824 
0.05828157454564398 
0.05827954515443041 
0.05827751743774682 
0.05827549139357345 
0.05827346701989371 
0.05827144431469347 
0.05826942327596305 
0.05826740390169547 
0.05826538618988669 
0.05826337013853682 
0.05826135574564824 
0.05825934300922713 
0.05825733192728297 
0.05825532249782801 
0.0582533147188781 
0.058251308588452226 
0.058249304104572075 
0.05824730126526376 
0.05824530006855519 
0.058243300512478405 
0.058241302595068226 
0.058239306314362714 
0.05823731166840283 
0.058235318655233445 
0.05823332727290175 
0.05823133751945873 
0.05822934939295761 
0.05822736289145624 
0.05822537801301389 
0.058223394755694 
0.05822141311756304 
0.05821943309669043 
0.05821745469114852 
0.058215477899013136 
0.05821350271836266 
0.05821152914727907 
0.058209557183847134 
0.05820758682615487 
0.05820561807229343 
0.05820365092035654 
0.0582016853684413 
0.058199721414647944 
0.05819775905707974 
0.05819579829384245 
0.058193839123045835 
0.058191881542801936 
0.05818992555122597 
0.0581879711464359 
0.0581860183265537 
0.0581840670897031 
0.0581821174340112 
0.05818016935760873 
0.058178222858628455 
0.058176277935206556 
0.05817433458548256 
0.05817239280759814 
0.05817045259969864 
0.05816851395993169 
0.058166576886448364 
0.0581646413774028 
0.05816270743095124 
0.05816077504525364 
0.05815884421847274 
0.05815691494877389 
0.05815498723432543 
0.05815306107329885 
0.05815113646386845 
0.05814921340421127 
0.058147291892507065 
0.05814537192693892 
0.05814345350569239 
0.058141536626956196 
0.05813962128892171 
0.05813770748978333 
0.05813579522773807 
0.05813388450098582 
0.058131975307729455 
0.058130067646174816 
0.058128161514530395 
0.05812625691100697 
0.05812435383381903 
0.058122452281183415 
0.058120552251319645 
0.05811865374245036 
0.05811675675280098 
0.05811486128059919 
0.05811296732407587 
0.058111074881465025 
0.05810918395100273 
0.05810729453092801 
0.058105406619483 
0.05810352021491194 
0.058101635315462766 
0.058099751919385184 
0.05809787002493214 
0.05809598963035921 
0.05809411073392461 
0.05809223333388952 
0.05809035742851772 
0.05808848301607524 
0.05808661009483169 
0.0580847386630588 
0.0580828687190304 
0.05808100026102467 
0.058079133287321 
0.058077267796202064 
0.05807540378595283 
0.058073541254861326 
0.0580716802012183 
0.058069820623316615 
0.058067962519452336 
0.05806610588792373 
0.058064250727032175 
0.05806239703508117 
0.05806054481037701 
0.05805869405122904 
0.05805684475594873 
0.05805499692285014 
0.05805315055025023 
0.05805130563646825 
0.0580494621798267 
0.05804762017864952 
0.058045779631264206 
0.05804394053600071 
0.05804210289119133 
0.058040266695170636 
0.05803843194627624 
0.058036598642848373 
0.05803476678322945 
0.05803293636576474 
0.058031107388801864 
0.05802927985069108 
0.0580274537497849 
0.058025629084439125 
0.0580238058530111 
0.05802198405386135 
0.05802016368535252 
0.05801834474585015 
0.058016527233722325 
0.05801471114733878 
0.05801289648507292 
0.058011083245299876 
0.05800927142639733 
0.05800746102674617 
0.05800565204472822 
0.058003844478729694 
0.05800203832713749 
0.05800023358834243 
0.05799843026073677 
0.05799662834271579 
0.057994827832676926 
0.057993028729020325 
0.05799123103014786 
0.0579894347344648 
0.05798763984037859 
0.057985846346298345 
0.05798405425063681 
0.05798226355180786 
0.057980474248229066 
0.05797868633831941 
0.057976899820500534 
0.05797511469319676 
0.057973330954834486 
0.057971548603842835 
0.057969767638652615 
0.0579679880576979 
0.05796620985941466 
0.0579644330422411 
0.05796265760461813 
0.057960883544989086 
0.057959110861798946 
0.05795733955349556 
0.057955569618529726 
0.05795380105535314 
0.05795203386242104 
0.05795026803819067 
0.05794850358112151 
0.05794674048967498 
0.05794497876231556 
0.0579432183975096 
0.057941459393725796 
0.05793970174943526 
0.057937945463111463 
0.05793619053322975 
0.05793443695826835 
0.057932684736707284 
0.057930933867029175 
0.057929184347718654 
0.05792743617726298 
0.057925689354151155 
0.057923943876875245 
0.057922199743928766 
0.05792045695380755 
0.05791871550501048 
0.057916975396038024 
0.05791523662539282 
0.057913499191580155 
0.057911763093106874 
0.05791002832848323 
0.057908294896220625 
0.05790656279483326 
0.057904832022836715 
0.057903102578749976 
0.057901374461093495 
0.05789964766839024 
0.057897922199165015 
0.0578961980519452 
0.05789447522526008 
0.0578927537176415 
0.057891033527623086 
0.05788931465374067 
0.057887597094532575 
0.05788588084853918 
0.05788416591430272 
0.05788245229036803 
0.05788073997528173 
0.057879028967593005 
0.05787731926585276 
0.057875610868614556 
0.05787390377443339 
0.05787219798186689 
0.0578704934894751 
0.05786879029581923 
0.05786708839946355 
0.05786538779897413 
0.05786368849291908 
0.057861990479868626 
0.05786029375839511 
0.05785859832707288 
0.057856904184479176 
0.05785521132919196 
0.05785351975979222 
0.05785182947486315 
0.05785014047298954 
0.05784845275275822 
0.05784676631275866 
0.05784508115158184 
0.05784339726782089 
0.05784171466007145 
0.05784003332693078 
0.0578383532669986 
0.05783667447887598 
0.057834996961166736 
0.05783332071247646 
0.05783164573141279 
0.057829972016585365 
0.057828299566606144 
0.05782662838008847 
0.057824958455648695 
0.05782328979190433 
0.057821622387475013 
0.057819956240982885 
0.057818291351051807 
0.05781662771630771 
0.05781496533537831 
0.05781330420689367 
0.05781164432948557 
0.0578099857017877 
0.057808328322436375 
0.05780667219006912 
0.057805017303325955 
0.05780336366084849 
0.05780171126128087 
0.05780006010326857 
0.057798410185459524 
0.05779676150650327 
0.057795114065051494 
0.05779346785975799 
0.05779182288927827 
0.05779017915226965 
0.057788536647391926 
0.05778689537330654 
0.05778525532867661 
0.057783616512167485 
0.05778197892244648 
0.057780342558182866 
0.05777870741804749 
0.05777707350071333 
0.057775440804855825 
0.057773809329151236 
0.057772179072278614 
0.05777055003291836 
0.05776892220975354 
0.05776729560146818 
0.05776567020674863 
0.057764046024283554 
0.05776242305276289 
0.057760801290878655 
0.057759180737324556 
0.057757561390796554 
0.05775594324999283 
0.057754326313612055 
0.057752710580356414 
0.057751096048928724 
0.05774948271803408 
0.05774787058638015 
0.0577462596526752 
0.05774464991563009 
0.05774304137395744 
0.057741434026371455 
0.05773982787158884 
0.05773822290832726 
0.0577366191353068 
0.05773501655124928 
0.05773341515487849 
0.057731814944919475 
0.05773021592009962 
0.05772861807914813 
0.05772702142079568 
0.057725425943774986 
0.05772383164682068 
0.0577222385286691 
0.05772064658805825 
0.057719055823727904 
0.057717466234420006 
0.057715877818878006 
0.057714290575847066 
0.05771270450407441 
0.05771111960230903 
0.05770953586930121 
0.05770795330380372 
0.057706371904570314 
0.057704791670357344 
0.05770321259992234 
0.05770163469202504 
0.057700057945426445 
0.05769848235888967 
0.057696907931179216 
0.05769533466106202 
0.057693762547306224 
0.05769219158868187 
0.05769062178396044 
0.05768905313191566 
0.05768748563132269 
0.05768591928095841 
0.057684354079601804 
0.05768279002603309 
0.05768122711903413 
0.057679665357389075 
0.057678104739883614 
0.05767654526530497 
0.05767498693244187 
0.05767342974008533 
0.05767187368702772 
0.05767031877206303 
0.057668764993987015 
0.05766721235159747 
0.05766566084369325 
0.057664110469075436 
0.0576625612265464 
0.05766101311491088 
0.05765946613297441 
0.0576579202795446 
0.05765637555343083 
0.057654831953444355 
0.05765328947839727 
0.05765174812710401 
0.05765020789838075 
0.05764866879104522 
0.05764713080391648 
0.0576455939358151 
0.05764405818556443 
0.05764252355198813 
0.05764099003391221 
0.057639457630164134 
0.05763792633957309 
0.05763639616096995 
0.057634867093187186 
0.05763333913505848 
0.05763181228541995 
0.05763028654310878 
0.057628761906963595 
0.05762723837582552 
0.057625715948535994 
0.0576241946239394 
0.05762267440088064 
0.057621155278207124 
0.05761963725476715 
0.05761812032941118 
0.05761660450099067 
0.057615089768359495 
0.05761357613037199 
0.05761206358588532 
0.05761055213375738 
0.05760904177284784 
0.05760753250201821 
0.05760602432013122 
0.05760451722605146 
0.0576030112186449 
0.05760150629677942 
0.05760000245932378 
0.05759849970514901 
0.05759699803312764 
0.057595497442133305 
0.05759399793104139 
0.057592499498728925 
0.05759100214407442 
0.05758950586595808 
0.057588010663261635 
0.057586516534868085 
0.05758502347966205 
0.057583531496530095 
0.057582040584359805 
0.0575805507420406 
0.05757906196846318 
0.05757757426252035 
0.05757608762310549 
0.05757460204911441 
0.057573117539443795 
0.05757163409299231 
0.05757015170865996 
0.05756867038534812 
0.057567190121959655 
0.05756571091739946 
0.057564232770573355 
0.057562755680388676 
0.05756127964575469 
0.05755980466558193 
0.057558330738782054 
0.05755685786426889 
0.05755538604095735 
0.05755391526776364 
0.05755244554360619 
0.057550976867403826 
0.057549509238078014 
0.05754804265455083 
0.05754657711574604 
0.05754511262058951 
0.05754364916800741 
0.05754218675692807 
0.057540725386281626 
0.05753926505499885 
0.057537805762012624 
0.05753634750625675 
0.057534890286667015 
0.05753343410218038 
0.05753197895173525 
0.057530524834271186 
0.05752907174873016 
0.05752761969405442 
0.0575261686691882 
0.057524718673077416 
0.05752326970466899 
0.05752182176291132 
0.057520374846754575 
0.05751892895514976 
0.057517484087049826 
0.057516040241409105 
0.05751459741718303 
0.05751315561332858 
0.05751171482880439 
0.0575102750625701 
0.0575088363135868 
0.057507398580817874 
0.05750596186322644 
0.05750452615977868 
0.05750309146944106 
0.05750165779118206 
0.057500225123971176 
0.05749879346677982 
0.05749736281857972 
0.057495933178345254 
0.0574945045450515 
0.05749307691767496 
0.05749165029519338 
0.057490224676586536 
0.05748880006083475 
0.05748737644692077 
0.05748595383382706 
0.0574845322205393 
0.05748311160604306 
0.05748169198932632 
0.05748027336937762 
0.05747885574518769 
0.05747743911574786 
0.05747602348005106 
0.05747460883709168 
0.05747319518586519 
0.05747178252536909 
0.05747037085460128 
0.05746896017256209 
0.057467550478251556 
0.05746614177067302 
0.05746473404882985 
0.057463327311726965 
0.05746192155837079 
0.057460516787769186 
0.05745911299893106 
0.05745771019086706 
0.057456308362588575 
0.05745490751310829 
0.057453507641441456 
0.05745210874660284 
0.05745071082760976 
0.05744931388348052 
0.05744791791323454 
0.05744652291589288 
0.05744512889047744 
0.05744373583601182 
0.05744234375152072 
0.05744095263603054 
0.057439562488568546 
0.05743817330816302 
0.057436785093844006 
0.057435397844643334 
0.05743401155959319 
0.0574326262377268 
0.057431241878080304 
0.05742985847968947 
0.057428476041591875 
0.05742709456282661 
0.057425714042433934 
0.057424334479455406 
0.057422955872933494 
0.05742157822191221 
0.057420201525437246 
0.0574188257825548 
0.05741745099231262 
0.05741607715376007 
0.05741470426594718 
0.057413332327925434 
0.057411961338748284 
0.057410591297468935 
0.05740922220314354 
0.057407854054828 
0.057406486851580306 
0.05740512059245983 
0.057403755276526386 
0.057402390902841924 
0.05740102747046877 
0.0573996649784715 
0.05739830342591514 
0.05739694281186589 
0.057395583135391365 
0.05739422439556092 
0.05739286659144444 
0.05739150972211333 
0.0573901537866401 
0.057388798784098555 
0.05738744471356406 
0.057386091574112306 
0.05738473936482103 
0.05738338808476889 
0.057382037733035705 
0.05738068830870236 
0.05737933981085124 
0.05737799223856587 
0.057376645590931 
0.05737529986703223 
0.057373955065956515 
0.057372611186792745 
0.057371268228629944 
0.05736992619055834 
0.057368585071670426 
0.057367244871058834 
0.05736590558781801 
0.05736456722104308 
0.05736322976983067 
0.0573618932332784 
0.057360557610485675 
0.05735922290055169 
0.05735788910257851 
0.05735655621566803 
0.05735522423892413 
0.05735389317145154 
0.05735256301235589 
0.057351233760744726 
0.05734990541572583 
0.057348577976408965 
0.05734725144190425 
0.05734592581132392 
0.05734460108378055 
0.05734327725838813 
0.05734195433426203 
0.057340632310518086 
0.05733931118627426 
0.05733799096064894 
0.05733667163276205 
0.05733535320173421 
0.05733403566668754 
0.057332719026744965 
0.05733140328103125 
0.05733008842867145 
0.05732877446879225 
0.05732746140052132 
0.057326149222987455 
0.05732483793532034 
0.057323527536651556 
0.057322218026112884 
0.057320909402837794 
0.05731960166596053 
0.057318294814616706 
0.05731698884794307 
0.057315683765077265 
0.05731437956515784 
0.057313076247325435 
0.05731177381072072 
0.05731047225448607 
0.057309171577764134 
0.057307871779700204 
0.05730657285943948 
0.05730527481612828 
0.05730397764891436 
0.05730268135694683 
0.057301385939375116 
0.057300091395350375 
0.05729879772402465 
0.057297504924551074 
0.05729621299608376 
0.0572949219377782 
0.05729363174879064 
0.05729234242827889 
0.05729105397540111 
0.05728976638931657 
0.05728847966918681 
0.05728719381417311 
0.05728590882343835 
0.05728462469614661 
0.05728334143146267 
0.05728205902855258 
0.05728077748658347 
0.057279496804723655 
0.057278216982142284 
0.05727693801800964 
0.05727565991149717 
0.05727438266177727 
0.05727310626802287 
0.05727183072940908 
0.0572705560451114 
0.05726928221430628 
0.057268009236171646 
0.05726673710988562 
0.05726546583462859 
0.057264195409580894 
0.05726292583392482 
0.0572616571068428 
0.057260389227519075 
0.057259122195138366 
0.05725785600888654 
0.05725659066795103 
0.057255326171519544 
0.05725406251878122 
0.05725279970892638 
0.05725153774114575 
0.05725027661463183 
0.05724901632857775 
0.0572477568821775 
0.05724649827462628 
0.05724524050512059 
0.057243983572857406 
0.057242727477035446 
0.057241472216853224 
0.057240217791511665 
0.05723896420021173 
0.05723771144215606 
0.057236459516547586 
0.05723520842259092 
0.057233958159491165 
0.057232708726454785 
0.05723146012268891 
0.05723021234740221 
0.057228965399803496 
0.057227719279103556 
0.05722647398451368 
0.05722522951524568 
0.057223985870513305 
0.05722274304953053 
0.05722150105151297 
0.0572202598756766 
0.05721901952123888 
0.057217779987417505 
0.057216541273432314 
0.05721530337850326 
0.05721406630185125 
0.057212830042698865 
0.05721159460026867 
0.05721035997378531 
0.057209126162473395 
0.057207893165559354 
0.05720666098226974 
0.05720542961183274 
0.057204199053477414 
0.057202969306433295 
0.05720174036993155 
0.05720051224320385 
0.0571992849254831 
0.05719805841600298 
0.057196832713998176 
0.05719560781870401 
0.057194383729357756 
0.057193160445196047 
0.057191937965458364 
0.05719071628938351 
0.05718949541621229 
0.0571882753451855 
0.05718705607554598 
0.057185837606536755 
0.057184619937401954 
0.057183403067386666 
0.05718218699573719 
0.05718097172170022 
0.057179757244523816 
0.057178543563456856 
0.057177330677748966 
0.057176118586651135 
0.0571749072894148 
0.05717369678529264 
0.05717248707353843 
0.05717127815340607 
0.05717007002415142 
0.05716886268503025 
0.0571676561353003 
0.0571664503742195 
0.05716524540104641 
0.057164041215041976 
0.057162837815466376 
0.05716163520158151 
0.057160433372650074 
0.05715923232793584 
0.05715803206670315 
0.05715683258821773 
0.05715563389174551 
0.057154435976553994 
0.057153238841911244 
0.05715204248708645 
0.057150846911349605 
0.0571496521139713 
0.057148458094223274 
0.05714726485137847 
0.05714607238471036 
0.057144880693493445 
0.057143689777002904 
0.05714249963451487 
0.05714131026530678 
0.05714012166865638 
0.05713893384384251 
0.05713774679014532 
0.0571365605068452 
0.057135374993223596 
0.057134190248563324 
0.05713300627214745 
0.05713182306326019 
0.057130640621186356 
0.05712945894521247 
0.05712827803462503 
0.05712709788871161 
0.05712591850676099 
0.057124739888062534 
0.05712356203190664 
0.05712238493758441 
0.05712120860438775 
0.05712003303160989 
0.05711885821854436 
0.05711768416448593 
0.05711651086873002 
0.057115338330573036 
0.057114166549312305 
0.0571129955242455 
0.05711182525467227 
0.05711065573989167 
0.05710948697920478 
0.05710831897191293 
0.05710715171731886 
0.05710598521472521 
0.05710481946343633 
0.05710365446275696 
0.05710249021199314 
0.057101326710451074 
0.05710016395743867 
0.05709900195226382 
0.05709784069423575 
0.057096680182664464 
0.05709552041686066 
0.05709436139613617 
0.057093203119803114 
0.05709204558717515 
0.05709088879756625 
0.05708973275029124 
0.05708857744466632 
0.05708742288000791 
0.05708626905563339 
0.0570851159708612 
0.05708396362501031 
0.05708281201740061 
0.05708166114735301 
0.0570805110141892 
0.05707936161723124 
0.057078212955802704 
0.057077065029227214 
0.057075917836830144 
0.057074771377936644 
0.057073625651873836 
0.05707248065796833 
0.05707133639554878 
0.05707019286394375 
0.05706905006248327 
0.057067907990497484 
0.05706676664731833 
0.057065626032277564 
0.0570644861447079 
0.057063346983943844 
0.05706220854931923 
0.057061070840169835 
0.057059933855831656 
0.05705879759564183 
0.057057662058938044 
0.05705652724505856 
0.05705539315334339 
0.05705425978313225 
0.05705312713376594 
0.05705199520458656 
0.05705086399493642 
0.05704973350415884 
0.05704860373159794 
0.05704747467659867 
0.057046346338506804 
0.05704521871666854 
0.05704409181043098 
0.05704296561914293 
0.057041840142152425 
0.05704071537880921 
0.0570395913284637 
0.05703846799046739 
0.057037345364171536 
0.057036223448929446 
0.05703510224409416 
0.05703398174902019 
0.05703286196306226 
0.05703174288557646 
0.05703062451591903 
0.057029506853447626 
0.05702838989752017 
0.0570272736474953 
0.057026158102732885 
0.057025043262593327 
0.05702392912643762 
0.057022815693627764 
0.0570217029635263 
0.05702059093549695 
0.057019479608903335 
0.05701836898311119 
0.0570172590574853 
0.05701614983139287 
0.05701504130420059 
0.0570139334752766 
0.057012826343989645 
0.057011719909709185 
0.05701061417180548 
0.05700950912964905 
0.057008404782612154 
0.05700730113006697 
0.057006198171386545 
0.05700509590594506 
0.057003994333117224 
0.057002893452278054 
0.057001793262804024 
0.057000693764071776 
0.056999594955459386 
0.05699849683634492 
0.05699739940610731 
0.05699630266412666 
0.05699520660978335 
0.05699411124245912 
0.05699301656153515 
0.056991922566395216 
0.05699082925642197 
0.05698973663100001 
0.05698864468951398 
0.056987553431350084 
0.056986462855894315 
0.05698537296253403 
0.056984283750656874 
0.05698319521965139 
0.056982107368906985 
0.05698102019781349 
0.05697993370576207 
0.056978847892143726 
0.056977762756350414 
0.05697667829777567 
0.056975594515812536 
0.056974511409855606 
0.05697342897929967 
0.05697234722354056 
0.056971266141974584 
0.05697018573399912 
0.05696910599901197 
0.05696802693641124 
0.05696694854559693 
0.05696587082596831 
0.05696479377692648 
0.05696371739787263 
0.056962641688208825 
0.05696156664733803 
0.05696049227466344 
0.05695941856958933 
0.056958345531520495 
0.05695727315986281 
0.05695620145402216 
0.056955130413405476 
0.056954060037420866 
0.05695299032547605 
0.05695192127698041 
0.05695085289134375 
0.056949785167976365 
0.0569487181062892 
0.05694765170569434 
0.056946585965603924 
0.05694552088543124 
0.05694445646459016 
0.05694339270249522 
0.05694232959856143 
0.056941267152205315 
0.056940205362842465 
0.05693914422989085 
0.05693808375276807 
0.05693702393089288 
0.05693596476368464 
0.056934906250562814 
0.05693384839094867 
0.056932791184263136 
0.05693173462992833 
0.056930678727366624 
0.0569296234760015 
0.05692856887525723 
0.056927514924558095 
0.0569264616233293 
0.05692540897099745 
0.05692435696698848 
0.056923305610730196 
0.05692225490165054 
0.05692120483917781 
0.056920155422741446 
0.05691910665177172 
0.05691805852569879 
0.05691701104395439 
0.05691596420597009 
0.05691491801117876 
0.056913872459013276 
0.05691282754890808 
0.0569117832802973 
0.056910739652616366 
0.05690969666530105 
0.05690865431778796 
0.05690761260951432 
0.05690657153991771 
0.05690553110843671 
0.05690449131451027 
0.05690345215757881 
0.056902413637081865 
0.05690137575246105 
0.05690033850315787 
0.0568993018886146 
0.05689826590827451 
0.05689723056158087 
0.05689619584797809 
0.05689516176691112 
0.056894128317825324 
0.05689309550016711 
0.05689206331338314 
0.05689103175692093 
0.05689000083022843 
0.05688897053275456 
0.05688794086394854 
0.05688691182326031 
0.05688588341014049 
0.05688485562404053 
0.05688382846441208 
0.05688280193070774 
0.05688177602238044 
0.056880750738884066 
0.05687972607967328 
0.056878702044202575 
0.056877678631928025 
0.056876655842305494 
0.05687563367479196 
0.05687461212884524 
0.05687359120392283 
0.05687257089948424 
0.05687155121498801 
0.05687053214989477 
0.05686951370366471 
0.056868495875759116 
0.05686747866563965 
0.05686646207276904 
0.056865446096610324 
0.05686443073662712 
0.05686341599228334 
0.056862401863044226 
0.05686138834837514 
0.05686037544774221 
0.05685936316061209 
0.05685835148645195 
0.05685734042472991 
0.05685632997491467 
0.05685532013647489 
0.056854310908880636 
0.056853302291602056 
0.05685229428411027 
0.0568512868858767 
0.05685028009637336 
0.0568492739150729 
0.05684826834144919 
0.05684726337497562 
0.05684625901512685 
0.05684525526137825 
0.05684425211320491 
0.056843249570084 
0.056842247631491885 
0.05684124629690595 
0.05684024556580464 
0.05683924543766646 
0.05683824591197062 
