0.4126777568141464 
0.19461148564905625 
0.13723277461671535 
0.11991175275679654 
0.1125790788326893 
0.10805112510785768 
0.1035626415202552 
0.09935071973377775 
0.09567457659974737 
0.09281086746288308 
0.09064216351196752 
0.08895602172196174 
0.08759797630532655 
0.08646936808950725 
0.08550771553486117 
0.0846723543852658 
0.08393581726854124 
0.08327883534062892 
0.08268740786861628 
0.08215103709008055 
0.08166162982457707 
0.08121279105140734 
0.0807993557683767 
0.08041707117243704 
0.08006237707509314 
0.07973225217569566 
0.07942410494469386 
0.07913569462034697 
0.07886507235419324 
0.07861053580488633 
0.07837059284341714 
0.07814393166817396 
0.07792939568528585 
0.077725962144518 
0.07753272387702524 
0.07734887367034604 
0.07717369091445812 
0.07700653020690336 
0.07684681164048365 
0.07669401252632438 
0.07654766033310469 
0.07640732665118453 
0.07627262201762458 
0.07614319146364888 
0.0760187106691046 
0.07589888262838668 
0.0757834347490553 
0.07567211631814474 
0.0755646962823577 
0.07546096129735845 
0.07536071400866762 
0.07526377153257507 
0.07516996411032668 
0.07507913391284876 
0.07499113397658594 
0.07490582725382554 
0.07482308576324362 
0.07474278982838746 
0.07466482739349764 
0.07458909340752296 
0.0745154892683959 
0.07444392232067935 
0.07437430540059899 
0.07430655642322812 
0.07424059800725383 
0.07417635713332209 
0.07411376483243427 
0.07405275590129778 
0.07399326864189026 
0.07393524462282612 
0.07387862846036765 
0.07382336761718632 
0.07376941221717793 
0.07371671487481928 
0.07366523053772482 
0.0736149163411939 
0.07356573147367501 
0.07351763705217637 
0.07347059600676056 
0.07342457297333471 
0.07337953419403993 
0.07333544742460531 
0.07329228184808849 
0.0732500079944924 
0.07320859766578192 
0.0731680238658834 
0.07312826073527103 
0.07308928348979825 
0.07305106836344731 
0.07301359255470859 
0.07297683417632296 
0.07294077220814332 
0.07290538645289027 
0.0728706574946027 
0.0728365666595897 
0.07280309597971403 
0.07277022815784882 
0.07273794653535827 
0.0727062350614747 
0.07267507826443392 
0.07264446122427 
0.0726143695471477 
0.07258478934114446 
0.07255570719338307 
0.07252711014843495 
0.07249898568791116 
0.07247132171116964 
0.07244410651706662 
0.07241732878669675 
0.0723909775670486 
0.07236504225553399 
0.07233951258532888 
0.07231437861148436 
0.07228963069775549 
0.0722652595041127 
0.0722412559748872 
0.07221761132752802 
0.07219431704191223 
0.07217136485020008 
0.07214874672719038 
0.07212645488114812 
0.07210448174508244 
0.0720828199684457 
0.07206146240922964 
0.07204040212643938 
0.07201963237291961 
0.07199914658851828 
0.07197893839356445 
0.07195900158264584 
0.07193933011866897 
0.0719199181271831 
0.07190075989096281 
0.07188184984482161 
0.07186318257065488 
0.07184475279269817 
0.07182655537298234 
0.07180858530698428 
0.07179083771945659 
0.0717733078604296 
0.07175599110137576 
0.0717388829315283 
0.07172197895434475 
0.07170527488411203 
0.07168876654267937 
0.07167244985631971 
0.07165632085270694 
0.07164037565800745 
0.07162461049407803 
0.07160902167576699 
0.07159360560831105 
0.07157835878482316 
0.07156327778387366 
0.07154835926714681 
0.07153359997718534 
0.07151899673520656 
0.0715045464389917 
0.07149024606084645 
0.07147609264562463 
0.07146208330881901 
0.07144821523471054 
0.07143448567457711 
0.07142089194495213 
0.07140743142594647 
0.07139410155961393 
0.07138089984836636 
0.07136782385343796 
0.07135487119339357 
0.07134203954268084 
0.07132932663022269 
0.07131673023805125 
0.07130424819997996 
0.07129187840031208 
0.07127961877258639 
0.07126746729835585 
0.0712554220060002 
0.07124348096957264 
0.07123164230767114 
0.07121990418234996 
0.07120826479804875 
0.07119672240055948 
0.0711852752760144 
0.07117392174990089 
0.07116266018610487 
0.07115148898597642 
0.07114040658741755 
0.07112941146399787 
0.07111850212408796 
0.07110767711001793 
0.07109693499725517 
0.07108627439360143 
0.07107569393841534 
0.07106519230184599 
0.07105476818409327 
0.07104442031468229 
0.07103414745175544 
0.07102394838138398 
0.07101382191689383 
0.07100376689821103 
0.07099378219122046 
0.07098386668714113 
0.07097401930191649 
0.07096423897561971 
0.07095452467187398 
0.07094487537728475 
0.07093529010088827 
0.07092576787361234 
0.07091630774774803 
0.07090690879643914 
0.07089757011317824 
0.07088829081131826 
0.07087907002359614 
0.07086990690166627 
0.07086080061564443 
0.0708517503536663 
0.07084275532145237 
0.07083381474188709 
0.07082492785460519 
0.07081609391558938 
0.07080731219677733 
0.07079858198567819 
0.07078990258499986 
0.07078127331228112 
0.0707726934995382 
0.07076416249291483 
0.07075567965234343 
0.07074724435121585 
0.0707388559760565 
0.07073051392620996 
0.07072221761353284 
0.07071396646209158 
0.07070575990787238 
0.07069759739849257 
0.0706894783929237 
0.07068140236121691 
0.07067336878424015 
0.07066537715341642 
0.07065742697047184 
0.07064951774719071 
0.07064164900517018 
0.07063382027559059 
0.07062603109898273 
0.07061828102500473 
0.07061056961222494 
0.07060289642790821 
0.07059526104780868 
0.07058766305596648 
0.07058010204450965 
0.07057257761346385 
0.07056508937055943 
0.07055763693105276 
0.07055021991754377 
0.07054283795980272 
0.07053549069459822 
0.07052817776553331 
0.07052089882287951 
0.07051365352342269 
0.070506441530305 
0.07049926251287558 
0.07049211614654449 
0.07048500211263624 
0.07047792009825314 
0.07047086979613819 
0.0704638509045375 
0.07045686312707665 
0.07044990617263007 
0.07044297975519742 
0.07043608359378369 
0.07042921741228098 
0.07042238093935448 
0.07041557390832813 
0.07040879605707781 
0.07040204712792315 
0.07039532686752234 
0.07038863502677302 
0.07038197136071067 
0.07037533562841362 
0.07036872759290734 
0.07036214702107378 
0.07035559368355904 
0.07034906735468835 
0.07034256781237909 
0.07033609483805735 
0.07032964821657596 
0.07032322773613701 
0.07031683318821118 
0.07031046436746484 
0.07030412107168453 
0.0702978031017057 
0.07029151026134213 
0.07028524235731691 
0.07027899919919613 
0.07027278059932293 
0.07026658637275468 
0.07026041633720019 
0.07025427031295818 
0.07024814812286015 
0.0702420495922104 
0.07023597454873164 
0.0702299228225078 
0.07022389424593334 
0.07021788865365851 
0.07021190588253814 
0.0702059457715833 
0.07020000816191277 
0.07019409289670495 
0.07018819982114993 
0.07018232878240857 
0.07017647962956441 
0.07017065221358262 
0.07016484638726843 
0.07015906200522577 
0.07015329892381665 
0.07014755700112435 
0.07014183609691302 
0.07013613607259297 
0.07013045679118393 
0.07012479811727888 
0.07011915991701129 
0.07011354205802067 
0.07010794440942138 
0.07010236684176821 
0.0700968092270287 
0.07009127143855103 
0.07008575335103467 
0.07008025484050173 
0.07007477578427053 
0.07006931606092556 
0.07006387555029382 
0.07005845413341648 
0.07005305169252528 
0.07004766811101776 
0.0700423032734325 
0.070036957065426 
0.07003162937375058 
0.07002632008623184 
0.07002102909174643 
0.07001575628020232 
0.07001050154251678 
0.07000526477059778 
0.07000004585732357 
0.06999484469652423 
0.0699896611829623 
0.06998449521231681 
0.06997934668116278 
0.06997421548695779 
0.06996910152802135 
0.06996400470352165 
0.06995892491345869 
0.06995386205864998 
0.06994881604071221 
0.06994378676205168 
0.0699387741258466 
0.06993377803603348 
0.06992879839729432 
0.06992383511504521 
0.06991888809542005 
0.06991395724525977 
0.06990904247210235 
0.06990414368416714 
0.06989926079034527 
0.06989439370018896 
0.06988954232389981 
0.06988470657231917 
0.06987988635691536 
0.06987508158977652 
0.06987029218359792 
0.06986551805167605 
0.0698607591078957 
0.06985601526672221 
0.0698512864431937 
0.06984657255290988 
0.06984187351202693 
0.06983718923724581 
0.06983251964580715 
0.06982786465548141 
0.0698232241845623 
0.06981859815185999 
0.06981398647669172 
0.06980938907887654 
0.06980480587872781 
0.06980023679704737 
0.06979568175511615 
0.06979114067469241 
0.06978661347799955 
0.0697821000877268 
0.06977760042701714 
0.06977311441946495 
0.06976864198910904 
0.06976418306042761 
0.06975973755833215 
0.06975530540816371 
0.06975088653568544 
0.06974648086707826 
0.06974208832893741 
0.0697377088482656 
0.06973334235246816 
0.06972898876935048 
0.06972464802711124 
0.06972032005433913 
0.06971600478000738 
0.06971170213347114 
0.06970741204446067 
0.06970313444308017 
0.06969886925980112 
0.06969461642545963 
0.0696903758712526 
0.0696861475287327 
0.06968193132980552 
0.06967772720672548 
0.06967353509209283 
0.06966935491884889 
0.06966518662027285 
0.06966103012997811 
0.06965688538191032 
0.06965275231034157 
0.06964863084986815 
0.06964452093540861 
0.06964042250219736 
0.06963633548578431 
0.06963225982202988 
0.06962819544710241 
0.06962414229747631 
0.06962010030992617 
0.06961606942152679 
0.06961204956964707 
0.06960804069194997 
0.06960404272638691 
0.06960005561119763 
0.06959607928490474 
0.06959211368631107 
0.06958815875449978 
0.06958421442882703 
0.06958028064892251 
0.06957635735468504 
0.0695724444862814 
0.06956854198414078 
0.06956464978895475 
0.06956076784167349 
0.06955689608350253 
0.06955303445590082 
0.06954918290057727 
0.06954534135948953 
0.06954150977483921 
0.0695376880890709 
0.06953387624486901 
0.06953007418515444 
0.06952628185308359 
0.06952249919204322 
0.06951872614565002 
0.06951496265774762 
0.06951120867240243 
0.06950746413390335 
0.06950372898675639 
0.06950000317568518 
0.0694962866456251 
0.06949257934172459 
0.06948888120933748 
0.0694851921940243 
0.06948151224154958 
0.06947784129787585 
0.06947417930916534 
0.06947052622177367 
0.06946688198224979 
0.06946324653733164 
0.06945961983394487 
0.06945600181919945 
0.06945239244038594 
0.06944879164497506 
0.0694451993806142 
0.06944161559512307 
0.06943804023649373 
0.06943447325288549 
0.06943091459262433 
0.06942736420419825 
0.06942382203625591 
0.0694202880376028 
0.0694167621572 
0.06941324434415985 
0.0694097345477442 
0.06940623271736142 
0.06940273880256338 
0.06939925275304311 
0.06939577451863099 
0.0693923040492935 
0.06938884129512968 
0.06938538620636761 
0.06938193873336257 
0.06937849882659425 
0.06937506643666197 
0.0693716415142861 
0.06936822401029956 
0.06936481387564945 
0.06936141106139282 
0.0693580155186927 
0.06935462719881595 
0.06935124605313195 
0.06934787203310727 
0.06934450509030282 
0.06934114517637385 
0.06933779224306363 
0.0693344462422018 
0.0693311071257033 
0.06932777484556224 
0.06932444935385117 
0.0693211306027175 
0.06931781854438016 
0.06931451313112791 
0.06931121431531577 
0.06930792204936108 
0.06930463628574228 
0.06930135697699644 
0.06929808407571285 
0.06929481753453452 
0.06929155730615363 
0.06928830334330721 
0.06928505559877673 
0.06928181402538433 
0.06927857857598949 
0.06927534920348709 
0.06927212586080388 
0.06926890850089765 
0.06926569707675237 
0.06926249154137652 
0.0692592918478003 
0.06925609794907431 
0.06925290979826557 
0.06924972734845482 
0.06924655055273501 
0.06924337936420974 
0.0692402137359893 
0.06923705362118845 
0.06923389897292613 
0.06923074974432111 
0.06922760588849144 
0.06922446735855182 
0.069221334107611 
0.06921820608877248 
0.06921508325512886 
0.0692119655597631 
0.06920885295574594 
0.06920574539613589 
0.06920264283397384 
0.06919954522228726 
0.0691964525140831 
0.06919336466235194 
0.06919028162006345 
0.06918720334016704 
0.06918412977559094 
0.0691810608792413 
0.0691779966040013 
0.06917493690273122 
0.06917188172826902 
0.06916883103342748 
0.06916578477099743 
0.06916274289374616 
0.06915970535441718 
0.06915667210573206 
0.06915364310038974 
0.06915061829106828 
0.06914759763042529 
0.0691445810710979 
0.06914156856570608 
0.06913856006685254 
0.0691355555271241 
0.06913255489909406 
0.06912955813532379 
0.06912656518836449 
0.06912357601076001 
0.06912059055504786 
0.06911760877376374 
0.06911463061944154 
0.06911165604461887 
0.06910868500183891 
0.06910571744365197 
0.06910275332262228 
0.06909979259132862 
0.06909683520236838 
0.06909388110836363 
0.0690909302619612 
0.0690879826158405 
0.06908503812271548 
0.06908209673534012 
0.06907915840651245 
0.06907622308907946 
0.06907329073594069 
0.06907036130005667 
0.06906743473444968 
0.06906451099221086 
0.0690615900265056 
0.06905867179057866 
0.06905575623775959 
0.06905284332146681 
0.06904993299521597 
0.06904702521262297 
0.06904411992741046 
0.06904121709341446 
0.06903831666458789 
0.06903541859500828 
0.06903252283888217 
0.06902962935055133 
0.06902673808449779 
0.06902384899535095 
0.06902096203789067 
0.06901807716705471 
0.06901519433794279 
0.06901231350582326 
0.06900943462613661 
0.06900655765450162 
0.06900368254671967 
0.06900080925878001 
0.06899793774686258 
0.0689950679673462 
0.06899219987680745 
0.06898933343202894 
0.06898646859000135 
0.06898360530792674 
0.06898074354322156 
0.06897788325352146 
0.06897502439668035 
0.06897216693077801 
0.0689693108141158 
0.06896645600522465 
0.06896360246286241 
0.06896075014601609 
0.0689578990139033 
0.06895504902597253 
0.06895220014190258 
0.06894935232160307 
0.06894650552521304 
0.06894365971310075 
0.06894081484586283 
0.06893797088432116 
0.06893512778952289 
0.06893228552273525 
0.0689294440454469 
0.06892660331936043 
0.0689237633063936 
0.0689209239686716 
0.06891808526852593 
0.06891524716849025 
0.06891240963129319 
0.06890957261985838 
0.06890673609729452 
0.06890390002689441 
0.06890106437212803 
0.06889822909663734 
0.06889539416423128 
0.06889255953888042 
0.0688897251847124 
0.06888689106600451 
0.06888405714718128 
0.06888122339280718 
0.06887838976758376 
0.06887555623634357 
0.06887272276404671 
0.06886988931577769 
0.06886705585674076 
0.06886422235225807 
0.06886138876776839 
0.06885855506882407 
0.0688557212210906 
0.06885288719035043 
0.06885005294249762 
0.06884721844354787 
0.06884438365963647 
0.06884154855702487 
0.06883871310210925 
0.06883587726142448 
0.06883304100165683 
0.06883020428965425 
0.0688273670924378 
0.06882452937721976 
0.06882169111141899 
0.06881885226268034 
0.0688160127988981 
0.0688131726882395 
0.06881033189917124 
0.06880749040049085 
0.0688046481613587 
0.06880180515133408 
0.06879896134041524 
0.06879611669907987 
0.06879327119833316 
0.06879042480975676 
0.06878757750556004 
0.06878472925863946 
0.068781880042639 
0.06877902983201402 
0.06877617860209954 
0.06877332632918473 
0.06877047299058847 
0.0687676185647403 
0.06876476303126791 
0.0687619063710833 
0.0687590485664774 
0.06875618960121872 
0.06875332946065221 
0.06875046813180682 
0.06874760560350233 
0.06874474186646216 
0.06874187691342773 
0.06873901073927764 
0.06873614334114962 
0.06873327471856021 
0.06873040487353307 
0.06872753381072291 
0.06872466153754417 
0.06872178806429777 
0.06871891340429911 
0.06871603757400487 
0.06871316059313838 
0.06871028248481229 
0.06870740327564862 
0.0687045229958967 
0.06870164167954507 
0.06869875936442577 
0.06869587609232046 
0.06869299190905005 
0.06869010686456183 
0.06868722101300945 
0.06868433441281818 
0.06868144712674563 
0.06867855922192564 
0.06867567076990763 
0.06867278184667643 
0.06866989253266405 
0.06866700291274729 
0.0686641130762291 
0.06866122311680964 
0.06865833313254004 
0.06865544322576322 
0.0686525535030419 
0.06864966407506924 
0.06864677505657016 
0.06864388656618495 
0.06864099872634605 
0.06863811166313766 
0.06863522550614909 
0.0686323403883149 
0.06862945644574883 
0.06862657381757062 
0.06862369264572626 
0.06862081307480097 
0.06861793525183568 
0.0686150593261335 
0.0686121854490752 
0.06860931377392566 
0.06860644445565178 
0.06860357765073939 
0.06860071351701737 
0.06859785221348395 
0.06859499390014588 
0.06859213873785966 
0.06858928688818575 
0.06858643851324782 
0.06858359377560241 
0.06858075283811736 
0.06857791586385802 
0.06857508301598268 
0.0685722544576432 
0.06856943035189632 
0.06856661086161511 
0.0685637961494077 
0.0685609863775395 
0.06855818170785571 
0.06855538230170259 
0.06855258831984881 
0.06854979992240123 
0.06854701726871752 
0.0685442405173107 
0.06854146982574387 
0.06853870535051598 
0.0685359472469367 
0.06853319566898644 
0.06853045076916235 
0.06852771269831168 
0.06852498160544633 
0.0685222576375435 
0.06851954093932845 
0.06851683165304438 
0.06851412991820131 
0.06851143587131574 
0.06850874964563243 
0.06850607137083785 
0.06850340117275741 
0.0685007391730503 
0.06849808548889388 
0.06849544023266528 
0.06849280351162146 
0.06849017542758133 
0.06848755607661232 
0.06848494554872468 
0.06848234392757645 
0.06847975129019124 
0.06847716770669385 
0.06847459324006719 
0.0684720279459272 
0.06846947187232955 
0.06846692505959616 
0.06846438754017778 
0.06846185933854587 
0.06845934047111366 
0.06845683094619781 
0.06845433076400961 
0.06845183991668208 
0.0684493583883343 
0.06844688615516732 
0.0684444231855976 
0.06844196944041787 
0.06843952487299519 
0.0684370894294957 
0.06843466304913692 
0.06843224566446682 
0.06842983720166534 
0.06842743758086776 
0.06842504671650339 
0.06842266451765532 
0.06842029088842594 
0.06841792572831452 
0.06841556893260808 
0.0684132203927664 
0.06841087999681816 
0.06840854762975022 
0.06840622317389672 
0.06840390650932476 
0.06840159751421049 
0.06839929606520616 
0.0683970020377993 
0.06839471530665711 
0.06839243574595923 
0.06839016322971668 
0.06838789763207376 
0.06838563882759485 
0.06838338669153633 
0.0683811411000986 
0.06837890193066226 
0.0683766690620095 
0.0683744423745236 
0.06837222175037479 
0.06837000707368864 
0.06836779823069643 
0.06836559510987099 
0.06836339760204557 
0.06836120560052066 
0.06835901900114962 
0.06835683770241918 
0.06835466160550976 
0.06835249061434526 
0.06835032463563123 
0.06834816357888387 
0.0683460073564434 
0.06834385588348166 
0.06834170907800043 
0.06833956686081845 
0.06833742915555394 
0.06833529588859531 
0.06833316698907312 
0.06833104238881568 
0.06832892202230949 
0.06832680582664648 
0.06832469374147271 
0.0683225857089305 
0.06832048167359756 
0.06831838158242338 
0.06831628538466356 
0.0683141930318132 
0.06831210447753437 
0.06831001967758868 
0.06830793858976351 
0.06830586117380026 
0.06830378739132205 
0.06830171720576148 
0.06829965058228676 
0.06829758748773213 
0.06829552789052509 
0.06829347176061669 
0.06829141906941277 
0.0682893697897053 
0.06828732389560582 
0.06828528136248196 
0.06828324216689151 
0.06828120628652393 
0.0682791737001369 
0.068277144387501 
0.06827511832934244 
0.06827309550729031 
0.06827107590382231 
0.06826905950221591 
0.06826704628650027 
0.06826503624141099 
0.06826302935234475 
0.06826102560531735 
0.06825902498692506 
0.0682570274843062 
0.06825503308510378 
0.06825304177743292 
0.06825105354984688 
0.06824906839130822 
0.0682470862911586 
0.06824510723909258 
0.06824313122513015 
0.06824115823959558 
0.06823918827309283 
0.06823722131648431 
0.06823525736087223 
0.06823329639758043 
0.06823133841813549 
0.0682293834142527 
0.06822743137781924 
0.06822548230088207 
0.06822353617563313 
0.06822159299440107 
0.06821965274963541 
0.06821771543389984 
0.06821578103986194 
0.06821384956028315 
0.06821192098801312 
0.06820999531598074 
0.06820807253718732 
0.06820615264470171 
0.06820423563165222 
0.06820232149122454 
0.06820041021665457 
0.06819850180122372 
0.06819659623825677 
0.06819469352111694 
0.06819279364320241 
0.06819089659794453 
0.06818900237880285 
0.06818711097926422 
0.06818522239284025 
0.06818333661306412 
0.06818145363349008 
0.0681795734476896 
0.06817769604925178 
0.06817582143178146 
0.06817394958889665 
0.06817208051422713 
0.06817021420141518 
0.06816835064411356 
0.0681664898359833 
0.06816463177069383 
0.06816277644192306 
0.06816092384335377 
0.06815907396867596 
0.06815722681158418 
0.0681553823657776 
0.06815354062495885 
0.06815170158283351 
0.0681498652331101 
0.06814803156949936 
0.06814620058571237 
0.06814437227546236 
0.06814254663246222 
0.06814072365042423 
0.0681389033230611 
0.06813708564408388 
0.06813527060720173 
0.06813345820612252 
0.06813164843455004 
0.06812984128618652 
0.06812803675473009 
0.06812623483387494 
0.06812443551731011 
0.0681226387987206 
0.0681208446717863 
0.06811905313017919 
0.06811726416756698 
0.06811547777760936 
0.06811369395395857 
0.06811191269025924 
0.0681101339801475 
0.06810835781725043 
0.06810658419518564 
0.0681048131075603 
0.06810304454797199 
0.0681012785100064 
0.06809951498723728 
0.06809775397322705 
0.0680959954615244 
0.06809423944566519 
0.06809248591917079 
0.06809073487554905 
0.06808898630829123 
0.06808724021087229 
0.06808549657675379 
0.06808375539937593 
0.06808201667216479 
0.06808028038852518 
0.06807854654184514 
0.06807681512549126 
0.06807508613280967 
0.0680733595571262 
0.06807163539174341 
0.068069913629943 
0.06806819426498098 
0.06806647729009008 
0.06806476269847865 
0.06806305048332799 
0.068061340637793 
0.06805963315500153 
0.06805792802805283 
0.06805622525001646 
0.0680545248139324 
0.06805282671280956 
0.06805113093962427 
0.06804943748732015 
0.06804774634880753 
0.06804605751696129 
0.0680443709846203 
0.06804268674458709 
0.06804100478962621 
0.06803932511246195 
0.06803764770578005 
0.06803597256222382 
0.06803429967439541 
0.06803262903485228 
0.06803096063610733 
0.06802929447062825 
0.06802763053083477 
0.06802596880909839 
0.06802430929774107 
0.06802265198903261 
0.06802099687519174 
0.06801934394838284 
0.06801769320071552 
0.06801604462424102 
0.06801439821095358 
0.06801275395278902 
0.0680111118416199 
0.06800947186925706 
0.0680078340274463 
0.06800619830786865 
0.0680045647021365 
0.06800293320179343 
0.0680013037983114 
0.06799967648309052 
0.06799805124745527 
0.06799642808265473 
0.06799480697985903 
0.06799318793015839 
0.06799157092456115 
0.06798995595399117 
0.06798834300928733 
0.06798673208119974 
0.06798512316038775 
0.06798351623742034 
0.06798191130277191 
0.067980308346819 
0.06797870735984186 
0.067977108332019 
0.06797551125342514 
0.06797391611403213 
0.06797232290370246 
0.06797073161219107 
0.06796914222913937 
0.06796755474407457 
0.067965969146409 
0.06796438542543427 
0.06796280357032279 
0.06796122357012185 
0.06795964541375397 
0.06795806909001317 
0.06795649458756352 
0.06795492189493597 
0.06795335100052641 
0.06795178189259336 
0.06795021455925625 
0.06794864898849283 
0.06794708516813636 
0.06794552308587455 
0.0679439627292472 
0.06794240408564323 
0.06794084714230078 
0.06793929188630246 
0.0679377383045769 
0.06793618638389477 
0.0679346361108672 
0.06793308747194561 
0.06793154045341943 
0.06792999504141618 
0.0679284512218981 
0.06792690898066324 
0.06792536830334486 
0.06792382917540915 
0.06792229158215585 
0.06792075550872062 
0.06791922094007023 
0.067917687861008 
0.06791615625617033 
0.06791462611003066 
0.06791309740690035 
0.0679115701309282 
0.06791004426610453 
0.06790851979626394 
0.0679069967050857 
0.06790547497609843 
0.06790395459268335 
0.06790243553808023 
0.06790091779538712 
0.06789940134756992 
0.06789788617746648 
0.06789637226779055 
0.06789485960114242 
0.06789334816001183 
0.06789183792678812 
0.06789032888376821 
0.06788882101316464 
0.06788731429711678 
0.06788580871769875 
0.0678843042569325 
0.06788280089679744 
0.06788129861924405 
0.06787979740620616 
0.06787829723961414 
0.06787679810141027 
0.06787529997356155 
0.06787380283807755 
0.06787230667702487 
0.06787081147254409 
0.06786931720686892 
0.06786782386234111 
0.06786633142143217 
0.06786483986675823 
0.06786334918110513 
0.06786185934744265 
0.06786037034894789 
0.06785888216902479 
0.06785739479132419 
0.06785590819976535 
0.06785442237855645 
0.06785293731221494 
0.06785145298558867 
0.06784996938387532 
0.06784848649264381 
0.06784700429785082 
0.0678455227858622 
0.06784404194347107 
0.06784256175791269 
0.06784108221688218 
0.06783960330854975 
0.06783812502157344 
0.06783664734511152 
0.0678351702688345 
0.06783369378293286 
0.06783221787812402 
0.06783074254565796 
0.06782926777732129 
0.06782779356543824 
0.06782631990286614 
0.06782484678299545 
0.06782337419974338 
0.06782190214754172 
0.06782043062132992 
0.06781895961653683 
0.0678174891290681 
0.06781601915528375 
0.06781454969197848 
0.0678130807363539 
0.0678116122859959 
0.06781014433884092 
0.06780867689314592 
0.067807209947453 
0.06780574350055364 
0.06780427755144988 
0.06780281209931344 
0.0678013471434412 
0.06779988268321634 
0.0677984187180587 
0.06779695524738008 
0.06779549227053633 
0.06779402978678001 
0.06779256779521001 
0.06779110629472393 
0.06778964528396775 
0.06778818476128651 
0.06778672472467574 
0.0677852651717324 
0.06778380609960506 
0.06778234750494821 
0.06778088938387304 
0.06777943173190296 
0.06777797454392614 
0.06777651781415178 
0.06777506153606593 
0.06777360570238829 
0.06777215030503006 
0.06777069533505181 
0.06776924078262339 
0.06776778663698109 
0.06776633288639011 
0.06776487951810177 
0.06776342651831449 
0.06776197387213198 
0.0677605215635223 
0.06775906957527436 
0.06775761788895494 
0.06775616648486446 
0.06775471534198427 
0.06775326443793277 
0.06775181374890907 
0.06775036324963704 
0.06774891291330518 
0.06774746271150345 
0.06774601261415224 
0.06774456258942782 
0.06774311260368207 
0.06774166262135443 
0.06774021260487488 
0.06773876251456407 
0.06773731230851567 
0.06773586194247737 
0.0677344113697166 
0.06773296054087004 
0.06773150940379165 
0.0677300579033731 
0.06772860598135637 
0.06772715357612541 
0.06772570062248004 
0.06772424705138803 
0.06772279278971428 
0.06772133775992274 
0.0677198818797541 
0.06771842506186668 
0.06771696721344735 
0.06771550823578351 
0.06771404802379163 
0.06771258646549945 
0.06771112344147716 
0.06770965882421187 
0.06770819247741397 
0.06770672425525655 
0.0677052540015324 
0.06770378154872442 
0.06770230671697111 
0.06770082931292806 
0.06769934912849718 
0.06769786593941912 
0.0676963795037083 
0.06769488955990567 
0.0676933958251354 
0.06769189799293361 
0.06769039573082174 
0.06768888867759003 
0.06768737644025523 
0.06768585859064782 
0.06768433466157872 
0.06768280414253201 
0.0676812664748121 
0.06767972104608197 
0.06767816718420312 
0.06767660415027721 
0.06767503113079727 
0.06767344722876623 
0.0676718514536588 
0.06767024271006833 
0.06766861978485635 
0.06766698133262186 
0.06766532585926345 
0.06766365170340782 
0.06766195701543695 
0.06766023973384945 
0.06765849755866102 
0.06765672792155242 
0.06765492795247634 
0.0676530944424502 
0.06765122380231232 
0.06764931201728258 
0.0676473545972808 
0.06764534652310898 
0.06764328218881056 
0.06764115534079 
0.0676389590146032 
0.0676366854707139 
0.06763432613091915 
0.06763187151756449 
0.06762931119796611 
0.06762663373661379 
0.06762382665750079 
0.0676208764182362 
0.06761776839613437 
0.06761448688414014 
0.06761101509098935 
0.06760733513539825 
0.06760342801833327 
0.06759927355070883 
0.06759485020640724 
0.06759013486244085 
0.06758510237907245 
0.06757972496164029 
0.06757397123003324 
0.06756780489625366 
0.0675611829066424 
0.06755405282881087 
0.06754634913046617 
0.06753798776857993 
0.06752885811500732 
0.06751881057078679 
0.06750763705832034 
0.06749503956703522 
0.06748057847023932 
0.06746358663413156 
0.0674430271885509 
0.06741726674405003 
0.067383757362835 
0.06733876149026242 
0.06727770166812799 
0.06719731432884775 
0.06709965552221794 
0.0669938289161433 
0.06689162095795433 
0.06680127783303592 
0.06672499014931552 
0.06666000947980266 
0.06660068304083525 
0.06653927330940174 
0.06646464962245148 
0.06635765667142607 
0.0661801639034956 
0.06586815054409903 
0.06541211962683213 
0.06496454888539599 
0.06462723834615568 
0.06437156938464335 
0.06416041776909993 
0.06398197988390134 
0.06383018186665271 
0.06369825644198529 
0.06358045547036703 
0.0634728071018347 
0.06337326901301228 
0.0632820818467936 
0.06320126595021332 
0.06313246634296775 
0.06307530971796861 
0.06302786995234881 
0.06298788811667892 
0.06295345773153811 
0.06292316172803084 
0.06289599226448463 
0.06287123781812004 
0.06284839202011196 
0.06282708941699208 
0.06280706191822703 
0.06278810941893163 
0.06277007985575303 
0.06275285553416333 
0.06273634365942606 
0.06272046971431376 
0.06270517278377208 
0.06269040222302971 
0.06267611526015433 
0.062662275253398 
0.06264885041066684 
0.06263581283750919 
0.06262313782042014 
0.06261080328008123 
0.06259878934841095 
0.06258707803670965 
0.06257565297152365 
0.06256449918145043 
0.06255360292271021 
0.06254295153461423 
0.06253253331837737 
0.06252233743441502 
0.06251235381445497 
0.06250257308567725 
0.06249298650474101 
0.06248358590002341 
0.062474363620752205 
0.062465312491977086 
0.062456425774532885 
0.06244769712929375 
0.062439120585149555 
0.062430690510221404 
0.06242240158591598 
0.06241424878347779 
0.062406227342744716 
0.062398332752862364 
0.06239056073473326 
0.06238290722501592 
0.06237536836151357 
0.06236794046980371 
0.06236062005098257 
0.06235340377041545 
0.06234628844739422 
0.062339271045612044 
0.062332348664379596 
0.06232551853051638 
0.06231877799084762 
0.06231212450526038 
0.062305555640264965 
0.06229906906301645 
0.062292662535760324 
0.06228633391066173 
0.06228008112499017 
0.06227390219662766 
0.06226779521987736 
0.0622617583615409 
0.06225578985725434 
0.06224988800805466 
0.06224405117715967 
0.06223827778694878 
0.06223256631612709 
0.06222691529705928 
0.0622213233132623 
0.06221578899704367 
0.0622103110272779 
0.06220488812730738 
0.06219951906296358 
0.062194202640696326 
0.062188937705807225 
0.06218372314077806 
0.06217855786368967 
0.062173440826723214 
0.06216837101474244 
0.06216334744394541 
0.06215836916058998 
0.06215343523978054 
0.062148544784316 
0.062143696923596024 
0.06213889081258094 
0.06213412563080003 
0.06212940058141055 
0.06212471489029925 
0.06212006780522651 
0.062115458595012295 
0.06211088654875617 
0.06210635097509704 
0.06210185120150346 
0.062097386573596675 
0.06209295645450549 
0.06208856022424484 
0.06208419727912898 
0.06207986703120154 
0.06207556890769731 
0.06207130235052226 
0.06206706681575843 
0.06206286177318586 
0.06205868670582974 
0.06205454110952129 
0.06205042449247767 
0.06204633637490205 
0.062042276288594066 
0.06203824377658185 
0.06203423839276381 
0.06203025970156736 
0.062026307277618396 
0.06202238070542696 
0.062018479579081465 
0.062014603501955895 
0.062010752086428554 
0.06200692495361182 
0.06200312173308861 
0.06199934206266382 
0.06199558558811864 
0.06199185196298075 
0.06198814084829569 
0.061984451912412836 
0.06198078483077379 
0.061977139285710865 
0.0619735149662539 
0.06196991156793993 
0.06196632879263241 
0.06196276634834638 
0.061959223949078636 
0.06195570131464352 
0.061952198170516073 
0.06194871424767755 
0.0619452492824687 
0.06194180301644707 
0.061938375196247786 
0.06193496557345061 
0.06193157390444983 
0.06192819995033039 
0.061924843476744464 
0.06192150425379644 
0.06191818205592737 
0.061914876661807186 
0.06191158785422364 
0.06190831541998444 
0.06190505914981373 
0.06190181883825503 
0.06189859428357878 
0.06189538528768954 
0.06189219165603876 
0.06188901319753716 
0.06188584972447303 
0.0618827010524315 
0.06187956700021455 
0.06187644738976629 
0.06187334204609878 
0.06187025079721991 
0.06186717347406407 
0.061864109910423806 
0.061861059942885106 
0.06185802341076327 
0.06185500015604017 
0.061851990023305145 
0.06184899285969499 
0.061846008514838346 
0.061843036840799157 
0.06184007769202398 
0.06183713092528958 
0.061834196399650085 
0.061831273976390475 
0.06182836351897567 
0.0618254648930064 
0.06182257796617082 
0.061819702608201986 
0.06181683869083496 
0.06181398608776346 
0.06181114467459916 
0.06180831432883302 
0.06180549492979652 
0.06180268635862243 
0.06179988849820909 
0.0617971012331849 
0.06179432444987264 
0.061791558036257334 
0.0617888018819508 
0.061786055878161106 
0.06178331991766136 
0.0617805938947571 
0.06177787770525974 
0.06177517124645578 
0.0617724744170775 
0.06176978711727738 
0.06176710924860137 
0.06176444071396101 
0.061761781417609164 
0.06175913126511556 
0.061756490163340595 
0.061753858020415504 
0.06175123474571501 
0.06174862024983691 
0.061746014444582734 
0.06174341724293161 
0.06174082855902266 
0.06173824830813514 
0.06173567640666524 
0.061733112772112346 
0.06173055732305415 
0.061728009979133955 
0.0617254706610393 
0.061722939290485154 
0.06172041579019756 
0.06171790008389906 
0.06171539209628753 
0.06171289175302562 
0.061710398980722246 
0.06170791370692031 
0.06170543586007848 
0.06170296536956142 
0.06170050216562201 
0.06169804617939046 
0.06169559734286059 
0.06169315558887578 
0.061690720851118236 
0.06168829306409639 
0.061685872163131324 
0.0616834580843483 
0.061681050764662265 
0.06167865014176977 
0.06167625615413562 
0.061673868740985446 
0.0616714878422918 
0.061669113398767315 
0.061666745351854235 
0.0616643836437148 
0.06166202821722101 
0.06165967901594786 
0.06165733598416281 
0.061654999066818594 
0.06165266820954374 
0.06165034335863542 
0.06164802446105141 
0.061645711464402224 
0.06164340431694334 
0.061641102967569146 
0.061638807365804474 
0.061636517461798136 
0.06163423320631732 
0.06163195455073853 
0.061629681447044456 
0.06162741384781401 
0.06162515170621998 
0.06162289497602037 
0.061620643611554504 
0.06161839756773551 
0.06161615680004608 
0.06161392126453356 
0.06161169091780306 
0.061609465717013596 
0.06160724561987271 
0.061605030584632334 
0.06160282057008241 
0.061600615535547985 
0.06159841544088329 
0.06159622024646828 
0.06159402991320399 
0.06159184440250742 
0.06158966367630953 
0.061587487697048755 
0.06158531642766764 
0.061583149831610624 
0.0615809878728183 
0.06157883051572372 
0.061576677725249544 
0.06157452946680433 
0.06157238570627846 
0.06157024641004083 
0.061568111544935904 
0.06156598107827844 
0.06156385497785221 
0.06156173321190686 
0.061559615749151704 
0.06155750255875576 
0.06155539361034339 
0.061553288873989066 
0.061551188320218546 
0.06154909192000112 
0.06154699964475016 
0.0615449114663169 
0.06154282735699018 
0.061540747289491035 
0.06153867123697259 
0.061536599173012414 
0.06153453107161376 
0.06153246690720089 
0.06153040665461532 
0.061528350289114526 
0.06152629778636688 
0.06152424912245004 
0.06152220427384703 
0.06152016321744375 
0.06151812593052574 
0.06151609239077469 
0.061514062576265294 
0.06151203646546386 
0.06151001403722152 
0.061507995270774496 
0.06150598014573943 
0.06150396864210956 
0.0615019607402529 
0.061499956420907546 
0.0614979556651798 
0.06149595845453886 
0.06149396477081541 
0.061491974596197096 
0.06148998791322458 
0.061488004704789746 
0.061486024954130684 
0.06148404864482821 
0.0614820757608034 
0.06148010628631201 
0.06147814020594331 
0.06147617750461479 
0.061474218167566916 
0.06147226218036314 
0.06147030952888336 
0.06146836019931977 
0.06146641417817437 
0.06146447145225563 
0.061462532008671106 
0.061460595834827436 
0.06145866291842376 
0.061456733247448964 
0.06145480681017636 
0.06145288359516002 
0.06145096359123164 
0.061449046787495104 
0.06144713317332162 
0.06144522273834749 
0.06144331547246787 
0.06144141136583426 
0.06143951040884793 
0.061437612592157735 
0.061435717906654176 
0.06143382634346511 
0.06143193789395296 
0.061430052549707605 
0.06142817030254442 
0.0614262911444982 
0.06142441506781944 
0.06142254206496911 
0.06142067212861365 
0.061418805251623264 
0.06141694142706445 
0.06141508064819655 
0.06141322290846709 
0.06141136820150653 
0.061409516521126466 
0.06140766786131107 
0.0614058222162152 
0.06140397958016009 
0.06140213994762693 
0.061400303313254745 
0.061398469671833274 
0.061396639018300614 
0.06139481134773823 
0.06139298665536632 
0.06139116493653941 
0.061389346186741606 
0.061387530401583845 
0.0613857175767974 
0.0613839077082309 
0.061382100791845556 
0.061380296823712266 
0.06137849580000555 
0.06137669771699999 
0.061374902571066974 
0.0613731103586698 
0.061371321076360126 
0.061369534720773194 
0.06136775128862482 
0.06136597077670697 
0.061364193181884505 
0.06136241850109108 
0.061360646731323874 
0.061358877869643745 
0.061357111913166985 
0.061355348859065295 
0.06135358870455998 
0.06135183144692078 
0.06135007708346013 
0.061348325611531106 
0.0613465770285234 
0.06134483133186137 
0.061343088518999354 
0.06134134858741971 
0.061339611534629655 
0.06133787735815617 
0.06133614605554726 
0.06133441762436498 
0.061332692062185425 
0.061330969366594434 
0.06132924953518525 
0.061327532565556744 
0.06132581845530929 
0.06132410720204464 
0.0613223988033612 
0.06132069325685292 
0.06131899056010627 
0.061317290710699524 
0.06131559370619859 
0.06131389954415663 
0.06131220822211102 
0.06131051973758147 
0.06130883408806968 
0.061307151271054294 
0.06130547128399282 
0.06130379412431703 
0.061302119789433174 
0.0613004482767194 
0.061298779583524504 
0.061297113707167256 
0.06129545064493296 
0.06129379039407436 
0.06129213295180903 
0.06129047831531902 
0.06128882648174903 
0.06128717744820445 
0.06128553121175273 
0.061283887769420446 
0.06128224711819297 
0.06128060925501271 
0.061278974176780396 
0.061277341880351964 
0.06127571236253903 
0.06127408562010735 
0.06127246164977784 
0.061270840448223944 
0.06126922201207208 
0.0612676063379021 
0.061265993422244897 
0.06126438326158228 
0.06126277585234824 
0.06126117119092714 
0.06125956927365369 
0.06125797009681293 
0.06125637365663989 
0.0612547799493191 
0.0612531889709856 
0.061251600717722864 
0.061250015185564284 
0.06124843237049304 
0.06124685226844069 
0.061245274875289704 
0.061243700186870344 
0.06124212819896393 
0.0612405589073001 
0.061238992307558665 
0.061237428395370316 
0.06123586716631479 
0.06123430861592242 
0.06123275273967392 
0.06123119953300191 
0.06122964899128819 
0.06122810110986843 
0.06122655588402796 
0.06122501330900567 
0.06122347337999182 
0.06122193609213036 
0.061220401440517824 
0.06121886942020554 
0.061217340026198 
0.061215813253453905 
0.06121428909688908 
0.06121276755137252 
0.06121124861173055 
0.06120973227274647 
0.06120821852915894 
0.06120670737566594 
0.061205198806923114 
0.061203692817544925 
0.06120218940210472 
0.061200688555136114 
0.06119919027113358 
0.06119769454455188 
0.06119620136980754 
0.06119471074128007 
0.06119322265331187 
0.061191737100207755 
0.061190254076238175 
0.061188773575636964 
0.06118729559260442 
0.061185820121307216 
0.061184347155877415 
0.06118287669041562 
0.061181408718990436 
0.06117994323563821 
0.06117848023436599 
0.06117701970915003 
0.06117556165393717 
0.061174106062646484 
0.061172652929168035 
0.061171202247365025 
0.061169754011074814 
0.06116830821410751 
0.06116686485024854 
0.06116542391325892 
0.061163985396875384 
0.06116254929481103 
0.061161115600757494 
0.06115968430838329 
0.061158255411336376 
0.061156828903243254 
0.06115540477771088 
0.061153983028327356 
0.06115256364866183 
0.061151146632264945 
0.06114973197266993 
0.06114831966339409 
0.061146909697938 
0.0611455020697867 
0.0611440967724108 
0.061142693799266165 
0.06114129314379551 
0.061139894799428364 
0.061138498759581765 
0.06113710501766124 
0.06113571356706124 
0.06113432440116486 
0.06113293751334636 
0.06113155289696996 
0.06113017054539104 
0.06112879045195751 
0.06112741261000844 
0.06112603701287655 
0.06112466365388812 
0.06112329252636361 
0.061121923623617756 
0.06112055693895989 
0.0611191924656962 
0.06111783019712828 
0.06111647012655488 
0.06111511224727166 
0.061113756552572764 
0.061112403035749704 
0.061111051690093635 
0.0611097025088944 
0.06110835548544202 
0.061107010613026896 
0.06110566788493941 
0.06110432729447219 
0.06110298883491906 
0.061101652499576414 
0.06110031828174262 
0.06109898617471977 
0.06109765617181323 
0.061096328266332205 
0.06109500245159033 
0.0610936787209067 
0.06109235706760419 
0.06109103748501356 
0.061089719966468864 
0.06108840450531353 
0.06108709109489569 
0.06108577972857136 
0.06108447039970481 
0.061083163101667476 
0.06108185782783931 
0.061080554571609484 
0.061079253326376315 
0.06107795408554714 
0.06107665684253855 
0.061075361590778775 
0.06107406832370529 
0.06107277703476737 
0.061071487717424565 
0.06107020036514751 
0.06106891497142011 
0.06106763152973736 
0.06106635003360655 
0.0610650704765477 
0.06106379285209434 
0.06106251715379259 
0.061061243375202384 
0.06105997150989702 
0.06105870155146442 
0.06105743349350639 
0.061056167329640094 
0.06105490305349592 
0.06105364065872083 
0.06105238013897667 
0.06105112148794005 
0.0610498646993043 
0.061048609766778714 
0.06104735668408766 
0.06104610544497356 
0.061044856043193964 
0.06104360847252377 
0.061042362726755506 
0.06104111879969818 
0.06103987668517884 
0.061038636377040746 
0.061037397869146894 
0.06103616115537642 
0.06103492622962791 
0.061033693085817 
0.06103246171787886 
0.06103123211976719 
0.06103000428545313 
0.06102877820892798 
0.061027553884201766 
0.061026331305303695 
0.061025110466281784 
0.06102389136120442 
0.06102267398415832 
0.06102145832925093 
0.06102024439060908 
0.061019032162379215 
0.061017821638728625 
0.06101661281384376 
0.0610154056819318 
0.06101420023721981 
0.061012996473956374 
0.061011794386409156 
0.06101059396886696 
0.061009395215639986 
0.06100819812105759 
0.06100700267947164 
0.06100580888525398 
0.06100461673279743 
0.06100342621651561 
0.06100223733084431 
0.06100105007023937 
0.06099986442917812 
0.06099868040215939 
0.060997497983703 
0.06099631716835039 
0.06099513795066412 
0.06099396032522837 
0.06099278428664859 
0.06099160982955249 
0.06099043694858783 
0.06098926563842523 
0.060988095893756415 
0.060986927709294966 
0.06098576107977531 
0.06098459599995452 
0.06098343246461065 
0.06098227046854362 
0.06098111000657549 
0.060979951073549574 
0.06097879366433004 
0.060977637773804404 
0.06097648339688059 
0.060975330528489115 
0.06097417916358153 
0.06097302929713121 
0.06097188092413346 
0.060970734039604735 
0.060969588638584 
0.06096844471613092 
0.06096730226732745 
0.06096616128727643 
0.060965021771102995 
0.0609638837139536 
0.060962747110995995 
0.060961611957419636 
0.06096047824843552 
0.060959345979275985 
0.06095821514519446 
0.06095708574146634 
0.06095595776338787 
0.0609548312062771 
0.06095370606547303 
0.060952582336335756 
0.0609514600142467 
0.06095033909460851 
0.06094921957284475 
0.06094810144440044 
0.06094698470474143 
0.06094586934935357 
0.06094475537374508 
0.06094364277344432 
0.0609425315440008 
0.06094142168098413 
0.06094031317998508 
0.06093920603661531 
0.060938100246506186 
0.06093699580531081 
0.060935892708702005 
0.060934790952372704 
0.060933690532036504 
0.060932591443428226 
0.06093149368230151 
0.060930397244430584 
0.06092930212560993 
0.060928208321654506 
0.060927115828398444 
0.06092602464169608 
0.06092493475742147 
0.060923846171469245 
0.060922758879752126 
0.06092167287820361 
0.0609205881627772 
0.060919504729444636 
0.060918422574197564 
0.06091734169304698 
0.06091626208202342 
0.06091518373717669 
0.060914106654574765 
0.06091303083030573 
0.060911956260476206 
0.060910882941211796 
0.06090981086865654 
0.060908740038973286 
0.060907670448344386 
0.06090660209297005 
0.06090553496906878 
0.060904469072878324 
0.06090340440065373 
0.06090234094866946 
0.06090127871321738 
0.06090021769060732 
0.0608991578771679 
0.0608980992692456 
0.0608970418632037 
0.06089598565542452 
0.06089493064230736 
0.0608938768202699 
0.06089282418574618 
0.060891772735189025 
0.06089072246506816 
0.06088967337186971 
0.06088862545209851 
0.06088757870227517 
0.0608865331189388 
0.06088548869864424 
0.06088444543796364 
0.060883403333486644 
0.060882362381818676 
0.06088132257958152 
0.0608802839234148 
0.06087924640997397 
0.060878210035930885 
0.06087717479797362 
0.06087614069280675 
0.060875107717150406 
0.06087407586774222 
0.06087304514133384 
0.06087201553469411 
0.060870987044608374 
0.060869959667875596 
0.06086893340131184 
0.06086790824174879 
0.06086688418603329 
0.060865861231027885 
0.06086483937360962 
0.0608638186106719 
0.06086279893912277 
0.06086178035588525 
0.06086076285789823 
0.06085974644211348 
0.060858731105500385 
0.06085771684504116 
0.060856703657733074 
0.060855691540589056 
0.06085468049063462 
0.06085367050491136 
0.06085266158047505 
0.0608516537143951 
0.06085064690375514 
0.06084964114565412 
0.0608486364372036 
0.060847632775530014 
0.06084663015777307 
0.06084562858108683 
0.060844628042639 
0.060843628539610964 
