0.8800551923450403 
0.5716004444097451 
0.5160725934463607 
0.5052396298799493 
0.5021586425582742 
0.5004555360925202 
0.49893473541871836 
0.49743232949806954 
0.4960008995512616 
0.4947236759781421 
0.49366252576461295 
0.49284168888621277 
0.492250250477976 
0.49185538566968606 
0.49161666246845925 
0.49149543385033456 
0.49145888879397615 
0.49148082222641587 
0.4915410040678821 
0.49162415917659913 
0.49171896087644573 
0.49181716045289353 
0.4919128726876113 
0.4920020052890694 
0.4920818113837246 
0.49215054322653035 
0.492207187035634 
0.4922512616233693 
0.4922826664970828 
0.49230156793082563 
0.49230831397120245 
0.4923033713800476 
0.4922872791503378 
0.49226061451137554 
0.4922239683264941 
0.4921779275407643 
0.49212306290873054 
0.4920599206653625 
0.49198901713049026 
0.4919108354839046 
0.4918258241347446 
0.4917343962497694 
0.49163693011179316 
0.49153377006050103 
0.4914252278292417 
0.4913115841381472 
0.49119309043944537 
0.4910699707379241 
0.4909424234301222 
0.4908106231215298 
0.4906747223930174 
0.4905348534967726 
0.4903911299688658 
0.49024364815071225 
0.4900924886155551 
0.48993771749890747 
0.4897793877339924 
0.48961754019467785 
0.4894522047494368 
0.4892834012305584 
0.4891111403232428 
0.48893542437944504 
0.48875624816142516 
0.4885735995199008 
0.4883874600116411 
0.4881978054611185 
0.4880046064707003 
0.48780782888358126 
0.48760743420345704 
0.4874033799746836 
0.48719562012642276 
0.4869841052840373 
0.48676878305076815 
0.4865495982625019 
0.4863264932182125 
0.48609940788849026 
0.485868280104342 
0.48563304572830146 
0.4853936388096952 
0.4851499917257916 
0.48490203531036385 
0.4846496989711257 
0.48439291079732 
0.48413159765866914 
0.4838656852967618 
0.48359509840987747 
0.4833197607321396 
0.4830395951078291 
0.4827545235615911 
0.48246446736522325 
0.4821693471016548 
0.48186908272666595 
0.4815635936288587 
0.4812527986883332 
0.4809366163344606 
0.48061496460314734 
0.48028776119389194 
0.4799549235269475 
0.47961636880083663 
0.4792720140504608 
0.4789217762059937 
0.47856557215274603 
0.4782033187921466 
0.47783493310397357 
0.4774603322099273 
0.477079433438661 
0.47669215439230334 
0.47629841301454395 
0.47589812766030815 
0.47549121716702736 
0.4750776009275199 
0.4746571989644475 
0.4742299320063284 
0.47379572156505984 
0.4733544900148813 
0.47290616067271773 
0.4724506578798033 
0.47198790708449745 
0.47151783492617017 
0.4710403693200516 
0.47055543954288365 
0.47006297631925537 
0.46956291190844146 
0.4690551801916014 
0.468539716759138 
0.4680164589980459 
0.4674853461790559 
0.4669463195433652 
0.46639932238875204 
0.4658443001548641 
0.4652812005074422 
0.4647099734212862 
0.4641305712617046 
0.4635429488642392 
0.46294706361242627 
0.46234287551335973 
0.4617303472708386 
0.4611094443558546 
0.46048013507420604 
0.45984239063102283 
0.45919618519197575 
0.45854149594097615 
0.457878303134167 
0.45720659015001236 
0.4565263435353177 
0.45583755304701634 
0.45514021168956864 
0.45443431574784837 
0.453719864815395 
0.4529968618179263 
0.45226531303204376 
0.45152522809905055 
0.4507766200338509 
0.45001950522891093 
0.4492539034532569 
0.4484798378465639 
0.44769733490834207 
0.44690642448230466 
0.44610713973599314 
0.44529951713575644 
0.4444835964172218 
0.4436594205513879 
0.4428270357065128 
0.4419864912059686 
0.4411378394822719 
0.44028113602748836 
0.4394164393402533 
0.43854381086963995 
0.4376633149561325 
0.43677501876995645 
0.4358789922470526 
0.4349753080229456 
0.4340640413648116 
0.43314527010200715 
0.432219074555353 
0.4312855374654405 
0.4303447439202556 
0.42939678128236985 
0.4284417391159792 
0.4274797091140375 
0.4265107850257238 
0.42553506258448637 
0.4245526394368737 
0.42356361507235457 
0.4225680907543108 
0.42156616945238284 
0.42055795577630123 
0.41954355591134246 
0.4185230775555244 
0.4174966298586158 
0.41646432336304146 
0.4154262699467244 
0.414382582767884 
0.4133333762118088 
0.412278765839566 
0.4112188683386295 
0.4101538014753522 
0.4090836840492044 
0.40800863584869385 
0.4069287776088313 
0.4058442309700181 
0.404755118438203 
0.4036615633461438 
0.40256368981558327 
0.40146162272016483 
0.40035548764885764 
0.3992454108697068 
0.39813151929365515 
0.3970139404382315 
0.3958928023908518 
0.3947682337715111 
0.39364036369461053 
0.392509321729693 
0.39137523786083644 
0.390238242444485 
0.38909846616547455 
0.3879560399910437 
0.38681109512261236 
0.38566376294512683 
0.38451417497379153 
0.38336246279800407 
0.38220875802235366 
0.38105319220453204 
0.3798958967900504 
0.37873700304366714 
0.3775766419774496 
0.3764149442754391 
0.3752520402148857 
0.3740880595840688 
0.37292313159674606 
0.37175738480328346 
0.37059094699858347 
0.3694239451269238 
0.36825650518387315 
0.36708875211547454 
0.36592080971491253 
0.36475280051692816 
0.36358484569024263 
0.36241706492832 
0.36124957633879695 
0.36008249633193984 
0.35891593950852185 
0.35775001854752375 
0.3565848440940946 
0.3554205246482036 
0.35425716645445826 
0.3530948733935424 
0.3519337468757657 
0.35077388573719137 
0.34961538613883425 
0.34845834146941085 
0.34730284225209246 
0.3461489760557517 
0.34499682741112586 
0.34384647773233745 
0.34269800524417915 
0.3415514849155431 
0.340406988399354 
0.33926458397932563 
0.3381243365238364 
0.3369863074471794 
0.33585055467839836 
0.33471713263789804 
0.33358609222195473 
0.3324574807952297 
0.3313313421913362 
0.3302077167214666 
0.32908664119105574 
0.32796814892439435 
0.3268522697970904 
0.3257390302762147 
0.32462845346793784 
0.32352055917243994 
0.32241536394582004 
0.32131288116871626 
0.32021312112131783 
0.3191160910644134 
0.3180217953261149 
0.31693023539385684 
0.3158414100112752 
0.31475531527953077 
0.3136719447626684 
0.3125912895965491 
0.311513338600933 
0.31043807839426163 
0.30936549351069953 
0.3082955665189964 
0.3072282781427437 
0.3061636073815963 
0.30510153163305764 
0.3040420268144233 
0.302985067484504 
0.3019306269647554 
0.3008786774594733 
0.29982919017471366 
0.2987821354356299 
0.2977374828019346 
0.296695201181206 
0.29565525893980177 
0.29461762401112995 
0.2935822640010806 
0.2925491462904184 
0.29151823813397276 
0.29048950675646745 
0.2894629194448607 
0.28843844363708704 
0.28741604700709356 
0.28639569754610805 
0.2853773636400626 
0.28436101414313614 
0.28334661844738396 
0.2823341465484312 
0.28132356910723244 
0.2803148575079072 
0.27930798391166767 
0.2783029213068738 
0.2772996435552583 
0.2762981254343698 
0.2752983426763035 
0.2743002720027786 
0.2733038911566483 
0.27230917892992296 
0.2713161151883995 
0.2703246808929952 
0.26933485811789043 
0.268346630065589 
0.2673599810790082 
0.2663748966507282 
0.2653913634295119 
0.26440936922423364 
0.2634289030053444 
0.2624499549040108 
0.26147251620906453 
0.260496579361911 
0.2595221379495325 
0.2585491866957396 
0.2575777214508143 
0.25660773917970225 
0.25563923794889454 
0.25467221691215886 
0.25370667629526467 
0.25274261737985854 
0.25178004248663105 
0.25081895495792417 
0.249859359139926 
0.24890126036458154 
0.24794466493136608 
0.2469895800890385 
0.24603601401749825 
0.24508397580986174 
0.24413347545485695 
0.2431845238196341 
0.24223713263306693 
0.24129131446962213 
0.24034708273384495 
0.23940445164550386 
0.23846343622541957 
0.23752405228198864 
0.23658631639838248 
0.23565024592041245 
0.23471585894499838 
0.23378317430918752 
0.23285221157964567 
0.23192299104251007 
0.23099553369349812 
0.23006986122814663 
0.2291459960320203 
0.22822396117074709 
0.2273037803797053 
0.22638547805319312 
0.22546907923288953 
0.22455460959544266 
0.22364209543898006 
0.22273156366838504 
0.22182304177916132 
0.22091655783972486 
0.22001214047199105 
0.2191098188301211 
0.21820962257733542 
0.2173115818607078 
0.21641572728389488 
0.21552208987777255 
0.21463070106898913 
0.21374159264647843 
0.21285479672599245 
0.21197034571276718 
0.21108827226244073 
0.21020860924039791 
0.20933138967971635 
0.20845664673793285 
0.20758441365285968 
0.20671472369770186 
0.20584761013572977 
0.20498310617479376 
0.2041212449219457 
0.20326205933844554 
0.2024055821954345 
0.20155184603053297 
0.2007008831056214 
0.19985272536604587 
0.1990074044014646 
0.19816495140854257 
0.19732539715567063 
0.19648877194986278 
0.1956551056059614 
0.1948244274182496 
0.19399676613455183 
0.1931721499328705 
0.19235060640058294 
0.19153216251619817 
0.1907168446336538 
0.1899046784691097 
0.1890956890901711 
0.1882899009074666 
0.18748733766848266 
0.18668802245355096 
0.18589197767385857 
0.18509922507137105 
0.18430978572051732 
0.18352368003150862 
0.18274092775514805 
0.1819615479889868 
0.1811855591846873 
0.18041297915645468 
0.17964382509039845 
0.17887811355469713 
0.17811586051043277 
0.17735708132298011 
0.1766017907738387 
0.17585000307279178 
0.17510173187030473 
0.17435699027005908 
0.17361579084154813 
0.17287814563265072 
0.17214406618211553 
0.17141356353189513 
0.1706866482392756 
0.16996333038874706 
0.16924361960358597 
0.16852752505710067 
0.16781505548351788 
0.16710621918848684 
0.16640102405917612 
0.16569947757395637 
0.16500158681165145 
0.16430735846035674 
0.16361679882581928 
0.16292991383938396 
0.16224670906550273 
0.16156718970881964 
0.1608913606208349 
0.16021922630616006 
0.15955079092837648 
0.15888605831550795 
0.15822503196512325 
0.15756771504908634 
0.15691411041796402 
0.1562642206051137 
0.15561804783046473 
0.154975594004014 
0.15433686072904534 
0.15370184930510383 
0.1530705607307281 
0.15244299570596737 
0.1518191546346976 
0.15119903762674827 
0.1505826444998676 
0.14996997478153146 
0.1493610277106149 
0.14875580223894472 
0.14815429703274002 
0.1475565104739624 
0.14696244066158515 
0.146372085412793 
0.14578544226412746 
0.14520250847258737 
0.1446232810166965 
0.1440477565975473 
0.14347593163983247 
0.14290780229287184 
0.14234336443164256 
0.14178261365782371 
0.14122554530085799 
0.14067215441904338 
0.14012243580065475 
0.13957638396510705 
0.13903399316416168 
0.13849525738318022 
0.13796017034243657 
0.13742872549848276 
0.136900916045577 
0.13637673491717833 
0.1358561747875051 
0.13533922807316798 
0.13482588693486933 
0.13431614327918048 
0.13380998876039277 
0.13330741478244337 
0.13280841250092032 
0.13231297282514293 
0.1318210864203228 
0.13133274370979886 
0.130847934877354 
0.13036664986960558 
0.12988887839847543 
0.12941460994373433 
0.12894383375562085 
0.128476538857536 
0.12801271404880724 
0.1275523479075278 
0.12709542879346095 
0.126641944851015 
0.12619188401228418 
0.125745234000152 
0.12530198233145792 
0.12486211632022379 
0.12442562308093814 
0.123992489531897 
0.12356270239859567 
0.12313624821717575 
0.12271311333791576 
0.1222932839287718 
0.12187674597895996 
0.12146348530258264 
0.12105348754228978 
0.12064673817298095 
0.12024322250553715 
0.11984292569058752 
0.11944583272230165 
0.11905192844221062 
0.11866119754305056 
0.11827362457262804 
0.11788919393770432 
0.11750788990789578 
0.11712969661958832 
0.11675459807986276 
0.11638257817043136 
0.1160136206515783 
0.11564770916610795 
0.1152848272432921 
0.1149249583028193 
0.11456808565874296 
0.11421419252342235 
0.11386326201145909 
0.11351527714362476 
0.11317022085077877 
0.11282807597777292 
0.11248882528734223 
0.11215245146397833 
0.11181893711778756 
0.11148826478832678 
0.11116041694841913 
0.11083537600794667 
0.11051312431761769 
0.1101936441727087 
0.10987691781677837 
0.10956292744535177 
0.10925165520957592 
0.10894308321984224 
0.10863719354937536 
0.10833396823778899 
0.10803338929460676 
0.10773543870274405 
0.10744009842195518 
0.10714735039224015 
0.10685717653721269 
0.10656955876742691 
0.10628447898366405 
0.10600191908017584 
0.10572186094788591 
0.1054442864775473 
0.10516917756285446 
0.10489651610351383 
0.10462628400826383 
0.10435846319785433 
0.10409303560797563 
0.1038299831921417 
0.10356928792452735 
0.10331093180275544 
0.10305489685063801 
0.10280116512086786 
0.10254971869766163 
0.10230053969935435 
0.10205361028094541 
0.10180891263659408 
0.10156642900206636 
0.10132614165713255 
0.10108803292791484 
0.10085208518918544 
0.10061828086661599 
0.10038660243897578 
0.10015703244028097 
0.09992955346189515 
0.09970414815458004 
0.09948079923049621 
0.09925948946515548 
0.0990402016993227 
0.09882291884087138 
0.09860762386658764 
0.09839429982392771 
0.09818292983272661 
0.09797349708685732 
0.09776598485584458 
0.09756037648642939 
0.09735665540408646 
0.0971548051144952 
0.09695480920496374 
0.09675665134580667 
0.09656031529167669 
0.0963657848828499 
0.09617304404646713 
0.09598207679772953 
0.09579286724104939 
0.09560539957115712 
0.09541965807416389 
0.09523562712858172 
0.09505329120630086 
0.09487263487352188 
0.0946936427916498 
0.09451629971814399 
0.09434059050732634 
0.09416650011115073 
0.09399401357993013 
0.09382311606302607 
0.09365379280949655 
0.09348602916870698 
0.09331981059090179 
0.09315512262773752 
0.09299195093278169 
0.09283028126196913 
0.09267009947402871 
0.09251139153087021 
0.092354143497936 
0.09219834154452036 
0.09204397194405178 
0.09189102107434433 
0.09173947541781416 
0.09158932156166492 
0.09144054619804028 
0.09129313612414432 
0.09114707824233416 
0.09100235956017876 
0.0908589671904916 
0.0907168883513313 
0.09057611036597576 
0.09043662066286709 
0.09029840677553162 
0.09016145634246933 
0.09002575710702233 
0.08989129691721295 
0.08975806372555961 
0.08962604558886883 
0.08949523066800161 
0.0893656072276186 
0.08923716363590126 
0.08910988836425225 
0.08898376998697427 
0.08885879718092844 
0.08873495872517112 
0.08861224350057297 
0.08849064048941906 
0.0883701387749895 
0.08825072754112233 
0.08813239607176108 
0.0880151337504836 
0.08789893006001609 
0.08778377458173105 
0.08766965699513084 
0.0875565670773165 
0.08744449470244318 
0.08733342984116266 
0.0872233625600513 
0.08711428302102925 
0.08700618148076346 
0.08689904829006465 
0.08679287389327005 
0.0866876488276168 
0.08658336372260717 
0.08648000929936314 
0.08637757636997424 
0.08627605583683379 
0.08617543869197132 
0.08607571601637687 
0.08597687897931666 
0.08587891883764474 
0.08578182693510704 
0.08568559470164172 
0.08559021365267412 
0.08549567538840545 
0.08540197159309934 
0.08530909403436424 
0.08521703456243195 
0.08512578510943265 
0.08503533768866874 
0.0849456843938863 
0.08485681739854212 
0.08476872895507274 
0.08468141139415981 
0.08459485712399496 
0.0845090586295449 
0.08442400847181548 
0.08433969928711581 
0.08425612378632279 
0.08417327475414618 
0.08409114504839474 
0.08400972759924279 
0.08392901540849852 
0.08384900154887394 
0.08376967916325682 
0.08369104146398416 
0.08361308173211925 
0.08353579331672772 
0.08345916963416153 
0.08338320416734162 
0.08330789046504417 
0.0832332221411928 
0.08315919287415202 
0.08308579640602336 
0.08301302654194728 
0.08294087714940918 
0.08286934215754715 
0.08279841555646501 
0.08272809139655174 
0.08265836378780136 
0.08258922689914176 
0.08252067495776372 
0.0824527022484593 
0.08238530311296077 
0.08231847194928806 
0.08225220321109952 
0.082186491407048 
0.08212133110014272 
0.08205671690711568 
0.08199264349779456 
0.08192910559447976 
0.08186609797132889 
0.08180361545374452 
0.0817416529177701 
0.08168020528948865 
0.08161926754443043 
0.08155883470698379 
0.08149890184981395 
0.0814394640932862 
0.08138051660489515 
0.08132205459870029 
0.08126407333476879 
0.08120656811862141 
0.08114953430068694 
0.0810929672757626 
0.08103686248247781 
0.08098121540276856 
0.0809260215613526 
0.08087127652521622 
0.08081697590310243 
0.08076311534500852 
0.0807096905416874 
0.0806566972241575 
0.08060413116321674 
0.08055198816896295 
0.0805002640903223 
0.08044895481458149 
0.08039805626692646 
0.08034756440998951 
0.08029747524339939 
0.08024778480333956 
0.08019848916211185 
0.08014958442770588 
0.08010106674337569 
0.08005293228722146 
0.08000517727177672 
0.07995779794360322 
0.07991079058289059 
0.07986415150306274 
0.07981787705038951 
0.07977196360360402 
0.07972640757352759 
0.07968120540269924 
0.07963635356500977 
0.07959184856534621 
0.07954768693923642 
0.07950386525250303 
0.07946038010092354 
0.07941722810989324 
0.0793744059340955 
0.0793319102571799 
0.0792897377914419 
0.07924788527751071 
0.07920634948404215 
0.07916512720741778 
0.07912421527144786 
0.07908361052708102 
0.0790433098521201 
0.07900331015094048 
0.07896360835421776 
0.0789242014186577 
0.07888508632673279 
0.07884626008642229 
0.07880771973096212 
0.07876946231859296 
0.07873148493231913 
0.07869378467967017 
0.07865635869246779 
0.07861920412659736 
0.07858231816178421 
0.07854569800137602 
0.07850934087212884 
0.07847324402399712 
0.07843740472993056 
0.07840182028567304 
0.07836648800956747 
0.078331405242366 
0.07829656934704181 
0.07826197770860757 
0.07822762773393792 
0.07819351685159336 
0.0781596425116534 
0.07812600218554835 
0.07809259336589834 
0.07805941356635383 
0.0780264603214429 
0.07799373118641978 
0.077961223737117 
0.07792893556980189 
0.07789686430103573 
0.07786500756753835 
0.07783336302605182 
0.07780192835321048 
0.07777070124541326 
0.077739679418699 
0.07770886060862245 
0.07767824257013708 
0.0776478230774763 
0.07761759992403912 
0.07758757092227879 
0.07755773390359245 
0.0775280867182127 
0.0774986272351034 
0.07746935334185369 
0.07744026294457795 
0.07741135396781447 
0.07738262435442719 
0.0773540720655075 
0.07732569508028014 
0.07729749139600667 
0.07726945902789371 
0.07724159600899971 
0.07721390039014343 
0.07718637023981316 
0.07715900364407806 
0.0771317987064972 
0.07710475354803194 
0.07707786630695822 
0.07705113513877612 
0.07702455821612494 
0.07699813372869391 
0.07697185988313467 
0.07694573490297503 
0.07691975702852885 
0.07689392451681054 
0.07686823564144547 
0.07684268869258082 
0.07681728197679848 
0.07679201381702387 
0.07676688255243584 
0.07674188653837696 
0.07671702414626129 
0.07669229376348248 
0.07666769379332079 
0.07664322265484937 
0.07661887878283964 
0.0765946606276656 
0.07657056665520692 
0.0765465953467535 
0.0765227451989047 
0.07649901472347193 
0.07647540244737613 
0.07645190691254904 
0.07642852667582926 
0.07640526030885894 
0.07638210639798067 
0.07635906354413054 
0.07633613036273354 
0.07631330548359541 
0.07629058755079468 
0.07626797522257475 
0.07624546717123293 
0.0762230620830104 
0.07620075865798089 
0.07617855560993872 
0.07615645166628648 
0.07613444556792073 
0.07611253606911915 
0.07609072193742576 
0.076069001953536 
0.07604737491118216 
0.0760258396170163 
0.0760043948904967 
0.07598303956376962 
0.07596177248155514 
0.07594059250102937 
0.07591949849170941 
0.07589848933533552 
0.07587756392575754 
0.07585672116881692 
0.07583595998223133 
0.07581527929548057 
0.07579467804969105 
0.07577415519751962 
0.07575370970304296 
0.07573334054164074 
0.07571304669988405 
0.07569282717542362 
0.07567268097687774 
0.07565260712372161 
0.07563260464617638 
0.07561267258510133 
0.07559280999188416 
0.07557301592833503 
0.07555328946657858 
0.07553362968894788 
0.07551403568788241 
0.07549450656582168 
0.07547504143510293 
0.07545563941786088 
0.07543629964592523 
0.07541702126072261 
0.07539780341317726 
0.07537864526361283 
0.07535954598165671 
0.0753405047461446 
0.07532152074502477 
0.0753025931752655 
0.07528372124276228 
0.07526490416224602 
0.07524614115719223 
0.0752274314597313 
0.07520877431055999 
0.0751901689588525 
0.07517161466217415 
0.07515311068639446 
0.07513465630560126 
0.07511625080201668 
0.07509789346591242 
0.0750795835955257 
0.07506132049697743 
0.07504310348419004 
0.07502493187880453 
0.07500680501010147 
0.07498872221491884 
0.07497068283757276 
0.07495268622977877 
0.07493473175057189 
0.07491681876622855 
0.0748989466501887 
0.07488111478297885 
0.07486332255213309 
0.07484556935211939 
0.07482785458426075 
0.07481017765666084 
0.07479253798412862 
0.07477493498810334 
0.07475736809657933 
0.07473983674403371 
0.07472234037135222 
0.07470487842575625 
0.07468745036073118 
0.07467005563595455 
0.0746526937172248 
0.07463536407639175 
0.07461806619128648 
0.0746007995456535 
0.0745835636290822 
0.07456635793694075 
0.07454918197031042 
0.0745320352359197 
0.07451491724608286 
0.07449782751863596 
0.07448076557687713 
0.07446373094950677 
0.07444672317056951 
0.07442974177939873 
0.07441278632056113 
0.07439585634380519 
0.07437895140401002 
0.07436207106113614 
0.074345214880181 
0.07432838243113273 
0.07431157328893062 
0.07429478703342356 
0.07427802324933643 
0.07426128152623437 
0.07424456145849277 
0.07422786264526936 
0.07421118469047971 
0.07419452720277683 
0.07417788979553089 
0.07416127208681672 
0.07414467369940152 
0.07412809426073907 
0.07411153340296459 
0.07409499076289586 
0.07407846598203774 
0.07406195870658973 
0.07404546858745963 
0.07402899528027862 
0.0740125384454233 
0.07399609774804031 
0.07397967285807552 
0.07396326345030897 
0.07394686920439106 
0.07393048980488645 
0.07391412494132153 
0.07389777430823283 
0.07388143760522622 
0.07386511453703302 
0.07384880481357683 
0.07383250815003989 
0.07381622426693518 
0.07379995289018233 
0.0737836937511876 
0.07376744658692658 
0.07375121114003114 
0.07373498715887766 
0.07371877439768117 
0.07370257261659058 
0.07368638158178444 
0.07367020106557366 
0.07365403084650077 
0.07363787070944362 
0.07362172044572071 
0.07360557985319344 
0.07358944873637285 
0.0735733269065241 
0.0735572141817698 
0.07354111038719316 
0.07352501535493824 
0.07350892892430781 
0.07349285094185984 
0.07347678126149848 
0.0734607197445586 
0.07344466625989167 
0.07342862068393746 
0.07341258290079633 
0.07339655280228698 
0.07338053028800215 
0.07336451526534954 
0.07334850764958521 
0.07333250736383469 
0.07331651433910137 
0.07330052851426087 
0.07328454983604019 
0.07326857825898236 
0.07325261374539185 
0.07323665626526187 
0.07322070579618117 
0.07320476232322004 
0.07318882583879224 
0.07317289634249266 
0.07315697384090727 
0.0731410583473973 
0.07312514988185172 
0.07310924847040695 
0.07309335414513539 
0.0730774669436946 
0.07306158690894222 
0.07304571408850528 
0.07302984853431224 
0.07301399030207315 
0.07299813945071902 
0.07298229604178282 
0.0729664601387306 
0.07295063180623498 
0.07293481110938672 
0.07291899811284251 
0.07290319287990553 
0.07288739547153346 
0.07287160594526888 
0.07285582435409124 
0.07284005074518277 
0.07282428515860036 
0.07280852762585649 
0.07279277816839233 
0.07277703679594758 
0.0727613035048102 
0.07274557827594902 
0.07272986107301142 
0.07271415184018677 
0.07269845049992081 
0.07268275695047469 
0.07266707106331596 
0.07265139268033774 
0.07263572161088175 
0.07262005762856664 
0.07260440046790086 
0.07258874982066645 
0.0725731053320615 
0.0725574665965836 
0.07254183315363581 
0.07252620448284278 
0.072510579999049 
0.07249495904698491 
0.07247934089558145 
0.07246372473189923 
0.07244810965466045 
0.07243249466734918 
0.07241687867085858 
0.07240126045565107 
0.07238563869340689 
0.07237001192812788 
0.07235437856666348 
0.07233873686862646 
0.07232308493566583 
0.07230742070005723 
0.07229174191258346 
0.07227604612965947 
0.0722603306996767 
0.07224459274852399 
0.07222882916425916 
0.07221303658089491 
0.072197211361274 
0.07218134957901196 
0.0721654469994861 
0.07214949905986179 
0.07213350084815526 
0.07211744708133848 
0.07210133208251275 
0.07208514975718705 
0.0720688935687184 
0.07205255651299812 
0.07203613109249143 
0.07201960928976929 
0.07200298254071336 
0.07198624170761618 
0.07196937705244302 
0.07195237821059124 
0.07193523416554021 
0.07191793322485587 
0.07190046299810546 
0.07188281037732656 
0.07186496152079076 
0.07184690184092603 
0.07182861599736734 
0.0718100878962489 
0.07179130069697634 
0.07177223682785903 
0.07175287801213263 
0.07173320530602703 
0.07171319915068079 
0.07169283943980857 
0.07167210560512692 
0.0716509767216038 
0.07162943163460968 
0.07160744911101016 
0.07158500801611321 
0.07156208751819462 
0.07153866732198726 
0.07151472793210456 
0.071490250946768 
0.0714652193814881 
0.07143961802143721 
0.0714134338001902 
0.0713866562012744 
0.07135927767758413 
0.0713312940822228 
0.07130270510274546 
0.07127351468918648 
0.07124373146471501 
0.07121336910638075 
0.07118244668227638 
0.07115098893069763 
0.07111902646660166 
0.07108659590100055 
0.071053739859938 
0.07102050689146118 
0.07098695125154696 
0.07095313256322085 
0.07091911534706566 
0.07088496842579123 
0.07085076421033808 
0.07081657787987752 
0.0707824864727601 
0.07074856790966945 
0.07071489997370037 
0.07068155927450577 
0.0706486202249425 
0.07061615405858573 
0.0705842279151478 
0.07055290401822949 
0.07052223896615023 
0.07049228315205262 
0.07046308032434884 
0.07043466729316189 
0.07040707378306107 
0.07038032242731841 
0.07035442889444493 
0.07032940213403223 
0.07030524472606456 
0.07028195331595148 
0.07025951911653056 
0.07023792845816425 
0.07021716336867323 
0.07019720216611963 
0.0701780200491873 
0.07015958967197973 
0.07014188169231561 
0.0701248652849138 
0.07010850861312568 
0.07009277925498775 
0.07007764458128478 
0.0700630720849841 
0.0700490296627975 
0.07003548585075291 
0.07002241001652292 
0.07000977251186385 
0.06999754478892065 
0.06998569948435407 
0.06997421047528751 
0.06996305291100134 
0.0699522032241124 
0.06994163912472748 
0.06993133958077652 
0.06992128478738877 
0.06991145612786027 
0.06990183612841637 
0.0698924084086668 
0.06988315762934354 
0.0698740694386439 
0.06986513041825172 
0.06985632802989214 
0.06984765056308474 
0.06983908708459204 
0.06983062738993294 
0.06982226195719662 
0.06981398190331896 
0.06980577894288696 
0.06979764534949348 
0.06978957391959989 
0.06978155793884892 
0.06977359115072206 
0.06976566772743761 
0.0697577822429603 
0.06974992964799283 
0.06974210524681529 
0.06973430467583995 
0.06972652388375096 
0.06971875911310374 
0.06971100688326184 
0.06970326397455802 
0.06969552741357532 
0.06968779445944495 
0.06968006259107007 
0.0696723294951888 
0.06966459305520002 
0.0696568513406791 
0.06964910259751586 
0.06964134523861994 
0.06963357783513577 
0.06962579910812149 
0.06961800792064604 
0.06961020327026993 
0.06960238428187039 
0.06959455020078391 
0.06958670038623917 
0.06957883430505486 
0.06957095152558672 
0.06956305171189867 
0.06955513461815285 
0.06954720008319593 
0.06953924802533876 
0.06953127843731477 
0.06952329138141274 
0.06951528698477505 
0.06950726543485977 
0.0694992269750587 
0.06949117190047026 
0.06948310055382305 
0.06947501332154948 
0.0694669106300056 
0.06945879294183757 
0.06945066075249105 
0.0694425145868654 
0.0694343549961078 
0.06942618255454883 
0.06941799785677832 
0.06940980151485625 
0.06940159415566256 
0.06939337641838049 
0.06938514895211317 
0.06937691241362985 
0.06936866746524167 
0.06936041477280258 
0.06935215500383458 
0.06934388882577196 
0.0693356169043241 
0.06932733990195321 
0.06931905847646022 
0.06931077327968174 
0.06930248495628934 
0.06929419414268696 
0.06928590146600998 
0.06927760754321154 
0.06926931298024112 
0.06926101837130627 
0.06925272429821655 
0.06924443132980355 
0.06923614002141416 
0.06922785091447442 
0.06921956453611651 
0.06921128139886923 
0.06920300200040681 
0.06919472682334978 
0.06918645633511877 
0.06917819098783551 
0.06916993121826723 
0.06916167744781128 
0.0691534300825195 
0.06914518951315607 
0.0691369561152862 
0.06912873024939623 
0.0691205122610377 
0.06911230248099878 
0.06910410122549186 
0.06909590879636682 
0.06908772548133699 
0.06907955155422096 
0.06907138727519987 
0.0690632328910839 
0.06905508863558868 
0.06904695472962219 
0.06903883138157489 
0.06903071878761932 
0.06902261713201094 
0.06901452658739207 
0.0690064473151012 
0.06899837946547792 
0.06899032317817343 
0.06898227858245727 
0.06897424579752201 
0.0689662249327888 
0.06895821608820897 
0.06895021935455992 
0.06894223481374169 
0.06893426253906612 
0.06892630259554287 
0.06891835504016197 
0.0689104199221663 
0.06890249728332776 
0.06889458715820693 
0.06888668957441672 
0.06887880455287453 
0.06887093210805034 
0.06886307224820946 
0.06885522497564789 
0.0688473902869228 
0.06883956817307667 
0.06883175861985505 
0.06882396160791882 
0.06881617711305028 
0.06880840510635347 
0.06880064555444873 
0.06879289841966084 
0.06878516366020335 
0.06877744123035467 
0.06876973108063121 
0.06876203315795319 
0.06875434740580763 
0.0687466737644026 
0.06873901217082008 
0.0687313625591619 
0.06872372486069167 
0.06871609900397034 
0.06870848491499124 
0.06870088251730523 
0.06869329173214656 
0.06868571247855064 
0.06867814467347075 
0.06867058823188867 
0.06866304306692267 
0.06865550908993065 
0.06864798621061102 
0.06864047433709938 
0.0686329733760607 
0.06862548323277982 
0.06861800381124944 
0.06861053501425138 
0.06860307674343766 
0.06859562889940998 
0.06858819138179167 
0.06858076408930171 
0.06857334691982266 
0.06856593977046851 
0.06855854253764818 
0.06855115511712707 
0.06854377740408678 
0.0685364092931821 
0.06852905067859678 
0.06852170145409407 
0.06851436151307037 
0.06850703074860144 
0.06849970905349013 
0.06849239632031158 
0.0684850924414551 
0.06847779730916675 
0.06847051081558846 
0.06846323285279511 
0.06845596331283203 
0.0684487020877487 
0.06844144906963372 
0.06843420415064395 
0.06842696722303751 
0.06841973817920138 
0.06841251691167924 
0.06840530331319876 
0.06839809727669613 
0.06839089869533979 
0.06838370746255433 
0.06837652347204148 
0.06836934661780142 
0.06836217679415169 
0.06835501389574626 
0.06834785781759417 
0.06834070845507417 
0.06833356570395306 
0.06832642946039805 
0.06831929962099319 
0.0683121760827518 
0.06830505874312796 
0.06829794750003025 
0.06829084225183127 
0.06828374289737853 
0.06827664933600414 
0.0682695614675328 
0.06826247919229153 
0.06825540241111708 
0.06824833102536162 
0.06824126493690139 
0.06823420404814012 
0.06822714826201758 
0.06822009748201156 
0.06821305161214376 
0.06820601055698366 
0.06819897422165157 
0.06819194251182206 
0.06818491533372649 
0.06817789259415427 
0.06817087420045574 
0.0681638600605431 
0.06815685008289171 
0.06814984417653983 
0.06814284225109034 
0.06813584421670871 
0.06812884998412558 
0.06812185946463259 
0.06811487257008442 
0.06810788921289547 
0.06810090930603974 
0.06809393276304805 
0.06808695949800679 
0.06807998942555457 
0.06807302246088062 
0.0680660585197222 
0.0680590975183608 
0.0680521393736195 
0.06804518400285932 
0.06803823132397578 
0.06803128125539536 
0.0680243337160712 
0.06801738862547889 
0.0680104459036127 
0.06800350547098107 
0.06799656724860152 
0.0679896311579966 
0.06798269712118823 
0.06797576506069411 
0.06796883489952064 
0.06796190656115961 
0.06795497996958154 
0.06794805504923086 
0.06794113172502005 
0.06793420992232418 
0.0679272895669754 
0.06792037058525599 
0.067913452903894 
0.06790653645005629 
0.06789962115134202 
0.06789270693577797 
0.067885793731811 
0.06787888146830205 
0.06787197007451996 
0.0678650594801354 
0.06785814961521339 
0.06785124041020804 
0.06784433179595478 
0.06783742370366465 
0.06783051606491723 
0.06782360881165375 
0.0678167018761709 
0.06780979519111371 
0.06780288868946881 
0.06779598230455755 
0.06778907597002909 
0.06778216961985427 
0.0677752631883177 
0.06776835661001118 
0.06776144981982686 
0.06775454275295055 
0.06774763534485441 
0.06774072753129008 
0.06773381924828185 
0.0677269104321194 
0.06772000101935101 
0.06771309094677687 
0.06770618015144138 
0.06769926857062718 
0.06769235614184696 
0.06768544280283824 
0.06767852849155433 
0.06767161314615869 
0.06766469670501762 
0.06765777910669406 
0.0676508602899392 
0.06764394019368733 
0.06763701875704742 
0.06763009591929714 
0.0676231716198762 
0.06761624579837854 
0.06760931839454687 
0.06760238934826465 
0.06759545859955032 
0.06758852608854998 
0.0675815917555308 
0.06757465554087531 
0.06756771738507253 
0.06756077722871413 
0.06755383501248582 
0.06754689067716162 
0.06753994416359779 
0.06753299541272512 
0.06752604436554391 
0.06751909096311683 
0.06751213514656237 
0.06750517685704968 
0.0674982160357901 
0.06749125262403415 
0.06748428656306202 
0.0674773177941801 
0.06747034625871325 
0.06746337189799909 
0.06745639465338267 
0.0674494144662101 
0.06744243127782223 
0.06743544502954954 
0.067428455662706 
0.06742146311858298 
0.06741446733844479 
0.06740746826352134 
0.06740046583500378 
0.06739345999403877 
0.06738645068172253 
0.06737943783909554 
0.06737242140713842 
0.06736540132676448 
0.06735837753881616 
0.06735134998405902 
0.0673443186031778 
0.06733728333676918 
0.06733024412533908 
0.0673232009092963 
0.06731615362894845 
0.06730910222449651 
0.06730204663603039 
0.0672949868035244 
0.0672879226668329 
0.06728085416568495 
0.0672737812396807 
0.06726670382828644 
0.06725962187083048 
0.06725253530649909 
0.06724544407433168 
0.06723834811321824 
0.06723124736189327 
0.06722414175893275 
0.06721703124275183 
0.06720991575159792 
0.06720279522354983 
0.06719566959651213 
0.06718853880821309 
0.06718140279620058 
0.06717426149783788 
0.06716711485030223 
0.06715996279057997 
0.06715280525546383 
0.06714564218155088 
0.06713847350523801 
0.06713129916272076 
0.06712411908998793 
0.06711693322282225 
0.0671097414967954 
0.06710254384726634 
0.06709534020937837 
0.06708813051805818 
0.06708091470801175 
0.06707369271372335 
0.06706646446945393 
0.06705922990923763 
0.06705198896688153 
0.06704474157596348 
0.06703748766982971 
0.06703022718159475 
0.06702296004413787 
0.06701568619010419 
0.06700840555190177 
0.06700111806170204 
0.06699382365143658 
0.0669865222527988 
0.06697921379724102 
0.06697189821597511 
0.06696457543997136 
0.06695724539995901 
0.0669499080264242 
0.06694256324961134 
0.06693521099952279 
0.06692785120591845 
0.06692048379831583 
0.06691310870599096 
0.06690572585797849 
0.06689833518307213 
0.06689093660982556 
0.06688353006655356 
0.06687611548133161 
0.06686869278199886 
0.0668612618961578 
0.06685382275117617 
0.06684637527418878 
0.06683891939209852 
0.06683145503157832 
0.06682398211907314 
0.06681650058080175 
0.06680901034275942 
0.06680151133071995 
0.0667940034702376 
0.06678648668665062 
0.06677896090508344 
0.06677142605044926 
0.06676388204745488 
0.06675632882060048 
0.06674876629418702 
0.0667411943923172 
0.06673361303889935 
0.06672602215765205 
0.06671842167210801 
0.06671081150561747 
0.06670319158135361 
0.0666955618223156 
0.06668792215133486 
0.06668027249107875 
0.06667261276405645 
0.06666494289262336 
0.06665726279898569 
0.06664957240520888 
0.06664187163321944 
0.06663416040481372 
0.06662643864166301 
0.06661870626531889 
0.06661096319722089 
0.06660320935870247 
0.06659544467099779 
0.06658766905524867 
0.066579882432512 
0.06657208472376586 
0.06656427584991878 
0.06655645573181604 
0.06654862429024799 
0.06654078144595817 
0.06653292711965196 
0.06652506123200366 
0.06651718370366673 
0.0665092944552816 
0.06650139340748479 
0.06649348048091813 
0.06648555559623873 
0.06647761867412831 
0.06646966963530182 
0.06646170840051953 
0.06645373489059588 
0.06644574902640936 
0.06643775072891506 
0.06642973991915305 
0.06642171651826172 
0.0664136804474875 
0.06640563162819585 
0.06639756998188469 
0.06638949543019418 
0.06638140789492034 
0.06637330729802597 
0.06636519356165413 
0.06635706660813981 
0.0663489263600237 
0.06634077274006418 
0.06633260567125132 
0.06632442507681972 
0.06631623088026227 
0.06630802300534412 
0.06629980137611664 
0.06629156591693232 
0.06628331655245669 
0.06627505320768654 
0.06626677580796139 
0.06625848427898037 
0.06625017854681685 
0.06624185853793443 
0.0662335241792008 
0.06622517539790558 
0.06621681212177453 
0.06620843427898702 
0.06620004179819086 
0.06619163460852029 
0.06618321263961167 
0.06617477582162017 
0.06616632408523775 
0.06615785736170957 
0.06614937558285101 
0.06614087868106625 
0.06613236658936494 
0.06612383924138085 
0.0661152965713889 
0.06610673851432357 
0.06609816500579872 
0.06608957598212355 
0.0660809713803227 
0.06607235113815468 
0.06606371519413085 
0.06605506348753384 
0.0660463959584375 
0.06603771254772547 
0.06602901319711098 
0.0660202978491559 
0.06601156644729066 
0.06600281893583444 
0.0659940552600131 
0.06598527536598114 
0.06597647920084122 
0.06596766671266319 
0.06595883785050523 
0.06594999256443405 
0.06594113080554433 
0.0659322525259801 
0.06592335767895466 
0.06591444621877088 
0.06590551810084226 
0.06589657328171267 
0.06588761171907791 
0.06587863337180591 
0.0658696381999564 
0.06586062616480334 
0.06585159722885431 
0.06584255135587072 
0.06583348851089031 
0.06582440866024596 
0.06581531177158774 
0.06580619781390142 
0.06579706675753125 
0.06578791857419938 
0.06577875323702585 
0.06576957072054981 
0.06576037100074941 
0.0657511540550622 
0.06574191986240449 
0.0657326684031925 
0.06572339965936154 
0.06571411361438637 
0.0657048102533005 
0.0656954895627153 
0.06568615153084044 
0.0656767961475023 
0.06566742340416405 
0.06565803329394317 
0.06564862581163204 
0.06563920095371444 
0.06562975871838621 
0.06562029910557185 
0.06561082211694279 
0.06560132775593547 
0.06559181602776949 
0.06558228693946316 
0.06557274049985251 
0.06556317671960735 
0.06555359561124686 
0.06554399718915731 
0.06553438146960751 
0.06552474847076448 
0.06551509821270884 
0.06550543071744952 
0.06549574600893969 
0.06548604411308971 
0.0654763250577825 
0.06546658887288685 
0.06545683559027006 
0.06544706524381287 
0.06543727786941975 
0.06542747350503292 
0.0654176521906442 
0.06540781396830549 
0.06539795888214033 
0.06538808697835509 
0.06537819830524884 
0.06536829291322344 
0.06535837085479221 
0.06534843218458934 
0.0653384769593797 
0.06532850523806387 
0.06531851708168847 
0.06530851255345249 
0.06529849171871278 
0.0652884546449929 
0.06527840140198472 
0.06526833206155756 
0.06525824669776052 
0.06524814538682712 
0.06523802820717903 
0.06522789523942948 
0.06521774656638539 
0.0652075822730485 
0.0651974024466191 
0.06518720717649534 
0.06517699655427364 
0.0651667706737487 
0.06515652963091352 
0.06514627352395735 
0.06513600245326417 
0.06512571652141026 
0.06511541583316045 
0.06510510049546643 
0.0650947706174605 
0.06508442631045219 
0.06507406768792302 
0.06506369486552 
0.06505330796104965 
0.06504290709447036 
0.06503249238788643 
0.06502206396553739 
0.06501162195379155 
0.0650011664811356 
0.0649906976781647 
0.06498021567757244 
0.06496972061413828 
0.06495921262471836 
0.06494869184823152 
0.06493815842564697 
0.06492761249997028 
0.06491705421623102 
0.06490648372146651 
0.064895901164707 
0.06488530669696224 
0.06487470047120134 
0.06486408264234002 
0.0648534533672199 
0.06484281280459304 
0.06483216111510344 
0.06482149846126609 
0.0648108250074495 
0.06480014091985489 
0.06478944636649563 
0.06477874151717734 
0.06476802654347485 
0.06475730161871061 
0.06474656691793294 
0.06473582261789264 
0.06472506889701898 
0.06471430593539637 
0.06470353391473994 
0.06469275301837046 
0.0646819634311895 
0.06467116533965296 
0.0646603589317456 
0.06464954439695389 
0.06463872192623998 
0.06462789171201301 
0.0646170539481025 
0.0646062088297296 
0.06459535655347873 
0.06458449731726865 
0.06457363132032372 
0.06456275876314284 
0.06455187984747164 
0.06454099477627055 
0.06453010375368563 
0.06451920698501623 
0.06450830467668565 
0.06449739703620842 
0.06448648427215921 
0.06447556659414065 
0.06446464421275147 
0.06445371733955436 
0.0644427861870429 
0.06443185096860889 
0.0644209118985098 
0.0644099691918351 
0.06439902306447327 
0.0643880737330781 
0.06437712141503531 
0.06436616632842893 
0.06435520869200688 
0.06434424872514737 
0.06433328664782446 
0.06432232268057468 
0.06431135704446213 
0.06430038996104444 
0.06428942165233818 
0.06427845234078469 
0.06426748224921572 
0.06425651160081877 
0.0642455406191033 
0.06423456952786522 
0.06422359855115363 
0.06421262791323573 
0.06420165783856267 
0.06419068855173563 
0.06417972027747085 
0.06416875324056687 
0.06415778766586884 
0.06414682377823647 
0.0641358618025086 
0.06412490196346982 
0.06411394448581743 
0.06410298959412858 
0.06409203751282552 
0.06408108846614342 
0.0640701426780974 
0.0640592003724497 
0.06404826177267683 
0.06403732710193831 
0.06402639658304309 
0.06401547043841882 
0.06400454889007931 
0.06399363215959399 
0.06398272046805606 
0.0639718140360516 
0.06396091308362958 
0.06395001783027025 
0.06393912849485621 
0.06392824529564223 
0.06391736845022546 
0.06390649817551705 
0.06389563468771133 
0.06388477820225986 
0.06387392893384111 
0.06386308709633347 
0.06385225290278763 
0.06384142656539875 
0.06383060829548057 
0.06381979830343759 
0.06380899679874052 
0.06379820398989858 
0.06378742008443573 
0.06377664528886494 
0.06376587980866297 
0.06375512384824723 
0.06374437761095054 
0.06373364129899937 
0.06372291511348895 
0.06371219925436138 
0.06370149392038403 
0.0636907993091261 
0.06368011561693766 
0.06366944303893042 
0.0636587817689539 
0.06364813199957785 
0.06363749392207102 
0.0636268677263824 
0.06361625360112184 
0.0636056517335423 
0.06359506230952057 
0.06358448551354033 
0.0635739215286754 
0.06356337053657167 
0.06355283271743194 
0.06354230824999892 
0.06353179731154138 
0.06352130007783631 
0.06351081672315721 
0.06350034742025792 
0.06348989234036029 
0.06347945165313947 
0.06346902552671166 
0.06345861412762167 
0.06344821762083115 
0.06343783616970633 
0.06342746993600698 
0.06341711907987563 
0.06340678375982822 
0.06339646413274307 
0.06338616035385088 
0.06337587257672721 
0.06336560095328295 
0.06335534563375597 
0.0633451067667038 
0.06333488449899566 
0.06332467897580538 
0.06331449034060611 
0.06330431873516204 
0.06329416429952402 
0.06328402717202376 
0.0632739074892687 
0.06326380538613705 
0.06325372099577484 
0.06324365444959058 
0.06323360587725244 
0.06322357540668488 
0.06321356316406569 
0.06320356927382487 
0.06319359385864078 
0.06318363703943958 
0.06317369893539392 
0.0631637796639216 
0.06315387934068463 
0.0631439980795904 
0.06313413599278984 
0.06312429319067912 
0.06311446978189997 
0.06310466587334092 
0.06309488157013776 
0.06308511697567663 
0.06307537219159524 
0.06306564731778486 
0.06305594245239349 
0.06304625769182863 
0.06303659313076043 
0.06302694886212433 
0.06301732497712699 
0.06300772156524775 
0.06299813871424409 
0.06298857651015724 
0.06297903503731495 
0.06296951437833753 
0.0629600146141441 
0.06295053582395617 
0.06294107808530607 
0.06293164147403968 
0.06292222606432604 
0.06291283192866166 
0.06290345913787847 
0.06289410776114998 
0.0628847778659989 
0.06287546951830454 
0.06286618278231014 
0.0628569177206304 
0.06284767439426076 
0.06283845286258369 
0.06282925318337869 
0.06282007541282994 
0.06281091960553459 
0.06280178581451312 
0.06279267409121685 
0.06278358448553785 
0.06277451704581877 
0.06276547181886104 
0.06275644884993545 
0.06274744818279161 
0.06273846985966818 
0.06272951392130306 
0.06272058040694256 
0.06271166935435288 
0.06270278079983012 
0.06269391477821017 
0.06268507132288036 
0.0626762504657898 
0.06266745223746044 
0.06265867666699747 
0.06264992378210081 
0.06264119360907593 
0.06263248617284617 
0.06262380149696256 
0.06261513960361537 
0.06260650051364734 
0.06259788424656262 
0.0625892908205405 
0.06258072025244564 
0.06257217255784078 
0.06256364775099772 
0.06255514584490997 
0.0625466668513039 
0.06253821078065064 
0.06252977764217864 
0.06252136744388531 
0.06251298019254925 
0.0625046158937415 
0.06249627455183873 
0.06248795617003497 
0.062479660750353064 
0.06247138829365757 
0.062463138799667334 
0.06245491226696637 
0.06244670869301661 
0.062438528074170926 
0.06243037040568392 
0.062422235681725266 
0.062414123895391006 
0.06240603503871655 
0.06239796910268849 
0.06238992607725589 
0.06238190595134475 
0.0623739087128678 
0.06236593434873731 
0.06235798284487779 
0.062350054186237916 
0.06234214835680196 
0.06233426533960244 
0.062326405116731175 
0.062318567669353654 
0.06231075297771787 
0.06230296102116799 
0.06229519177815614 
0.06228744522625393 
0.062279721342164134 
0.06227202010173303 
0.06226434147996118 
0.06225668545101596 
0.062249051988242994 
0.06224144106417709 
0.06223385265055463 
0.06222628671832409 
0.0622187432376589 
0.06221122217796695 
0.0622037235079033 
0.06219624719538074 
0.06218879320758106 
0.06218136151096712 
0.06217395207129154 
0.062166564853611085 
0.06215919982229413 
0.062151856941034464 
0.06214453617285979 
0.06213723748014379 
0.06212996082461685 
0.06212270616737554 
0.06211547346889475 
0.0621082626890364 
0.06210107378706154 
0.06209390672163989 
0.06208676145085858 
0.06207963793223623 
0.06207253612272825 
0.06206545597874046 
0.062058397456137906 
0.06205136051025437 
0.06204434509590247 
0.062037351167383036 
0.06203037867849586 
0.062023427582547544 
0.06201649783236232 
0.062009589380291566 
0.06200270217822167 
0.06199583617758548 
0.06198899132936849 
0.061982167584121284 
0.06197536489196625 
0.06196858320260707 
0.06196182246533805 
0.0619550826290523 
0.061948363642250814 
0.06194166545305053 
0.06193498800919395 
0.06192833125805578 
0.06192169514665331 
0.0619150796216536 
0.061908484629381526 
0.06190191011582865 
0.061895356026660076 
0.06188882230722407 
0.06188230890255821 
0.06187581575739824 
0.06186934281618575 
0.06186289002307518 
0.06185645732194179 
0.06185004465638926 
0.06184365196975689 
0.061837279205126855 
0.061830926305331144 
0.06182459321295954 
0.06181827987036566 
0.06181198621967491 
0.06180571220279063 
0.061799457761401444 
0.06179322283698778 
0.06178700737082795 
0.06178081130400636 
0.06177463457741795 
0.06176847713177621 
0.06176233890761862 
0.06175621984531382 
0.06175011988506693 
0.061744038966926054 
0.06173797703078791 
0.061731934016405005 
0.0617259098633904 
0.06171990451122303 
0.06171391789925538 
0.0617079499667178 
0.06170200065272375 
0.06169606989627681 
0.061690157636274195 
0.061684263811513894 
0.061678388360699235 
0.06167253122244417 
0.06166669233527809 
0.061660871637652166 
0.061655069067942034 
0.06164928456445538 
0.06164351806543523 
0.06163776950906549 
0.061632038833474984 
0.061626325976742856 
0.061620630876902865 
0.06161495347194751 
0.061609293699833916 
0.06160365149848639 
0.06159802680580262 
0.06159241955965602 
0.061586829697901864 
0.06158125715837986 
0.061575701878919906 
0.06157016379734409 
0.06156464285147266 
0.061559138979127126 
0.061553652118133254 
0.061548182206326026 
0.06154272918155328 
0.06153729298167912 
0.061531873544587445 
0.06152647080818517 
0.061521084710406994 
0.06151571518921753 
0.061510362182615484 
0.06150502562863646 
0.06149970546535643 
0.061494401630895645 
0.061489114063420315 
0.06148384270114705 
0.06147858748234628 
0.06147334834534297 
0.06146812522852226 
0.06146291807033053 
0.061457726809279634 
0.06145255138394813 
0.06144739173298605 
0.06144224779511563 
0.06143711950913508 
0.061432006813921025 
0.06142690964843115 
0.061421827951706635 
0.06141676166287408 
0.06141171072114914 
0.06140667506583763 
0.06140165463633857 
0.061396649372146735 
0.06139165921285426 
0.06138668409815291 
0.061381723967837046 
0.06137677876180472 
0.06137184842005977 
0.0613669328827151 
0.06136203208999391 
0.06135714598223059 
0.061352274499874244 
0.061347417583490396 
0.06134257517376159 
0.06133774721149072 
0.06133293363760182 
0.06132813439314174 
0.06132334941928235 
0.06131857865732194 
0.06131382204868755 
0.061309079534934474 
0.06130435105775074 
0.06129963655895581 
0.06129493598050418 
0.061290249264485674 
0.06128557635312718 
0.06128091718879369 
0.061276271713990776 
0.06127163987136407 
0.06126702160370216 
0.0612624168539373 
0.06125782556514621 
0.06125324768055139 
0.06124868314352328 
0.0612441318975803 
0.06123959388638973 
0.061235069053769825 
0.061230557343690005 
0.06122605870027262 
0.06122157306779314 
0.06121710039068146 
0.06121264061352322 
0.06120819368105987 
0.061203759538190454 
0.06119933812997155 
0.06119492940161926 
0.0611905332985083 
0.0611861497661748 
0.061181778750315594 
0.06117742019678953 
0.06117307405161784 
0.06116874026098557 
0.06116441877124119 
0.06116010952889805 
0.06115581248063432 
0.06115152757329465 
0.06114725475388955 
0.06114299396959648 
0.061138745167760494 
0.06113450829589483 
0.06113028330168053 
0.06112607013296824 
0.06112186873777794 
0.061117679064298984 
0.06111350106089117 
0.06110933467608514 
0.061105179858582 
0.06110103655725466 
0.0610969047211477 
0.061092784299477454 
0.06108867524163305 
0.061084577497175635 
0.06108049101584002 
0.06107641574753284 
0.061072351642335744 
0.061068298650502485 
0.06106425672246165 
0.0610602258088157 
0.06105620586034088 
0.06105219682798803 
0.06104819866288263 
0.06104421131632443 
0.06104023473978821 
0.06103626888492333 
0.061032313703554476 
0.06102836914768109 
0.06102443516947802 
0.06102051172129484 
0.06101659875565637 
0.06101269622526343 
0.061008804082991044 
0.06100492228189001 
0.061001050775186166 
0.06099718951628104 
0.06099333845875068 
0.060989497556346896 
0.060985666762996216 
0.060981846032800116 
0.06097803532003556 
0.06097423457915377 
0.060970443764781224 
0.060966662831719226 
0.06096289173494321 
0.06095913042960299 
0.06095537887102317 
0.060951637014702374 
0.060947904816313174 
0.060944182231701914 
0.06094046921688919 
0.06093676572806831 
0.060933071721606696 
0.060929387154044466 
0.06092571198209475 
0.06092204616264408 
0.06091838965275075 
0.06091474240964473 
0.06091110439073015 
0.060907475553581364 
0.06090385585594449 
0.06090024525573749 
0.0608966437110494 
0.060893051180139705 
0.06088946762143863 
0.060885892993546895 
0.060882327255234625 
0.0608787703654427 
0.060875222283280565 
0.060871682968026704 
0.0608681523791292 
0.06086463047620399 
0.060861117219035366 
0.06085761256757544 
0.06085411648194416 
0.06085062892242825 
0.06084714984948127 
0.0608436792237242 
0.060840217005942956 
0.06083676315708977 
0.06083331763828297 
0.06082988041080468 
0.060826451436103046 
0.06082303067579033 
0.06081961809164192 
0.06081621364559812 
0.060812817299761165 
0.06080942901639748 
0.060806048757934494 
0.06080267648696333 
0.06079931216623535 
0.0607959557586648 
0.06079260722732486 
0.060789266535450616 
0.06078593364643703 
0.060782608523838204 
0.06077929113136825 
0.060775981432899445 
0.06077267939246299 
0.060769384974247234 
0.06076609814259991 
0.060762818862023824 
0.060759547097179754 
0.06075628281288425 
0.060753025974110246 
0.060749776545985894 
0.06074653449379381 
0.06074329978297182 
0.06074007237911159 
0.060736852247958446 
0.06073363935541143 
0.06073043366752124 
0.06072723515049199 
0.060724043770679303 
0.06072085949459028 
0.06071768228888258 
0.060714512120365 
0.0607113489559963 
0.06070819276288412 
0.06070504350828659 
0.060701901159609606 
0.060698765684406825 
0.06069563705038096 
0.06069251522538141 
0.06068940017740393 
0.0606862918745917 
0.060683190285232724 
0.06068009537776161 
0.06067700712075691 
0.06067392548294194 
0.06067085043318459 
0.060667781940496046 
0.06066471997403016 
0.06066166450308418 
0.06065861549709744 
0.06065557292565022 
0.060652536758464465 
0.060649506965402854 
0.06064648351646922 
0.06064346638180565 
0.06064045553169497 
0.06063745093655731 
0.060634452566953184 
0.060631460393579646 
0.060628474387271133 
0.06062549451899981 
0.06062252075987425 
0.06061955308113883 
0.06061659145417315 
0.06061363585049275 
0.06061068624174669 
0.06060774259971909 
0.060604804896327955 
0.060601873103622965 
0.06059894719378817 
0.06059602713913903 
0.06059311291212308 
0.060590204485319196 
0.060587301831436964 
0.060584404923316494 
0.06058151373392725 
0.06057862823636914 
0.060575748403870075 
0.06057287420978706 
0.060570005627605034 
0.060567142630936203 
0.06056428519352 
0.06056143328922307 
0.0605585868920373 
0.06055574597608061 
0.06055291051559641 
0.06055008048495275 
0.06054725585864199 
0.06054443661128026 
0.06054162271760664 
0.06053881415248452 
0.06053601089089825 
0.06053321290795504 
0.06053042017888292 
0.06052763267903204 
0.0605248503838724 
0.060522073268994475 
0.060519301310108325 
0.060516534483043345 
0.06051377276374731 
0.06051101612828737 
0.06050826455284784 
0.06050551801373038 
0.06050277648735442 
0.06050003995025466 
0.06049730837908348 
0.06049458175060757 
0.06049186004170967 
0.060489143229387 
0.06048643129075091 
0.06048372420302714 
0.060481021943554515 
0.06047832448978497 
0.06047563181928265 
0.06047294390972442 
0.060470260738898426 
0.060467582284704044 
0.060464908525152024 
0.06046223943836278 
0.0604595750025669 
0.060456915196104744 
0.060454259997425444 
0.06045160938508674 
0.06044896333775493 
0.06044632183420383 
0.06044368485331491 
0.060441052374075765 
0.06043842437558181 
0.06043580083703362 
0.06043318173773767 
0.060430567057105644 
0.06042795677465432 
0.06042535087000407 
0.0604227493228806 
0.06042015211311236 
0.060417559220630655 
0.06041497062547025 
0.060412386307768094 
0.06040980624776279 
0.060407230425794316 
0.0604046588223045 
0.06040209141783528 
0.06039952819302858 
0.060396969128627236 
0.06039441420547267 
0.06039186340450595 
0.06038931670676645 
0.06038677409339183 
0.060384235545618024 
0.06038170104477777 
0.060379170572301556 
0.060376644109716285 
0.06037412163864534 
0.06037160314080759 
0.06036908859801768 
0.060366577992185554 
0.06036407130531575 
0.06036156851950689 
0.06035906961695221 
0.060356574579937546 
0.06035408339084322 
0.060351596032141144 
0.06034911248639617 
0.060346632736265476 
0.060344156764496996 
0.06034168455393116 
0.06033921608749884 
0.060336751348221036 
0.06033429031920921 
0.06033183298366456 
0.06032937932487818 
0.060326929326229795 
0.0603244829711872 
0.06032204024330792 
0.060319601126236265 
0.06031716560370475 
0.06031473365953285 
0.06031230527762696 
0.06030988044198002 
0.06030745913667063 
0.060305041345864466 
0.06030262705381125 
0.060300216244846334 
0.06029780890338976 
0.06029540501394623 
0.06029300456110386 
0.06029060752953479 
0.060288213903994525 
0.06028582366932106 
0.06028343681043595 
0.06028105331234191 
0.060278673160124634 
0.06027629633895025 
0.06027392283406707 
0.06027155263080386 
0.06026918571457018 
0.060266822070855604 
0.0602644616852295 
0.06026210454334139 
0.06025975063091924 
0.06025739993377013 
0.06025505243777986 
0.060252708128912626 
0.06025036699320995 
0.06024802901679094 
0.06024569418585281 
0.06024336248666858 
0.06024103390558847 
0.060238708429038654 
0.06023638604352163 
0.06023406673561519 
0.060231750491972 
0.06022943729932089 
0.06022712714446413 
0.06022482001427913 
0.06022251589571662 
0.0602202147758016 
0.06021791664163253 
0.060215621480379955 
0.060213329279288706 
0.06021104002567464 
0.060208753706926924 
0.06020647031050561 
0.06020418982394295 
0.06020191223484193 
0.060199637530877016 
0.060197365699792844 
0.06019509672940433 
0.060192830607597114 
0.06019056732232582 
0.060188306861614374 
0.06018604921355632 
0.06018379436631425 
0.060181542308118334 
0.06017929302726783 
0.06017704651212977 
0.06017480275113868 
0.0601725617327963 
0.060170323445672205 
0.06016808787840141 
0.06016585501968679 
0.06016362485829653 
0.060161397383065356 
0.0601591725828932 
0.06015695044674583 
0.0601547309636531 
0.06015251412271097 
0.06015029991307907 
0.06014808832398151 
0.06014587934470608 
0.060143672964605085 
0.06014146917309304 
0.06013926795964863 
0.060137069313812734 
0.06013487322518897 
0.060132679683444 
0.06013048867830552 
0.06012830019956345 
0.06012611423706924 
0.0601239307807354 
0.06012174982053575 
0.06011957134650448 
0.060117395348736176 
0.060115221817386086 
0.06011305074266887 
0.060110882114859474 
0.060108715924291296 
0.060106552161357615 
0.0601043908165109 
0.06010223188026116 
0.06010007534317774 
0.060097921195887284 
0.06009576942907554 
0.060093620033484285 
0.06009147299991413 
0.06008932831922178 
0.060087185982320934 
0.06008504598018248 
0.06008290830383298 
0.06008077294435562 
0.06007863989288911 
0.06007650914062793 
0.06007438067882211 
0.06007225449877654 
0.06007013059185103 
0.06006800894946005 
0.0600658895630726 
0.060063772424212104 
0.060061657524455005 
0.06005954485543228 
0.06005743440882794 
0.06005532617637983 
0.060053220149877934 
0.060051116321165235 
0.06004901468213794 
0.06004691522474335 
0.060044817940981585 
0.06004272282290474 
0.06004062986261598 
0.060038539052270086 
0.06003645038407259 
0.060034363850280825 
0.060032279443201816 
0.06003019715519364 
0.06002811697866478 
0.06002603890607284 
0.060023962929926046 
0.06002188904278174 
0.06001981723724692 
0.060017747505977444 
0.06001567984167799 
0.06001361423710241 
0.06001155068505252 
0.060009489178378714 
0.06000742970997915 
0.06000537227280024 
0.06000331685983514 
0.06000126346412497 
0.0599992120787584 
0.059997162696870505 
0.05999511531164303 
0.05999306991630499 
0.05999102650413094 
0.05998898506844164 
0.05998694560260443 
0.059984908100031605 
0.0599828725541808 
0.05998083895855641 
0.059978807306706586 
0.059976777592224265 
0.0599747498087479 
0.059972723949959825 
0.0599707000095871 
0.059968677981400494 
0.05996665785921495 
0.059964639636888466 
0.05996262330832368 
0.05996060886746496 
0.05995859630830148 
0.05995658562486396 
0.0599545768112264 
0.05995256986150538 
0.05995056476985937 
0.05994856153048918 
0.05994656013763776 
0.05994456058558941 
0.059942562868670224 
0.05994056698124755 
0.05993857291772988 
0.05993658067256693 
0.05993459024024859 
0.05993260161530584 
0.05993061479231004 
0.05992862976587263 
0.059926646530645424 
0.0599246650813192 
0.059922685412625284 
0.05992070751933451 
0.059918731396256426 
0.05991675703823973 
0.05991478444017281 
0.05991281359698169 
0.059910844503632064 
0.05990887715512778 
0.05990691154651001 
0.05990494767285929 
0.05990298552929296 
0.0599010251109665 
0.05989906641307287 
0.05989710943084239 
0.059895154159542725 
0.05989320059447813 
0.059891248730990006 
0.05988929856445601 
0.059887350090290684 
0.05988540330394489 
0.059883458200905126 
0.05988151477669458 
0.059879573026871566 
0.05987763294703024 
0.05987569453280042 
0.05987375777984716 
0.05987182268387037 
0.05986988924060517 
0.0598679574458214 
0.0598660272953234 
0.05986409878495036 
0.05986217191057538 
0.05986024666810579 
0.05985832305348315 
0.05985640106268227 
0.05985448069171212 
0.05985256193661502 
0.059850644793467 
0.059848729258376386 
0.05984681532748496 
0.059844902996967944 
0.05984299226303225 
0.059841083121918284 
0.0598391755698979 
0.059837269603275976 
0.059835365218389135 
0.0598334624116059 
0.05983156117932643 
0.05982966151798312 
0.059827763424039115 
0.05982586689398919 
0.05982397192435919 
0.05982207851170616 
0.05982018665261794 
0.05981829634371266 
0.05981640758163985 
0.059814520363078647 
0.05981263468473891 
0.05981075054336056 
0.05980886793571316 
0.059806986858596485 
0.05980510730883987 
0.059803229283302305 
0.059801352778871844 
0.0597994777924661 
0.05979760432103132 
0.059795732361543646 
0.059793861911006996 
0.05979199296645473 
0.059790125524948216 
0.05978825958357743 
0.05978639513946076 
0.059784532189744354 
0.0597826707316026 
0.05978081076223736 
0.059778952278879104 
0.05977709527878448 
0.059775239759239186 
0.059773385717554556 
0.05977153315107004 
0.059769682057151864 
0.059767832433193356 
0.05976598427661431 
0.05976413758486113 
0.05976229235540718 
0.05976044858575099 
0.05975860627341873 
0.05975676541596181 
0.05975492601095794 
0.05975308805601019 
0.05975125154874772 
0.059749416486825184 
0.05974758286792265 
0.05974575068974522 
0.0597439199500235 
0.05974209064651311 
0.05974026277699421 
0.05973843633927236 
0.05973661133117728 
0.05973478775056332 
0.05973296559530948 
0.05973114486331881 
0.059729325552518295 
0.059727507660859304 
0.05972569118631714 
0.05972387612689104 
0.05972206248060352 
0.05972025024550036 
0.05971843941965174 
0.05971663000115004 
0.05971482198811152 
0.059713015378675474 
0.059711210171003753 
0.059709406363281155 
0.0597076039537157 
0.059705802940536734 
0.0597040033219978 
0.059702205096373445 
0.05970040826196058 
0.059698612817078583 
0.05969681876006913 
0.05969502608929462 
0.059693234803140816 
0.059691444900013615 
0.05968965637834135 
0.059687869236573605 
0.05968608347318084 
0.059684299086655165 
0.059682516075509714 
0.05968073443827825 
0.059678954173515895 
0.05967717527979825 
0.05967539775572121 
0.05967362159990203 
0.05967184681097747 
0.05967007338760476 
0.059668301328462084 
0.0596665306322467 
0.059664761297676554 
0.05966299332348893 
0.059661226708441206 
0.05965946145131014 
0.05965769755089236 
0.059655935006004045 
0.05965417381547963 
0.05965241397817409 
0.059650655492960475 
0.05964889835873182 
0.059647142574399695 
0.05964538813889364 
0.05964363505116295 
0.059641883310175225 
0.05964013291491641 
0.05963838386439116 
0.059636636157621666 
0.05963488979364893 
0.059633144771531844 
0.05963140109034769 
0.05962965874919075 
0.05962791774717377 
0.059626178083426816 
0.0596244397570979 
0.05962270276735245 
0.059620967113372766 
0.05961923279435903 
0.0596174998095284 
0.05961576815811501 
0.05961403783937 
0.059612308852561385 
0.059610581196974245 
0.05960885487191008 
0.059607129876686704 
0.05960540621063923 
0.05960368387311891 
0.05960196286349255 
0.059600243181144354 
0.05959852482547371 
0.05959680779589645 
0.05959509209184431 
0.059593377712765024 
0.05959166465812145 
0.059589952927393205 
0.05958824252007435 
0.05958653343567495 
0.05958482567372083 
0.059583119233752195 
0.05958141411532533 
0.059579710318011035 
0.05957800784139545 
0.059576306685079315 
0.05957460684867926 
0.05957290833182499 
0.05957121113416227 
0.059569515255350564 
0.059567820695064576 
0.05956612745299323 
0.0595644355288389 
0.05956274492231941 
0.059561055633166174 
0.059559367661124483 
0.05955768100595398 
0.05955599566742804 
0.05955431164533371 
0.0595526289394718 
0.0595509475496569 
0.05954926747571735 
0.05954758871749452 
0.05954591127484312 
0.059544235147631644 
0.05954256033574149 
0.059540886839067046 
0.05953921465751611 
0.059537543791009034 
0.059535874239479585 
0.05953420600287402 
0.05953253908115081 
0.05953087347428276 
0.059529209182253115 
0.05952754620505879 
0.05952588454270936 
0.05952422419522572 
0.059522565162641546 
0.0595209074450032 
0.059519251042368 
0.05951759595480666 
0.05951594218240025 
0.059514289725243544 
0.05951263858344074 
0.059510988757110125 
0.059509340246380285 
0.05950769305139145 
0.05950604717229555 
0.059504402609256234 
0.05950275936244726 
0.05950111743205536 
0.059499476818277316 
0.05949783752132081 
0.05949619954140551 
0.059494562878761315 
0.059492927533629295 
0.0594912935062609 
0.059489660796918926 
0.059488029405876386 
0.059486399333417116 
0.059484770579835144 
0.05948314314543545 
0.059481517030533 
0.05947989223545276 
0.05947826876053082 
0.05947664660611274 
0.05947502577255436 
0.05947340626022149 
0.05947178806949001 
0.05947017120074514 
0.05946855565438273 
0.059466941430807746 
0.05946532853043502 
0.05946371695368909 
0.059462106701003964 
0.05946049777282328 
0.05945889016959941 
0.05945728389179468 
0.059455678939880505 
0.059454075314337634 
0.05945247301565564 
0.059450872044333206 
0.05944927240087812 
0.059447674085807145 
0.059446077099645826 
0.05944448144292823 
0.059442887116198176 
0.05944129412000646 
0.05943970245491412 
0.059438112121489514 
0.059436523120310315 
0.059434935451962115 
0.059433349117039284 
0.05943176411614372 
0.059430180449885975 
0.05942859811888522 
0.059427017123767745 
0.05942543746516908 
0.059423859143731154 
0.05942228216010546 
0.059420706514950045 
0.05941913220893156 
0.059417559242723725 
0.05941598761700838 
0.059414417332475086 
0.059412848389820194 
0.059411280789748146 
0.05940971453297088 
0.05940814962020739 
0.05940658605218383 
0.059405023829634064 
0.059403462953298604 
0.05940190342392553 
0.05940034524226984 
0.059398788409093246 
0.05939723292516521 
0.05939567879126065 
0.05939412600816296 
0.05939257457666103 
0.0593910244975513 
0.059389475771636356 
0.05938792839972559 
0.05938638238263462 
0.05938483772118627 
0.059383294416208876 
0.059381752468537906 
0.0593802118790148 
0.059378672648487306 
0.05937713477780946 
0.05937559826784097 
0.05937406311944861 
0.059372529333504474 
0.05937099691088642 
0.059369465852478966 
0.05936793615917217 
0.0593664078318616 
0.05936488087144915 
0.059363355278842456 
0.05936183105495401 
0.05936030820070259 
0.05935878671701235 
0.059357266604813635 
0.059355747865040734 
0.05935423049863458 
0.05935271450654125 
0.05935119988971151 
0.059349686649102174 
0.05934817478567513 
0.05934666430039655 
0.05934515519423874 
0.059343647468178676 
0.05934214112319789 
0.059340636160283844 
0.05933913258042779 
0.059337630384626666 
0.05933612957388179 
0.05933463014919922 
0.05933313211158978 
0.05933163546206933 
0.05933014020165735 
0.05932864633137888 
0.0593271538522632 
0.05932566276534365 
0.05932417307165817 
0.05932268477224922 
0.059321197868163124 
0.05931971236045139 
0.05931822825016881 
0.05931674553837446 
0.059315264226132085 
0.05931378431450896 
0.05931230580457677 
0.059310828697411014 
0.05930935299409082 
0.05930787869569963 
0.059306405803324615 
0.05930493431805682 
0.059303464240990915 
0.05930199557322511 
0.05930052831586128 
0.059299062470005576 
0.059297598036766604 
0.059296135017257806 
0.059294673412594916 
0.05929321322389791 
0.05929175445228965 
0.05929029709889648 
0.059288841164848484 
0.05928738665127827 
0.05928593355932189 
0.05928448189011915 
0.059283031644812 
0.059281582824546486 
0.05928013543047085 
0.059278689463737294 
0.059277244925499524 
0.05927580181691592 
0.05927436013914628 
0.059272919893353836 
0.05927148108070507 
0.05927004370236813 
0.0592686077595147 
0.05926717325331905 
0.05926574018495772 
0.05926430855560993 
0.059262878366457904 
0.05926144961868605 
0.05926002231348072 
0.05925859645203171 
0.059257172035530076 
0.059255749065170525 
0.059254327542148884 
0.059252907467663686 
0.05925148884291592 
0.059250071669108555 
0.05924865594744659 
0.05924724167913769 
0.059245828865390246 
0.059244417507416096 
0.05924300760642868 
0.059241599163643376 
0.05924019218027644 
0.059238786657547934 
0.05923738259667803 
0.05923597999889021 
0.05923457886540826 
0.05923317919745871 
0.05923178099626896 
0.05923038426306898 
0.05922898899908965 
0.059227595205564004 
0.05922620288372563 
0.059224812034810906 
0.05922342266005676 
0.05922203476070174 
0.0592206483379862 
0.05921926339315109 
0.05921787992743928 
0.059216497942094846 
0.05921511743836309 
0.05921373841749014 
0.059212360880724034 
0.05921098482931315 
0.05920961026450755 
0.059208237187558466 
0.05920686559971739 
0.05920549550223754 
0.059204126896372854 
0.05920275978337838 
0.059201394164509834 
0.05920003004102383 
0.0591986674141776 
0.05919730628522999 
0.0591959466554395 
0.05919458852606649 
0.059193231898370974 
0.059191876773614455 
0.05919052315305822 
0.059189171037965206 
0.05918782042959779 
0.05918647132921974 
0.0591851237380952 
0.05918377765748823 
0.059182433088663826 
0.059181090032887525 
0.05917974849142478 
0.05917840846554146 
0.05917706995650366 
0.05917573296557807 
0.05917439749403189 
0.05917306354313156 
0.05917173111414439 
0.059170400208338046 
0.059169070826979295 
0.059167742971336354 
0.05916641664267614 
0.05916509184226678 
0.05916376857137548 
0.05916244683126988 
0.05916112662321749 
0.05915980794848551 
0.059158490808341166 
0.05915717520405173 
0.05915586113688404 
0.05915454860810464 
0.05915323761897983 
0.05915192817077575 
0.05915062026475841 
0.059149313902193135 
0.05914800908434491 
0.05914670581247857 
0.059145404087858525 
0.05914410391174794 
0.05914280528541086 
0.05914150821010941 
0.05914021268710635 
0.05913891871766318 
0.0591376263030408 
0.05913633544449983 
0.05913504614329961 
0.05913375840070005 
0.05913247221795865 
0.05913118759633371 
0.05912990453708149 
0.059128623041458224 
0.0591273431107195 
0.059126064746119054 
0.05912478794891074 
0.059123512720347084 
0.059122239061679425 
0.05912096697415883 
0.05911969645903487 
0.05911842751755598 
0.059117160150969746 
0.05911589436052286 
0.05911463014746048 
0.059113367513026996 
0.05911210645846585 
0.0591108469850187 
0.059109589093926225 
0.059108332786428026 
0.05910707806376215 
0.05910582492716581 
0.05910457337787443 
0.059103323417122954 
0.05910207504614347 
0.05910082826616785 
0.05909958307842632 
0.05909833948414758 
0.059097097484558575 
0.05909585708088541 
0.0590946182743522 
0.059093381066181436 
0.05909214545759432 
0.05909091144981061 
0.0590896790440477 
0.05908844824152238 
0.05908721904344891 
0.0590859914510404 
0.05908476546550757 
0.059083541088060215 
0.059082318319906214 
0.05908109716225096 
0.059079877616299056 
0.05907865968325211 
0.05907744336431096 
0.05907622866067389 
0.05907501557353746 
0.059073804104096586 
0.05907259425354345 
0.05907138602306896 
0.059070179413861994 
0.059068974427109296 
0.05906777106399493 
0.059066569325701895 
0.059065369213410684 
0.05906417072829945 
0.05906297387154402 
0.05906177864431902 
0.05906058504779603 
0.059059393083144625 
0.05905820275153224 
0.059057014054123745 
0.05905582699208205 
0.05905464156656808 
0.05905345777873957 
0.05905227562975259 
0.05905109512076063 
0.0590499162529145 
0.05904873902736332 
0.059047563445253144 
0.05904638950772785 
0.059045217215928016 
0.059044046570993484 
0.05904287757406011 
0.059041710226261444 
0.05904054452872892 
0.059039380482590754 
0.059038218088973415 
0.05903705734899985 
0.05903589826379093 
0.05903474083446482 
0.05903358506213651 
0.05903243094791854 
0.05903127849292126 
0.059030127698251326 
0.059028978565013226 
0.05902783109430812 
0.05902668528723541 
0.059025541144890635 
0.059024398668366534 
0.059023257858753585 
0.05902211871713892 
0.05902098124460661 
0.05901984544223863 
0.05901871131111272 
0.059017578852304575 
0.05901644806688667 
0.059015318955928105 
0.059014191520495564 
0.05901306576165217 
0.05901194168045798 
0.05901081927797028 
0.059009698555243385 
0.059008579513327504 
0.05900746215327067 
0.059006346476117154 
0.059005232482908544 
0.05900412017468274 
0.05900300955247466 
0.05900190061731598 
0.05900079337023452 
0.05899968781225608 
0.058998583944401876 
0.058997481767690284 
0.058996381283136556 
0.05899528249175191 
0.05899418539454532 
0.0589930899925209 
0.05899199628668062 
0.05899090427802219 
0.05898981396754004 
0.05898872535622541 
0.05898763844506613 
0.05898655323504572 
0.05898546972714474 
0.0589843879223404 
0.058983307821605775 
0.058982229425910936 
0.058981152736221704 
0.058980077753500955 
0.05897900447870716 
0.05897793291279625 
0.05897686305671914 
0.058975794911424 
0.058974728477854794 
0.058973663756952385 
0.05897260074965295 
0.05897153945688965 
0.058970479879591545 
0.05896942201868386 
0.058968365875088385 
0.05896731144972254 
0.05896625874350018 
0.05896520775733127 
0.058964158492121985 
0.05896311094877441 
0.058962065128187 
0.05896102103125348 
0.058959978658864806 
0.058958938011907006 
0.0589578990912631 
0.05895686189781064 
0.05895582643242461 
0.05895479269597532 
0.05895376068932891 
0.05895273041334748 
0.05895170186888948 
0.05895067505680894 
0.05894964997795544 
0.05894862663317533 
0.05894760502330981 
0.05894658514919678 
0.05894556701166913 
0.058944550611556304 
0.058943535949683205 
0.05894252302687065 
0.058941511843934716 
0.058940502401687814 
0.058939494700937844 
0.05893848874248849 
0.05893748452713912 
0.058936482055684664 
0.05893548132891546 
0.05893448234761886 
