0.633211418706769 
0.5151823093617995 
0.5029896840106067 
0.5011907084289747 
0.5010064796940635 
0.5010724501442144 
0.5011439860523772 
0.5011850715983412 
0.5011987904819689 
0.5011931599353231 
0.5011747614157621 
0.5011481603027939 
0.5011163613861536 
0.5010813030349286 
0.501044224731775 
0.5010059155294273 
0.5009668763788763 
0.5009274246757787 
0.5008877611307402 
0.5008480123820603 
0.5008082580903965 
0.5007685481422987 
0.5007289135632718 
0.5006893734360427 
0.5006499392843116 
0.5006106178495097 
0.5005714128490794 
0.5005323260894867 
0.5004933581705046 
0.5004545089306468 
0.500415777728713 
0.5003771636215809 
0.5003386654763285 
0.5003002820408149 
0.5002620119879736 
0.5002238539434932 
0.5001858065029996 
0.5001478682426076 
0.5001100377252943 
0.5000723135046353 
0.5000346941268998 
0.49999717813210365 
0.49995976405441983 
0.49992245042220435 
0.49988523575777466 
0.4998481185770558 
0.49981109738914553 
0.4997741706958398 
0.49973733699115636 
0.4997005947608492 
0.49966394248194007 
0.49962737862227424 
0.4995909016400879 
0.4995545099836141 
0.4995182020907026 
0.49948197638847525 
0.4994458312930056 
0.4994097652090255 
0.4993737765296621 
0.49933786363619936 
0.4993020248978667 
0.4992662586716576 
0.49923056330217 
0.49919493712147567 
0.49915937844901337 
0.4991238855915069 
0.49908845684290887 
0.4990530904843649 
0.49901778478420566 
0.4989825379979546 
0.4989473483683669 
0.49891221412547754 
0.4988771334866814 
0.4988421046568244 
0.4988071258283187 
0.498772195181276 
0.49873731088365303 
0.4987024710914183 
0.4986676739487365 
0.498632917588163 
0.4985982001308554 
0.49856351968679646 
0.4985288743550341 
0.4984942622239279 
0.49845968137140945 
0.49842512986525034 
0.49839060576334465 
0.49835610711399003 
0.4983216319561883 
0.49828717831994074 
0.49825274422655735 
0.49821832768896623 
0.4981839267120305 
0.498149539292861 
0.49811516342114176 
0.49808079707944675 
0.49804643824356104 
0.4980120848828032 
0.49797773496034137 
0.49794338643351016 
0.49790903725412594 
0.49787468536879287 
0.49784032871921075 
0.4978059652424699 
0.49777159287134587 
0.49773720953458395 
0.49770281315717646 
0.4976684016606315 
0.4976339729632308 
0.4975995249802807 
0.4975650556243497 
0.4975305628054949 
0.4974960444314796 
0.49746149840797305 
0.4974269226387408 
0.49739231502582265 
0.4973576734696916 
0.49732299586940437 
0.49728828012273 
0.4972535241262687 
0.4972187257755539 
0.49718388296513377 
0.4971489935886417 
0.4971140555388481 
0.4970790667076914 
0.49704402498630007 
0.4970089282649865 
0.4969737744332325 
0.49693856137965037 
0.4969032869919308 
0.49686794915676835 
0.49683254575977237 
0.49679707468535683 
0.49676153381661403 
0.49672592103516805 
0.4966902342210128 
0.4966544712523276 
0.49661863000527967 
0.4965827083538039 
0.4965467041693699 
0.496510615320727 
0.49647443967362975 
0.4964381750905545 
0.4964018194303927 
0.49636537054812335 
0.49632882629448 
0.4962921845155895 
0.4962554430526028 
0.49621859974130544 
0.4961816524117119 
0.49614459888764856 
0.49610743698631676 
0.49607016451784475 
0.49603277928482264 
0.49599527908182245 
0.49595766169490896 
0.4959199249011299 
0.4958820664680003 
0.49584408415296655 
0.4958059757028632 
0.49576773885335584 
0.49572937132837097 
0.4956908708395132 
0.4956522350854778 
0.49561346175143983 
0.4955745485084462 
0.49553549301278627 
0.49549629290535957 
0.4954569458110285 
0.4954174493379652 
0.4953778010769852 
0.49533799860087735 
0.49529803946371825 
0.4952579212001827 
0.49521764132484564 
0.4951771973314711 
0.49513658669230065 
0.49509580685732607 
0.4950548552535602 
0.49501372928429804 
0.4949724263283694 
0.494930943739386 
0.49488927884498235 
0.49484742894604367 
0.4948053913159354 
0.49476316319971964 
0.4947207418133672 
0.49467812434296143 
0.49463530794389443 
0.4945922897400647 
0.4945490668230501 
0.49450563625129573 
0.4944619950492777 
0.49441814020666863 
0.4943740686774928 
0.49432977737927786 
0.4942852631921917 
0.49424052295818205 
0.49419555348009997 
0.49415035152081904 
0.4941049138023471 
0.49405923700493043 
0.49401331776614654 
0.4939671526799904 
0.4939207382959531 
0.4938740711180885 
0.49382714760407403 
0.4937799641642583 
0.49373251716070093 
0.49368480290620254 
0.4936368176633212 
0.49358855764338294 
0.4935400190054742 
0.4934911978554292 
0.4934420902448015 
0.4933926921698222 
0.493342999570349 
0.49329300832879786 
0.49324271426906224 
0.4931921131554211 
0.4931412006914237 
0.49308997251876957 
0.4930384242161635 
0.49298655129816066 
0.49293434921399176 
0.4928818133463667 
0.49282893901027064 
0.49277572145173076 
0.49272215584656787 
0.49266823729913123 
0.49261396084100345 
0.49255932142969683 
0.49250431394731636 
0.4924489331992063 
0.49239317391257165 
0.4923370307350758 
0.492280498233412 
0.4922235708918535 
0.49216624311076895 
0.49210850920512117 
0.4920503634029312 
0.491991799843714 
0.4919328125768858 
0.4918733955601428 
0.4918135426578051 
0.4917532476391306 
0.4916925041765947 
0.49163130584413717 
0.4915696461153724 
0.4915075183617664 
0.4914449158507706 
0.49138183174392935 
0.4913182590949341 
0.4912541908476491 
0.4911896198340894 
0.49112453877236056 
0.49105894026455177 
0.4909928167945868 
0.49092616072602846 
0.4908589642998362 
0.49079121963207734 
0.49072291871158535 
0.4906540533975708 
0.4905846154171806 
0.4905145963630027 
0.4904439876905136 
0.49037278071547963 
0.4903009666112878 
0.49022853640622766 
0.4901554809807109 
0.49008179106442473 
0.49000745723343037 
0.48993246990718753 
0.4898568193455194 
0.48978049564550674 
0.489703488738311 
0.4896257883859311 
0.48954738417787985 
0.4894682655277934 
0.48938842166995494 
0.48930784165574676 
0.48922651435002124 
0.4891444284273837 
0.48906157236839776 
0.488977934455699 
0.4888935027700213 
0.48880826518613696 
0.4887222093686923 
0.4886353227679643 
0.4885475926155022 
0.4884590059196824 
0.48836954946115957 
0.48827920978820244 
0.4881879732119363 
0.4880958258014674 
0.4880027533788955 
0.48790874151421504 
0.4878137755200962 
0.4877178404465449 
0.48762092107544236 
0.4875230019149532 
0.4874240671938083 
0.48732410085545913 
0.4872230865520839 
0.4871210076384725 
0.4870178471657519 
0.48691358787498334 
0.48680821219059867 
0.4867017022136905 
0.48659403971514575 
0.4864852061286227 
0.486375182543363 
0.48626394969683545 
0.48615148796721736 
0.4860377773656949 
0.48592279752858986 
0.4858065277093033 
0.4856889467700744 
0.48557003317354824 
0.48544976497415576 
0.4853281198092823 
0.4852050748902514 
0.4850806069930874 
0.4849546924490749 
0.48482730713510097 
0.48469842646377354 
0.48456802537332233 
0.48443607831726493 
0.4843025592538396 
0.4841674416352024 
0.484030698396376 
0.48389230194395627 
0.4837522241445601 
0.48361043631301837 
0.4834669092003047 
0.48332161298119913 
0.48317451724167376 
0.4830255909660069 
0.48287480252360865 
0.48272211965556444 
0.48256750946088345 
0.48241093838244886 
0.4822523721926681 
0.4820917759788164 
0.48192911412806727 
0.48176435031220716 
0.481597447472032 
0.48142836780141574 
0.4812570727310526 
0.48108352291185974 
0.48090767819805647 
0.4807294976298839 
0.480548939415998 
0.48036596091550077 
0.48018051861963007 
0.47999256813309266 
0.4798020641550407 
0.47960896045968976 
0.47941320987658353 
0.4792147642704871 
0.47901357452092963 
0.47880959050137806 
0.47860276105805244 
0.47839303398838046 
0.4781803560190944 
0.47796467278396604 
0.4777459288011983 
0.4775240674504553 
0.47729903094955584 
0.47707076033082607 
0.4768391954171153 
0.476604274797492 
0.47636593580262543 
0.47612411447985015 
0.47587874556795523 
0.47562976247167343 
0.4753770972359192 
0.4751206805197663 
0.4748604415701946 
0.4745963081956337 
0.47432820673930215 
0.47405606205238815 
0.47377979746708593 
0.47349933476952477 
0.4732145941726082 
0.472925494288814 
0.4726319521029764 
0.4723338829450987 
0.4720312004632391 
0.4717238165965096 
0.47141164154823856 
0.4710945837593611 
0.4707725498820757 
0.47044544475384464 
0.4701131713717927 
0.4697756308675793 
0.4694327224828209 
0.4690843435451366 
0.46873038944490436 
0.46837075361282265 
0.4680053274983677 
0.4676340005492495 
0.4672566601919774 
0.46687319181365056 
0.466483478745082 
0.4660874022454089 
0.4656848414882968 
0.46527567354990346 
0.46485977339873946 
0.4644370138875863 
0.4640072657476463 
0.4635703975850891 
0.4631262758801892 
0.4626747649892353 
0.4622157271494261 
0.4617490224869574 
0.461274509028519 
0.4607920427164376 
0.460301477427703 
0.45980266499712785 
0.45929545524489623 
0.45877969600878254 
0.45825523318130607 
0.4577219107521187 
0.45717957085592215 
0.4566280538262259 
0.4560671982552563 
0.4554968410603473 
0.45491681755715074 
0.4543269615400003 
0.45372710536978506 
0.4531170800696846 
0.45249671542913356 
0.4518658401163727 
0.4512242817999741 
0.45057186727968607 
0.4499084226270103 
0.4492337733358463 
0.4485477444836128 
0.4478501609031832 
0.4471408473660277 
0.4464196287769019 
0.44568633038042826 
0.4449407779799208 
0.4441827981687577 
0.4434122185746089 
0.44262886811679997 
0.4418325772770752 
0.44102317838397354 
0.44020050591103466 
0.4393643967889765 
0.438514690731987 
0.4376512305781936 
0.4367738626443399 
0.4358824370946596 
0.4349768083238564 
0.43405683535403405 
0.43312238224539373 
0.4321733185203757 
0.43120951960091125 
0.43023086725831045 
0.42923725007526764 
0.428228563919333 
0.4272047124271375 
0.42616560749850574 
0.42511116979954444 
0.42404132927361876 
0.42295602565905355 
0.42185520901225915 
0.4207388402348593 
0.4196068916032813 
0.41845934729912126 
0.41729620393849876 
0.41611747109846603 
0.41492317183840965 
0.4137133432142898 
0.4124880367833904 
0.41124731909719925 
0.4099912721798812 
0.4087199939897306 
0.40743359886090397 
0.40613221792263704 
0.4048159994931039 
0.4034851094450113 
0.4021397315399973 
0.4007800677288803 
0.3994063384148086 
0.39801878267639595 
0.39661765844795394 
0.3952032426540305 
0.39377583129554383 
0.39233573948491823 
0.39088330142780436 
0.3894188703491104 
0.3879428183613054 
0.3864555362731624 
0.38495743333739324 
0.38344893693588705 
0.3819304922015924 
0.38040256157641206 
0.37886562430482645 
0.3773201758633521 
0.375766727326303 
0.37420580466876197 
0.3726379480080485 
0.3710637107854103 
0.3694836588900654 
0.3678983697281654 
0.3663084312396308 
0.36471444086623367 
0.3631170044746736 
0.3615167352387496 
0.3599142524850976 
0.3583101805072207 
0.35670514735288256 
0.35509978359010724 
0.353494721057282 
0.3518905916029787 
0.3502880258212507 
0.3486876517882061 
0.34709009380569594 
0.34549597115790937 
0.34390589688659823 
0.34232047659053483 
0.3407403072546202 
0.33916597611385985 
0.33759805955715627 
0.3360371220755816 
0.3344837152594588 
0.33293837684821076 
0.3314016298365721 
0.3298739816403167 
0.32835592332424896 
0.32684792889475617 
0.3253504546587704 
0.32386393865053786 
0.3223888001271385 
0.3209254391332606 
0.31947423613528664 
0.31803555172434617 
0.3166097263875708 
0.31519708034640737 
0.31379791346050045 
0.3124125051953054 
0.3110411146513107 
0.309683980652454 
0.30834132189109165 
0.30701333712666856 
0.3057002054350434 
0.30440208650530143 
0.30311912098075505 
0.3018514308407507 
0.3005991198198556 
0.2993622738609578 
0.29814096159882864 
0.29693523487070345 
0.29574512925050206 
0.29457066460336545 
0.29341184565727446 
0.292268662588632 
0.29114109161878604 
0.29002909561862283 
0.2889326247184873 
0.2878516169208394 
0.28678599871320826 
0.28573568567917906 
0.28470058310528173 
0.28368058658184925 
0.28267558259605036 
0.28168544911547005 
0.28071005616078515 
0.27974926636621855 
0.27880293552661767 
0.27787091313014844 
0.2769530428757347 
0.27604916317451095 
0.27515910763467305 
0.2742827055292478 
0.2734197822463964 
0.272570159721995 
0.2717336568543017 
0.2709100899006478 
0.27009927285613855 
0.26930101781444826 
0.2685151353108524 
0.26774143464770245 
0.2669797242026064 
0.26622981171962734 
0.26549150458384607 
0.26476461007969293 
0.2640489356334502 
0.26334428904039586 
0.26265047867704744 
0.26196731369899295 
0.2612946042248233 
0.2606321615066664 
0.2599797980878515 
0.2593373279482205 
0.2587045666376169 
0.25808133139806766 
0.25746744127517923 
0.2568627172192647 
0.25626698217669824 
0.2556800611720024 
0.25510178138114337 
0.2545319721965189 
0.2539704652840906 
0.2534170946331165 
0.2528716965989132 
0.2523341099390651 
0.2518041758434984 
0.251281737958792 
0.2507666424071143 
0.2502587378001379 
0.24975787524828216 
0.24926390836560794 
0.2487766932706795 
0.24829608858369928 
0.24782195542019267 
0.24735415738151786 
0.24689256054245962 
0.24643703343614448 
0.245987447036516 
0.24554367473858082 
0.24510559233663895 
0.24467307800067792 
0.24424601225113463 
0.24382427793217407 
0.24340776018366106 
0.24299634641197052 
0.24258992625977482 
0.2421883915749454 
0.24179163637868803 
0.24139955683302897 
0.24101205120775332 
0.24062901984690602 
0.24025036513493497 
0.2398759914625672 
0.23950580519250295 
0.2391397146249832 
0.2387776299633201 
0.23841946327943553 
0.23806512847946792 
0.23771454126950003 
0.23736761912146173 
0.237024281239236 
0.2366844485250182 
0.2363480435459637 
0.23601499050114755 
0.23568521518887617 
0.23535864497436113 
0.23503520875779943 
0.23471483694285408 
0.23439746140557494 
0.2340830154637617 
0.23377143384679033 
0.2334626526659034 
0.23315660938498745 
0.23285324279183367 
0.23255249296989156 
0.232254301270524 
0.23195861028576079 
0.23166536382155814 
0.23137450687155886 
0.23108598559136176 
0.2307997472732894 
0.23051574032166472 
0.23023391422857717 
0.22995421955015477 
0.2296766078833191 
0.22940103184303448 
0.22912744504003835 
0.2288558020590446 
0.22858605843742527 
0.22831817064434956 
0.22805209606039173 
0.22778779295757884 
0.2275252204798958 
0.22726433862422024 
0.22700510822168934 
0.22674749091949348 
0.22649144916308248 
0.22623694617877918 
0.22598394595679877 
0.2257324132346507 
0.22548231348093814 
0.22523361287952295 
0.22498627831406715 
0.2247402773529318 
0.22449557823443395 
0.22425214985244654 
0.224009961742337 
0.223768984067238 
0.22352918760464438 
0.22329054373331925 
0.22305302442051864 
0.22281660220950814 
0.2225812502073836 
0.22234694207317468 
0.2221136520062279 
0.221881354734871 
0.2216500255053356 
0.22141964007095047 
0.22119017468158397 
0.22096160607333468 
0.220733911458471 
0.22050706851559806 
0.22028105538006332 
0.22005585063458244 
0.21983143330008767 
0.21960778282678559 
0.21938487908542928 
0.21916270235878862 
0.2189412333333205 
0.21872045309103355 
0.21850034310153651 
0.21828088521427838 
0.2180620616509574 
0.21784385499810888 
0.2176262481998661 
0.21740922455088035 
0.21719276768940518 
0.21697686159053892 
0.21676149055961705 
0.21654663922575657 
0.2163322925355452 
0.21611843574686945 
0.21590505442288385 
0.21569213442611604 
0.21547966191269563 
0.21526762332672003 
0.21505600539473885 
0.21484479512036064 
0.21463397977897763 
0.2144235469126087 
0.2142134843248517 
0.21400378007594253 
0.2137944224779302 
0.2135854000899438 
0.21337670171357262 
0.21316831638833292 
0.21296023338724565 
0.21275244221249262 
0.2125449325911752 
0.2123376944711598 
0.2121307180170068 
0.21192399360598874 
0.21171751182418885 
0.21151126346268112 
0.21130523951379132 
0.2110994311674291 
0.210893829807501 
0.2106884270083937 
0.21048321453153002 
0.21027818432199136 
0.21007332850521318 
0.2098686393837424 
0.20966410943406008 
0.20945973130347112 
0.2092554978070489 
0.2090514019246466 
0.2088474367979643 
0.2086435957276702 
0.20843987217058524 
0.2082362597369155 
0.2080327521875417 
0.2078293434313582 
0.20762602752266757 
0.20742279865861693 
0.20721965117669133 
0.20701657955225003 
0.20681357839610814 
0.20661064245216612 
0.20640776659508275 
0.20620494582799126 
0.20600217528025616 
0.2057994502052744 
0.20559676597831475 
0.20539411809439445 
0.20519150216620183 
0.20498891392204652 
0.20478634920385497 
0.2045838039651986 
0.2043812742693555 
0.20417875628741025 
0.20397624629638397 
0.20377374067740034 
0.20357123591388168 
0.2033687285897787 
0.2031662153878266 
0.2029636930878387 
0.20276115856502325 
0.20255860878833065 
0.20235604081883252 
0.20215345180812297 
0.20195083899675184 
0.20174819971268057 
0.201545531369768 
0.2013428314662787 
0.20114009758341642 
0.2009373273838836 
0.2007345186104643 
0.20053166908462963 
0.20032877670516533 
0.2001258394468271 
0.1999228553590103 
0.19971982256444606 
0.1995167392579191 
0.19931360370500326 
0.19911041424081843 
0.19890716926881022 
0.19870386725954356 
0.19850050674952266 
0.19829708634002083 
0.19809360469593995 
0.19789006054467512 
0.19768645267500895 
0.19748277993601493 
0.19727904123598275 
0.19707523554135678 
0.19687136187569426 
0.19666741931863685 
0.19646340700490023 
0.19625932412327643 
0.196055169915655 
0.19585094367605738 
0.19564664474968263 
0.19544227253197344 
0.19523782646769478 
0.1950333060500209 
0.19482871081964453 
0.19462404036389203 
0.194419294315858 
0.19421447235354608 
0.1940095741990291 
0.19380459961761642 
0.19359954841703766 
0.1933944204466355 
0.19318921559657104 
0.19298393379704162 
0.19277857501750964 
0.19257313926594213 
0.19236762658806206 
0.19216203706661036 
0.1919563708206182 
0.19175062800468953 
0.19154480880829441 
0.1913389134550745 
0.19113294220215388 
0.19092689533946447 
0.1907207731890764 
0.19051457610454456 
0.19030830447025562 
0.19010195870079286 
0.18989553924030417 
0.18968904656188262 
0.18948248116695157 
0.1892758435846646 
0.18906913437130798 
0.18886235410971403 
0.18865550340868387 
0.1884485829024158 
0.18824159324994497 
0.18803453513458482 
0.1878274092633856 
0.18762021636659054 
0.18741295719710702 
0.18720563252998107 
0.18699824316188185 
0.18679078991059084 
0.18658327361449875 
0.1863756951321113 
0.1861680553415598 
0.18596035514011836 
0.18575259544373096 
0.18554477718653944 
0.18533690132042502 
0.18512896881454888 
0.18492098065490614 
0.1847129378438801 
0.18450484139980727 
0.18429669235654392 
0.18408849176304384 
0.1838802406829364 
0.18367194019411706 
0.18346359138833637 
0.1832551953707976 
0.18304675325976663 
0.1828382661861733 
0.18262973529323168 
0.18242116173605769 
0.18221254668129527 
0.1820038913067473 
0.1817951968010113 
0.1815864643631198 
0.18137769520218708 
0.18116889053706117 
0.180960051595977 
0.18075117961622075 
0.18054227584379193 
0.18033334153307784 
0.18012437794652408 
0.17991538635431875 
0.17970636803407272 
0.17949732427051204 
0.17928825635516832 
0.1790791655860801 
0.17887005326749006 
0.17866092070955514 
0.17845176922805736 
0.17824260014411727 
0.17803341478391205 
0.177824214478403 
0.17761500056305762 
0.1774057743775853 
0.17719653726567122 
0.1769872905747147 
0.1767780356555739 
0.17656877386231232 
0.17635950655195085 
0.17615023508422004 
0.1759409608213219 
0.17573168512769016 
0.17552240936975502 
0.1753131349157179 
0.17510386313531737 
0.17489459539961194 
0.17468533308075532 
0.174476077551786 
0.17426683018640926 
0.17405759235879 
0.17384836544334692 
0.17363915081454864 
0.17342994984671647 
0.17322076391382535 
0.17301159438931524 
0.17280244264589753 
0.17259331005537057 
0.17238419798843707 
0.1721751078145227 
0.1719660409016002 
0.17175699861601387 
0.17154798232231272 
0.17133899338307698 
0.17113003315875777 
0.1709211030075138 
0.1707122042850511 
0.1705033383444711 
0.17029450653611103 
0.17008571020740051 
0.16987695070270906 
0.16966822936320455 
0.1694595475267095 
0.16925090652756283 
0.1690423076964825 
0.16883375236043419 
0.1686252418424975 
0.16841677746173836 
0.16820836053308447 
0.1679999923672017 
0.16779167427037112 
0.1675834075443773 
0.1673751934863841 
0.16716703338882843 
0.1669589285393069 
0.16675088022046888 
0.16654288970991102 
0.1663349582800718 
0.16612708719813502 
0.16591927772592593 
0.16571153111982082 
0.16550384863064913 
0.16529623150360268 
0.16508868097815024 
0.16488119828794384 
0.16467378466074162 
0.16446644131832058 
0.1642591694763964 
0.16405197034454697 
0.1638448451261382 
0.16363779501824552 
0.16343082121158609 
0.16322392489044704 
0.16301710723262022 
0.1628103694093347 
0.162603712585195 
0.162397137918117 
0.1621906465592712 
0.16198423965302483 
0.16177791833688523 
0.16157168374144737 
0.16136553699034073 
0.16115947920018245 
0.16095351148052375 
0.16074763493381158 
0.16054185065533777 
0.1603361597331986 
0.16013056324825772 
0.15992506227410064 
0.15971965787700185 
0.15951435111588994 
0.1593091430423114 
0.15910403470039955 
0.158899027126845 
0.15869412135086472 
0.15848931839417799 
0.15828461927097887 
0.15808002498791193 
0.15787553654405095 
0.15767115493087908 
0.15746688113226648 
0.1572627161244561 
0.15705866087604542 
0.15685471634797182 
0.15665088349349945 
0.15644716325820776 
0.1562435565799805 
0.15604006438899828 
0.15583668760772734 
0.1556334271509171 
0.15543028392559305 
0.1552272588310542 
0.15502435275887003 
0.15482156659287927 
0.1546189012091911 
0.15441635747618626 
0.15421393625451957 
0.15401163839712434 
0.15380946474921706 
0.15360741614830475 
0.15340549342419127 
0.15320369739898715 
0.15300202888711892 
0.1528004886953403 
0.15259907762274297 
0.1523977964607728 
0.15219664599324148 
0.15199562699634328 
0.1517947402386687 
0.15159398648122693 
0.1513933664774593 
0.15119288097326106 
0.15099253070700194 
0.15079231640954652 
0.15059223880427774 
0.1503922986071183 
0.1501924965265563 
0.14999283326367116 
0.14979330951215608 
0.14959392595834892 
0.14939468328125838 
0.14919558215259032 
0.14899662323678156 
0.14879780719102598 
0.1485991346653077 
0.1484006063024347 
0.1482022227380647 
0.14800398460074637 
0.1478058925119502 
0.14760794708610206 
0.1474101489306198 
0.14721249864595126 
0.14701499682560903 
0.14681764405620953 
0.14662044091750961 
0.1464233879824488 
0.14622648581718622 
0.14602973498114177 
0.14583313602703749 
0.14563668950093947 
0.14544039594229918 
0.14524425588399784 
0.1450482698523868 
0.14485243836733555 
0.1446567619422741 
0.1444612410842372 
0.14426587629391302 
0.14407066806568722 
0.14387561688768877 
0.1436807232418408 
0.1434859876039043 
0.14329141044353044 
0.1430969922243053 
0.14290273340380327 
0.14270863443363183 
0.14251469575948766 
0.14232091782120185 
0.14212730105279392 
0.14193384588252492 
0.14174055273294298 
0.1415474220209442 
0.14135445415781756 
0.14116164954930407 
0.14096900859564623 
0.1407765316916456 
0.14058421922671266 
0.1403920715849255 
0.1402000891450821 
0.14000827228075768 
0.1398166213603588 
0.13962513674718122 
0.13943381879946243 
0.13924266787044362 
0.13905168430842324 
0.13886086845681317 
0.13867022065420034 
0.13847974123440018 
0.13828943052651835 
0.13809928885500594 
0.13790931653971952 
0.1377195138959809 
0.13752988123463533 
0.13734041886210926 
0.13715112708047245 
0.13696200618749568 
0.13677305647671226 
0.13658427823747732 
0.1363956717550276 
0.13620723731054318 
0.13601897518120848 
0.13583088564026982 
0.13564296895710048 
0.13545522539726013 
0.13526765522255527 
0.1350802586911025 
0.13489303605738961 
0.13470598757233365 
0.1345191134833498 
0.1343324140344066 
0.13414588946609152 
0.1339595400156728 
0.1337733659171597 
0.13358736740136612 
0.13340154469597235 
0.1332158980255891 
0.1330304276118173 
0.13284513367331155 
0.13266001642584224 
0.13247507608236075 
0.13229031285305767 
0.13210572694542655 
0.13192131856432773 
0.13173708791205138 
0.13155303518837666 
0.1313691605906371 
0.13118546431378272 
0.13100194655043876 
0.13081860749097357 
0.13063544732355645 
0.13045246623422263 
0.13026966440693188 
0.1300870420236341 
0.12990459926432915 
0.1297223363071288 
0.1295402533283201 
0.12935835050242278 
0.12917662800225488 
0.12899508599899212 
0.12881372466223018 
0.1286325441600423 
0.1284515446590434 
0.12827072632445014 
0.1280900893201406 
0.12790963380871453 
0.12772935995155246 
0.1275492679088773 
0.12736935783981335 
0.12718962990244442 
0.1270100842538742 
0.1268307210502845 
0.12665154044699373 
0.126472542598516 
0.1262937276586184 
0.12611509578037744 
0.12593664711624086 
0.1257583818180792 
0.12558030003724635 
0.12540240192463584 
0.12522468763073452 
0.12504715730568022 
0.12486981109931934 
0.12469264916125646 
0.12451567164091604 
0.1243388786875893 
0.12416227045049566 
0.12398584707883059 
0.12380960872182169 
0.12363355552878115 
0.1234576876491585 
0.12328200523259067 
0.1231065084289562 
0.12293119738842383 
0.12275607226150624 
0.1225811331991064 
0.12240638035257012 
0.12223181387373509 
0.12205743391497811 
0.12188324062926593 
0.12170923417019908 
0.12153541469206412 
0.12136178234987674 
0.1211883372994283 
0.12101507969733417 
0.12084200970107616 
0.12066912746904872 
0.12049643316060125 
0.12032392693608421 
0.12015160895689131 
0.11997947938549944 
0.1198075383855146 
0.11963578612170903 
0.11946422276006516 
0.11929284846781399 
0.11912166341347574 
0.11895066776689607 
0.11877986169928832 
0.11860924538326763 
0.11843881899288917 
0.1182685827036844 
0.1180985366926979 
0.11792868113851974 
0.11775901622132401 
0.11758954212289778 
0.11742025902667834 
0.11725116711778213 
0.11708226658303962 
0.11691355761102465 
0.11674504039208446 
0.11657671511837188 
0.11640858198387016 
0.1162406411844257 
0.11607289291777403 
0.11590533738356447 
0.11573797478338961 
0.11557080532081036 
0.11540382920137968 
0.11523704663266705 
0.11507045782428159 
0.11490406298789592 
0.1147378623372672 
0.11457185608825887 
0.11440604445885909 
0.11424042766920542 
0.11407500594159872 
0.1139097795005255 
0.11374474857267229 
0.11357991338694434 
0.11341527417448242 
0.11325083116867615 
0.11308658460518026 
0.11292253472192978 
0.11275868175914977 
0.11259502595937258 
0.11243156756744413 
0.11226830683053894 
0.11210524399817026 
0.11194237932219935 
0.1117797130568411 
0.11161724545867818 
0.111454976786663 
0.11129290730212842 
0.11113103726879103 
0.11096936695275768 
0.1108078966225313 
0.11064662654901096 
0.11048555700549934 
0.1103246882677019 
0.1101640206137324 
0.11000355432410783 
0.10984328968175552 
0.10968322697200833 
0.109523366482605 
0.10936370850368933 
0.1092042533278062 
0.10904500124989923 
0.10888595256730643 
0.10872710757975639 
0.10856846658936459 
0.10841002990062357 
0.10825179782040109 
0.10809377065792972 
0.10793594872480197 
0.10777833233495826 
0.10762092180468243 
0.10746371745258763 
0.10730671959960997 
0.10714992856899654 
0.10699334468628975 
0.10683696827932325 
0.10668079967820342 
0.10652483921529679 
0.10636908722521882 
0.10621354404481767 
0.10605821001315772 
0.10590308547150823 
0.10574817076332343 
0.10559346623422915 
0.10543897223200069 
0.1052846891065523 
0.10513061720991308 
0.10497675689621105 
0.1048231085216524 
0.10466967244450444 
0.10451644902507182 
0.10436343862568044 
0.1042106416106507 
0.10405805834628125 
0.10390568920082262 
0.10375353454445953 
0.10360159474928456 
0.10344987018927379 
0.10329836124026684 
0.10314706827993993 
0.10299599168778224 
0.10284513184507205 
0.1026944891348495 
0.10254406394189161 
0.10239385665268826 
0.10224386765541234 
0.10209409733989537 
0.10194454609760009 
0.10179521432159352 
0.1016461024065181 
0.10149721074856555 
0.10134853974544591 
0.10120008979636184 
0.10105186130197925 
0.1009038546643961 
0.10075607028711676 
0.10060850857501949 
0.10046116993432803 
0.10031405477258028 
0.10016716349860236 
0.10002049652247137 
0.09987405425549117 
0.09972783711015798 
0.09958184550013117 
0.0994360798402021 
0.0992905405462623 
0.09914522803526984 
0.09900014272522648 
0.0988552850351341 
0.09871065538497324 
0.09856625419566367 
0.09842208188903921 
0.09827813888781199 
0.09813442561553817 
0.09799094249659317 
0.09784768995613347 
0.09770466842006481 
0.09756187831501435 
0.09741932006829408 
0.09727699410787138 
0.09713490086233467 
0.09699304076086222 
0.09685141423319332 
0.09671002170958945 
0.09656886362080813 
0.09642794039806699 
0.09628725247301596 
0.09614680027770099 
0.09600658424453569 
0.09586660480626741 
0.09572686239594591 
0.09558735744689509 
0.0954480903926757 
0.09530906166705949 
0.09517027170399558 
0.09503172093757979 
0.09489340980202347 
0.09475533873162487 
0.09461750816073404 
0.09447991852372838 
0.09434257025497818 
0.09420546378881858 
0.09406859955951893 
0.09393197800125437 
0.09379559954807414 
0.09365946463387541 
0.09352357369237242 
0.09338792715706823 
0.0932525254612275 
0.09311736903784558 
0.09298245831962355 
0.09284779373893806 
0.09271337572781581 
0.09257920471790636 
0.09244528114045454 
0.092311605426272 
0.09217817800571561 
0.09204499930865738 
0.09191206976446067 
0.09177938980195516 
0.09164695984940924 
0.09151478033450931 
0.09138285168433233 
0.09125117432532193 
0.09111974868326785 
0.09098857518327741 
0.09085765424975688 
0.09072698630638777 
0.09059657177610217 
0.09046641108106353 
0.09033650464264499 
0.09020685288140631 
0.09007745621707273 
0.08994831506851816 
0.08981942985374047 
0.0896908009898463 
0.08956242889302796 
0.08943431397854458 
0.08930645666070679 
0.08917885735285434 
0.0890515164673448 
0.08892443441552687 
0.08879761160773206 
0.08867104845325204 
0.0885447453603261 
0.08841870273612308 
0.08829292098672856 
0.08816740051712632 
0.08804214173118932 
0.08791714503165736 
0.08779241082013095 
0.08766793949705502 
0.08754373146170355 
0.08741978711217278 
0.08729610684536293 
0.0871726910569711 
0.08704954014147723 
0.08692665449213374 
0.08680403450095649 
0.08668168055871366 
0.0865595930549145 
0.08643777237780295 
0.08631621891434778 
0.08619493305023185 
0.0860739151698496 
0.08595316565629196 
0.085832684891345 
0.08571247325547961 
0.08559253112784751 
0.08547285888627325 
0.08535345690724887 
0.08523432556592946 
0.08511546523612817 
0.08499687629031086 
0.08487855909959106 
0.08476051403372785 
0.08464274146112263 
0.08452524174881368 
0.08440801526247563 
0.08429106236641674 
0.08417438342357478 
0.0840579787955192 
0.08394184884244538 
0.0838259939231779 
0.0837104143951662 
0.08359511061448593 
0.08348008293583943 
0.08336533171255442 
0.0832508572965855 
0.08313666003851543 
0.08302274028755485 
0.0829090983915466 
0.08279573469696444 
0.08268264954891535 
0.08256984329114472 
0.0824573162660359 
0.08234506881461408 
0.08223310127654954 
0.08212141399016035 
0.08201000729241818 
0.08189888151894761 
0.08178803700403578 
0.08167747408063293 
0.08156719308035627 
0.0814571943334991 
0.08134747816903008 
0.08123804491460251 
0.08112889489655728 
0.08102002843993067 
0.08091144586845614 
0.0808031475045745 
0.0806951336694356 
0.08058740468290934 
0.08047996086358464 
0.08037280252878465 
0.0802659299945651 
0.08015934357572677 
0.08005304358581816 
0.07994703033714483 
0.07984130414077446 
0.07973586530654546 
0.07963071414307231 
0.07952585095775291 
0.07942127605677705 
0.07931698974513107 
0.07921299232660896 
0.07910928410381457 
0.07900586537817261 
0.07890273644993477 
0.0787998976181856 
0.07869734918085353 
0.07859509143471302 
0.07849312467539554 
0.07839144919739384 
0.07829006529407286 
0.07818897325767402 
0.0780881733793214 
0.07798766594903203 
0.0778874512557189 
0.07778752958720223 
0.07768790123021035 
0.07758856647039215 
0.0774895255923205 
0.07739077887949872 
0.07729232661436658 
0.0771941690783091 
0.07709630655165832 
0.07699873931370277 
0.07690146764269162 
0.0768044918158402 
0.07670781210933472 
0.07661142879834018 
0.07651534215700187 
0.07641955245845213 
0.07632405997481446 
0.07622886497720956 
0.07613396773575533 
0.07603936851957574 
0.07594506759680243 
0.07585106523457699 
0.07575736169905563 
0.07566395725541436 
0.07557085216784565 
0.07547804669956838 
0.07538554111282343 
0.07529333566888177 
0.0752014306280414 
0.0751098262496311 
0.07501852279201031 
0.07492752051257244 
0.07483681966774205 
0.0747464205129775 
0.07465632330276943 
0.07456652829064433 
0.07447703572915612 
0.07438784586989272 
0.07429895896347104 
0.07421037525953599 
0.07412209500675838 
0.0740341184528329 
0.0739464458444747 
0.0738590774274178 
0.073772013446411 
0.07368525414521242 
0.0735987997665879 
0.07351265055230607 
0.07342680674313154 
0.073341268578824 
0.07325603629812595 
0.07317111013876308 
0.07308649033743586 
0.07300217712980964 
0.07291817075051342 
0.07283447143312775 
0.07275107941017837 
0.07266799491312846 
0.07258521817236789 
0.07250274941720725 
0.0724205888758664 
0.07233873677546471 
0.07225719334201028 
0.07217595880039174 
0.07209503337436392 
0.07201441728653683 
0.07193411075836614 
0.07185411401013979 
0.07177442726096313 
0.07169505072874725 
0.07161598463019618 
0.07153722918079203 
0.07145878459477857 
0.07138065108515033 
0.07130282886363448 
0.07122531814067472 
0.07114811912541633 
0.07107123202568834 
0.0709946570479882 
0.07091839439746264 
0.07084244427788869 
0.0707668068916586 
0.0706914824397571 
0.07061647112174294 
0.07054177313573279 
0.07046738867837479 
0.07039331794483095 
0.07031956112875676 
0.07024611842227772 
0.07017299001596668 
0.07010017609882387 
0.07002767685824864 
0.06995549248002202 
0.06988362314827685 
0.06981206904547622 
0.06974083035238653 
0.06966990724805387 
0.06959929990977372 
0.06952900851306991 
0.06945903323166164 
0.06938937423743734 
0.06932003170042787 
0.06925100578877494 
0.06918229666870375 
0.06911390450449113 
0.06904582945843485 
0.06897807169082286 
0.06891063135990062 
0.06884350862184044 
0.06877670363070316 
0.06871021653841189 
0.06864404749470936 
0.06857819664712979 
0.06851266414095704 
0.06844745011919379 
0.06838255472251872 
0.06831797808925205 
0.06825372035531761 
0.06818978165419916 
0.06812616211690466 
0.06806286187192341 
0.06799988104518444 
0.06793721976001404 
0.06787487813709281 
0.06781285629441036 
0.0677511543472233 
0.06768977240800599 
0.06762871058640667 
0.06756796898919692 
0.06750754772022603 
0.06744744688037141 
0.0673876665674858 
0.06732820687634805 
0.06726906789861045 
0.06721024972274549 
0.06715175243399114 
0.06709357611429699 
0.06703572084226528 
0.06697818669309501 
0.0669209737385245 
0.06686408204677022 
0.06680751168246403 
0.06675126270659604 
0.06669533517644864 
0.06663972914553061 
0.06658444466351505 
0.06652948177616892 
0.06647484052528838 
0.06642052094862654 
0.06636652307982485 
0.06631284694833964 
0.0662594925793702 
0.06620645999378116 
0.06615374920803052 
0.06610136023408955 
0.06604929307936198 
0.0659975477466079 
0.06594612423385898 
0.06589502253433664 
0.06584424263636347 
0.06579378452328319 
0.0657436481733665 
0.06569383355972638 
0.06564434065022226 
0.0655951694073721 
0.06554631978825474 
0.06549779174441542 
0.06544958522176811 
0.06540170016049612 
0.06535413649495192 
0.06530689415355372 
0.06525997305868333 
0.06521337312657752 
0.06516709426722293 
0.06512113638424542 
0.06507549937480138 
0.06503018312946371 
0.06498518753210683 
0.0649405124597935 
0.06489615778265558 
0.06485212336377533 
0.0648084090590655 
0.06476501471714427 
0.0647219401792158 
0.06467918527894106 
0.06463674984231081 
0.064594633687519 
0.06455283662483083 
0.0645113584564512 
0.06447019897639206 
0.06442935797033679 
0.06438883521550486 
0.06434863048051338 
0.06430874352523776 
0.06426917410067454 
0.06422992194879493 
0.06419098680240584 
0.06415236838500461 
0.06411406641063391 
0.06407608058373374 
0.06403841059899906 
0.06400105614122646 
0.06396401688516688 
0.06392729249537643 
0.06389088262606496 
0.06385478692094447 
0.06381900501307797 
0.06378353652472472 
0.06374838106719087 
0.06371353824067084 
0.06367900763409906 
0.06364478882499171 
0.06361088137929548 
0.06357728485123107 
0.06354399878314194 
0.06351102270533772 
0.06347835613594133 
0.06344599858073836 
0.06341394953302078 
0.06338220847343694 
0.06335077486983805 
0.063319648177132 
0.06328882783712944 
0.06325831327839838 
0.06322810391611329 
0.06319819915191477 
0.063168598373759 
0.06313930095577851 
0.06311030625814189 
0.06308161362691121 
0.06305322239390672 
0.06302513187657266 
0.06299734137784256 
0.06296985018600913 
0.06294265757459877 
0.0629157628022423 
0.06288916511255638 
0.06286286373402201 
0.06283685787986945 
0.06281114674796529 
0.06278572952070201 
0.06276060536489259 
0.06273577343166883 
0.06271123285638339 
0.06268698275851327 
0.06266302224157146 
0.06263935039302114 
0.06261596628419334 
0.06259286897021064 
0.06257005748991452 
0.06254753086579828 
0.06252528810394482 
0.06250332819396837 
0.06248165010896464 
0.06246025280546212 
0.06243913522338031 
0.06241829628599787 
0.062397734899918664 
0.06237744995505025 
0.0623574403245842 
0.06233770486498584 
0.062318242415988004 
0.0622990518005906 
0.06228013182506734 
0.062261481278981484 
0.06224309893520268 
0.062224983549935615 
0.06220713386275071 
0.062189548596627064 
0.06217222645799802 
0.06215516613680318 
0.06213836630655174 
0.06212182562438777 
0.062105542731166245 
0.06208951625153493 
0.06207374479402094 
0.062058226951129766 
0.06204296129944584 
0.06202794639974448 
0.06201318079710714 
0.06199866302104853 
0.06198439158564637 
0.06197036498968067 
0.06195658171677817 
0.061943040235568375 
0.06192973899983972 
0.06191667644870986 
0.06190385100679562 
0.061891261084397256 
0.06187890507768328 
0.06186678136888542 
0.06185488832650002 
0.0618432243054929 
0.061831787647516664 
0.06182057668112698 
0.061809589722010415 
0.061798825073217926 
0.061788281025400994 
0.06177795585705651 
0.06176784783477717 
0.06175795521350749 
0.06174827623680229 
0.06173880913709477 
0.061729552135968056 
0.06172050344442965 
0.06171166126319462 
0.06170302378296975 
0.06169458918474362 
0.06168635564008183 
0.061678321311425935 
0.06167048435239285 
0.061662842908084915 
0.06165539511539614 
0.06164813910332767 
0.06164107299330095 
0.06163419489947967 
0.06162750292908814 
0.06162099518273835 
0.06161466975475462 
0.06160852473350156 
0.06160255820171667 
0.061596768236840065 
0.06159115291134882 
0.06158571029309215 
0.06158043844562673 
0.061575335428552785 
0.06157039929785173 
0.06156562810622481 
0.06156101990342994 
0.06155657273661959 
0.061552284650678066 
0.06154815368856223 
0.06154417789163319 
0.061540355299996734 
0.061536683952836964 
0.06153316188874999 
0.061529787146076945 
0.06152655776323598 
0.06152347177905263 
0.06152052723308524 
0.061517722165953796 
0.06151505461966178 
0.06151252263791957 
0.061510124266462816 
0.06150785755336822 
0.0615057205493695 
0.061503711308167695 
0.061501827886739455 
0.06150006834564174 
0.06149843074931529 
0.061496913166382255 
0.06149551366994165 
0.06149423033786225 
0.061493061253070525 
0.061492004503834755 
0.06149105818404637 
