0.7033281030832639 
0.5498419701065849 
0.5253378126440907 
0.518571947948678 
0.5153426804077111 
0.5131342069437274 
0.5113538351130391 
0.5098296240605237 
0.5084985248501412 
0.5073289582501735 
0.5062995672264181 
0.505393109177695 
0.5045946761827219 
0.5038911530409667 
0.5032710019256984 
0.5027241140715939 
0.5022416658774944 
0.5018159727814692 
0.5014403467538768 
0.5011089633973919 
0.500816742207455 
0.5005592413028009 
0.5003325664313613 
0.50013329320977 
0.49995840116398443 
0.49980521802909583 
0.4996713728149598 
0.4995547562723061 
0.4994534875543732 
0.49936588603522925 
0.4992904474036798 
0.4992258232943348 
0.4991708038425569 
0.49912430265760926 
0.49908534379936265 
0.49905305042010334 
0.499026634796136 
0.4990053895257516 
0.49898867971250327 
0.49897593598706746 
0.49896664824862985 
0.4989603600289432 
0.4989566633999057 
0.4989551943595433 
0.49895562864250037 
