0.5574141379960901 
0.4539770760610972 
0.4328565224834251 
0.41053422580889914 
0.39116817260258246 
0.37633424781769204 
0.3656431913973985 
0.35814008322271024 
0.35291631095356735 
0.3492714624342948 
0.34670802497546865 
0.3448844204790633 
0.343568937787106 
0.3426045826835239 
0.34188454323537315 
0.3413356723406867 
0.34090751123945395 
0.34056500645314935 
0.3402836559246954 
0.34004624956029184 
0.33984066031578775 
0.3396583323676453 
0.33949323585476815 
0.339341136864813 
0.33919908251092656 
0.33906503423234446 
0.3389376042872758 
0.3388158648598369 
0.33869920885556143 
0.3385872479582052 
0.3384797379212808 
0.338376524058452 
0.3382775019295747 
0.33818258959786424 
0.33809170876601496 
0.33800477273089113 
0.33792167953039765 
0.3378423089653455 
0.33776652241324545 
0.33769416454259615 
0.33762506620363875 
0.337559047923736 
0.33749592357430847 
0.3374355039004167 
0.33737759971084136 
0.33732202461427274 
0.33726859725497393 
0.3372171430504067 
0.33716749546565655 
0.3371194968782933 
0.3370729990957065 
0.3370278635879298 
0.3369839614952659 
0.33694117346361724 
0.33689938935285496 
0.3368585078558244 
0.33681843605832 
0.33677908896390174 
0.33674038900185116 
0.33670226553199817 
0.3366646543563668 
0.3366274972446271 
0.33659074147803697 
0.33655433941475255 
0.33651824807806713 
0.33648242876820256 
0.3364468466975042 
0.33641147064851257 
0.3363762726540005 
0.3363412276979634 
0.3363063134363994 
0.33627150993674826 
0.3362367994348973 
0.33620216610867787 
0.3361675958669321 
0.33613307615325383 
0.3360985957636718 
0.3360641446775657 
0.3360297139012795 
0.3359952953238637 
0.33596088158455273 
0.3359264659515739 
0.3358920422119181 
0.3358576045717726 
0.3358231475672899 
0.33578866598540547 
0.33575415479435583 
0.33571960908360887 
0.33568502401282735 
0.33565039476947217 
0.3356157165346805 
0.3355809844569027 
0.3355461936328699 
0.3355113390953524 
0.3354764158071549 
0.3354414186607941 
0.335406342483261 
0.3353711820452386 
0.3353359320742075 
0.33530058727077217 
0.3352651423276403 
0.33522959195064594 
0.3351939308812494 
0.3351581539199797 
0.3351222559503003 
0.3350862319624335 
0.33505007707673085 
0.3350137865661891 
0.3349773558778005 
0.33494078065243454 
0.33490405674304624 
0.3348671802309977 
0.3348301474403699 
0.33479295495017464 
0.3347555996044096 
0.3347180785199414 
0.334680389092243 
0.33464252899904157 
0.3346044962019443 
0.3345662889461508 
0.33452790575837454 
0.33448934544310266 
0.33445060707734364 
0.33441169000400356 
0.33437259382407397 
0.3343333183877477 
0.334293863784667 
0.33425423033341395 
0.33421441857041934 
0.334174429238415 
0.33413426327456475 
0.33409392179840147 
0.33405340609967515 
0.3340127176262261 
0.33397185797195433 
0.3339308288649937 
0.333889632156142 
0.33384826980761034 
0.33380674388215653 
0.3337650565326271 
0.33372320999195687 
0.3336812065636339 
0.3336390486126782 
0.33359673855710714 
0.33355427885992517 
0.33351167202163 
0.33346892057321487 
0.3334260270696904 
0.3333829940840829 
0.33333982420191394 
0.3332965200161449 
0.333253084122551 
0.3332095191155295 
0.3331658275842964 
0.33312201210947245 
0.3330780752600187 
0.33303401959050954 
0.3329898476387183 
0.33294556192348357 
0.3329011649428671 
0.33285665917253043 
0.3328120470643651 
0.3327673310453087 
0.33272251351637544 
0.3326775968518378 
0.33263258339857116 
0.33258747547554524 
0.3325422753734317 
0.33249698535432404 
0.3324516076515602 
0.332406144469633 
0.332360597984164 
0.3323149703419607 
0.3322692636611131 
0.3322234800311426 
0.3321776215131975 
0.33213169014026683 
0.33208568791743304 
0.33203961682212857 
0.3319934788044189 
0.33194727578729144 
0.33190100966694 
0.33185468231306586 
0.33180829556915414 
0.3317618512527645 
0.33171535115579925 
0.3316687970447704 
0.3316221906610272 
0.33157553372101156 
0.33152882791644855 
0.33148207491455034 
0.3314352763581816 
0.3313884338660147 
0.3313415490326522 
0.331294623428729 
0.331247658600993 
0.3312006560723572 
0.33115361734192267 
0.33110654388498273 
0.33105943715299135 
0.3310122985735146 
0.3309651295501432 
0.33091793146238957 
0.3308707056655411 
0.3308234534904961 
0.33077617624357386 
0.33072887520628697 
0.3306815516350803 
0.3306342067610604 
0.3305868417896754 
0.3305394579003725 
0.3304920562462254 
0.33044463795353307 
0.3303972041213801 
0.33034975582117787 
0.33030229409616313 
0.3302548199608665 
0.33020733440056005 
0.3301598383706545 
0.3301123327960776 
0.3300648185706077 
0.3300172965561882 
0.3299697675821903 
0.3299222324446506 
0.32987469190547686 
0.32982714669160557 
0.32977959749413294 
0.3297320449674052 
0.3296844897280727 
0.3296369323541122 
0.32958937338379163 
0.3295418133146236 
0.32949425260226284 
0.3294466916593669 
0.3293991308544271 
0.32935157051055236 
0.3293040109042233 
0.32925645226400246 
0.32920889476921766 
0.3291613385486004 
0.3291137836788991 
0.32906623018346465 
0.329018678030794 
0.32897112713306 
0.32892357734461486 
0.3288760284604776 
0.32882848021480016 
0.32878093227933414 
0.3287333842618888 
0.3286858357047937 
0.3286382860833761 
0.3285907348044515 
0.3285431812048527 
0.32849562454999154 
0.32844806403247034 
0.32840049877077077 
0.32835292780800807 
0.3283053501107811 
0.32825776456813494 
0.32821016999065616 
0.3281625651097007 
0.3281149485767988 
0.3280673189632493 
0.32801967475991495 
0.32797201437725726 
0.32792433614562533 
0.3278766383158305 
0.3278289190600206 
0.3277811764728906 
0.3277334085732496 
0.3276856133059631 
0.32763778854430314 
0.3275899320927196 
0.3275420416900608 
0.3274941150132468 
0.32744614968142904 
0.3273981432606266 
0.3273500932688604 
0.3273019971817769 
0.3272538524387657 
0.3272056564495529 
0.3271574066012623 
0.3271091002659103 
0.32706073480832354 
0.3270123075944178 
0.3269638159998141 
0.3269152574187359 
0.3268666292731244 
0.3268179290219071 
0.3267691541703653 
0.3267203022795108 
0.32667137097539317 
0.32662235795828376 
0.3265732610116187 
0.3265240780106578 
0.3264748069307501 
0.3264254458551599 
0.32637599298236875 
0.3263264466327957 
0.3262768052548898 
0.3262270674305367 
0.3261772318797605 
0.326127297464694 
0.32607726319279 
0.326027128219307 
0.32597689184904177 
0.32592655353735545 
0.32587611289051793 
0.32582556966540405 
0.3257749237685933 
0.32572417525493463 
0.3256733243256111 
0.3256223713257897 
0.325571316741914 
0.3255201611986825 
0.3254689054558143 
0.32541755040461856 
0.32536609706445774 
0.3253145465791448 
0.3252629002133244 
0.3252111593488813 
0.32515932548141885 
0.32510740021683293 
0.32505538526801453 
0.3250032824516997 
0.3249510936854893 
0.3248988209850358 
0.3248464664614208 
0.32479403231870846 
0.32474152085169283 
0.3246889344438111 
0.3246362755652285 
0.32458354677108203 
0.32453075069986936 
0.3244778900719574 
0.3244249676882013 
0.3243719864286615 
0.32431894925139293 
0.3242658591912728 
0.324212719358885 
0.324159532939387 
0.32410630319139905 
0.32405303344585457 
0.32399972710480734 
0.323946387640182 
0.32389301859244785 
0.32383962356921314 
0.32378620624370336 
0.3237327703531397 
0.3236793196969874 
0.32362585813507905 
0.3235723895856023 
0.32351891802294636 
0.3234654474753986 
0.3234119820227097 
0.32335852579350366 
0.3233050829625493 
0.3232516577478815 
0.3231982544078075 
0.3231448772377576 
0.32309153056702594 
0.3230382187553846 
0.32298494618959633 
0.3229317172798233 
0.3228785364559378 
0.32282540816375593 
0.3227723368612015 
0.32271932701441153 
0.3226663830937775 
0.3226135095699688 
0.32256071090991295 
0.3225079915727637 
0.3224553560058704 
0.3224028086407473 
0.32235035388905897 
0.3222979961386382 
0.32224573974954085 
0.3221935890501489 
0.3221415483333266 
0.32208962185265344 
0.32203781381872343 
0.3219861283955398 
0.3219345696969857 
0.3218831417834143 
0.32183184865832754 
0.32178069426518213 
0.32172968248430067 
0.3216788171299217 
0.3216281019473563 
0.3215775406103016 
0.32152713671827804 
0.32147689379419375 
0.32142681528207473 
0.3213769045449187 
0.3213271648627009 
0.3212775994305216 
0.32122821135690943 
0.32117900366225144 
0.3211299792773877 
0.3210811410423401 
0.321032491705184 
0.3209840339210648 
0.3209357702513549 
0.3208877031629409 
0.3208398350276547 
0.32079216812183015 
0.32074470462598975 
0.32069744662465993 
0.3206503961063023 
0.32060355496336934 
0.3205569249924724 
0.32051050789466085 
0.3204643052758049 
0.3204183186470863 
0.32037254942558485 
0.32032699893495853 
0.32028166840621336 
0.3202365589785628 
0.3201916717003657 
0.3201470075301451 
0.3201025673376705 
0.3200583519051236 
0.32001436192831867 
0.31997059801799194 
0.3199270607011339 
0.3198837504223985 
0.319840667545535 
0.3197978123548882 
0.31975518505692574 
0.319712785781812 
0.31967061458501644 
0.31962867144895085 
0.319586956284635 
0.31954546893339636 
0.3195042091685813 
0.31946317669728946 
0.31942237116213673 
0.3193817921430113 
0.31934143915885915 
0.3193013116694731 
0.31926140907728157 
0.3192217307291602 
0.3191822759182226 
0.31914304388562736 
0.3191040338223833 
0.3190652448711387 
0.3190266761279805 
0.31898832664421034 
0.31895019542812547 
0.3189122814467819 
0.3188745836277448 
0.31883710086082295 
0.31879983199980455 
0.3187627758641446 
0.31872593124066917 
0.31868929688523356 
0.31865287152437854 
0.31861665385695165 
0.3185806425557141 
0.31854483626892166 
0.31850923362188127 
0.31847383321847833 
0.31843863364268776 
0.31840363346004386 
0.3183688312190952 
0.31833422545282086 
0.3182998146800286 
0.31826559740670873 
0.3182315721273706 
0.31819773732633994 
0.3181640914790274 
0.3181306330531719 
0.318097360510034 
0.3180642723055788 
0.31803136689161016 
0.31799864271687694 
0.3179660982281472 
0.31793373187124935 
0.31790154209207394 
0.3178695273375538 
0.31783768605659524 
0.3178060167009867 
0.3177745177262735 
0.3177431875925942 
0.3177120247654834 
0.3176810277166514 
0.3176501949247166 
0.3176195248759182 
0.3175890160647871 
0.3175586669947876 
0.3175284761789386 
0.3174984421403818 
0.3174685634129362 
0.31743883854162164 
0.31740926608313774 
0.3173798446063354 
0.3173505726926419 
0.3173214489364611 
0.3172924719455562 
0.31726364034139515 
0.31723495275946784 
0.3172064078495915 
0.3171780042761714 
0.3171497407184548 
0.3171216158707488 
0.3170936284426236 
0.3170657771590859 
0.3170380607607369 
0.31701047800390086 
0.31698302766074804 
0.31695570851937915 
0.3169285193839043 
0.3169014590745008 
0.3168745264274494 
0.316847720295161 
0.31682103954617397 
0.3167944830651561 
0.3167680497528713 
0.3167417385261464 
0.31671554831781673 
0.31668947807666215 
0.31666352676733356 
0.3166376933702567 
0.3166119768815472 
0.31658637631288594 
0.31656089069140897 
0.31653551905958094 
0.3165102604750565 
0.316485114010532 
0.3164600787536014 
0.31643515380659815 
0.31641033828642245 
0.3163856313243801 
0.3163610320660025 
0.31633653967086806 
0.3163121533124176 
0.316287872177766 
0.3162636954675098 
0.3162396223955319 
0.3162156521888059 
0.31619178408719406 
0.3161680173432469 
0.3161443512220004 
0.3161207850007661 
0.3160973179689323 
0.3160739494277575 
0.3160506786901575 
0.31602750508050337 
0.31600442793441325 
0.3159814465985479 
0.315958560430403 
0.3159357687981045 
0.3159130710802074 
0.31589046666549114 
0.31586795495275666 
0.3158455353506307 
0.315823207277364 
0.3158009701606405 
0.3157788234373793 
0.3157567665535406 
0.3157347989639452 
0.31571292013207297 
0.3156911295298923 
0.3156694266376695 
0.3156478109437877 
0.31562628194457565 
0.3156048391441285 
0.31558348205413617 
0.31556221019371844 
0.31554102308925164 
0.31551992027421033 
0.3154989012890095 
0.3154779656808354 
0.31545711300350304 
0.31543634281729827 
0.3154156546888324 
0.3153950481908908 
0.3153745229022925 
0.31535407840775503 
0.3153337142977469 
0.31531343016836094 
0.3152932256211839 
0.3152731002631597 
0.31525305370647017 
0.31523308556840945 
0.3152131954712641 
0.3151933830421961 
0.3151736479131279 
0.3151539897206271 
0.3151344081058012 
0.3151149027141865 
0.31509547319564607 
0.31507611920426826 
0.3150568403982635 
0.3150376364398707 
0.31501850699525974 
0.3149994517344409 
0.31498047033117277 
0.31496156246287765 
0.3149427278105492 
0.3149239660586765 
0.31490527689515524 
0.31488666001121507 
0.3148681151013355 
0.31484964186317344 
0.3148312399974909 
0.3148129092080798 
0.31479464920169437 
0.3147764596879811 
0.31475834037941514 
0.31474029099123085 
0.3147223112413648 
0.31470440085038437 
0.3146865595414401 
0.3146687870401973 
0.31465108307478346 
0.3146334473757329 
0.31461587967592813 
0.31459837971055266 
0.3145809472170377 
0.3145635819350068 
0.314546283606234 
0.314529051974593 
0.31451188678601066 
0.31449478778841694 
0.31447775473170975 
0.3144607873677026 
0.31444388545008845 
0.31442704873439326 
0.3144102769779408 
0.31439356993980644 
0.31437692738078876 
0.31436034906335825 
0.31434383475163413 
0.31432738421133555 
0.31431099720975997 
0.3142946735157344 
0.3142784128995938 
0.3142622151331405 
0.3142460799896158 
0.31423000724366335 
0.3142139966713062 
0.31419804804990853 
0.31418216115815145 
0.314166335776 
0.3141505716846758 
0.31413486866663193 
0.3141192265055185 
0.3141036449861617 
0.3140881238945368 
0.31407266301774106 
0.31405726214396235 
0.31404192106246587 
0.31402663956355925 
0.3140114174385747 
0.31399625447983526 
0.31398115048064906 
0.313966105235267 
0.31395111853887114 
0.31393619018754965 
0.313921319978275 
0.31390650770887973 
0.3138917531780397 
0.3138770561852482 
0.3138624165307994 
0.3138478340157625 
0.3138333084419682 
0.3138188396119816 
0.3138044273290889 
0.313790071397272 
0.31377577162119663 
0.3137615278061846 
0.31374733975820235 
0.3137332072838384 
0.3137191301902857 
0.31370510828532755 
0.3136911413773127 
0.3136772292751434 
0.31366337178825515 
0.31364956872660116 
0.31363581990063355 
0.3136221251212898 
0.3136084841999718 
0.3135948969485327 
0.3135813631792585 
0.3135678827048551 
0.31355445533842774 
0.31354108089346977 
0.3135277591838456 
0.3135144900237736 
0.31350127322781357 
0.3134881086108496 
0.31347499598807965 
0.3134619351749918 
0.3134489259873625 
0.31343596824122794 
0.3134230617528835 
0.3134102063388596 
0.31339740181591613 
0.31338464800102195 
0.3133719447113425 
0.31335929176423244 
0.3133466889772146 
0.3133341361679757 
0.3133216331543416 
0.3133091797542773 
0.3132967757858684 
0.3132844210673088 
0.31327211541688976 
0.3132598586529867 
0.31324765059404713 
0.3132354910585867 
0.3132233798651661 
0.31321131683238657 
0.31319930177887917 
0.3131873345232895 
0.313175414884276 
0.3131635426804898 
0.31315171773056694 
0.3131399398531243 
0.3131282088667438 
0.3131165245899619 
0.3131048868412645 
0.3130932954390803 
0.313081750201758 
0.3130702509475719 
0.31305879749471 
0.31304738966126106 
0.31303602726520685 
0.31302471012441946 
0.31301343805664955 
0.3130022108795167 
0.31299102841050813 
0.31297989046696595 
0.31296879686608226 
0.3129577474248923 
0.31294674196026745 
0.3129357802889113 
0.3129248622273491 
0.3129139875919246 
0.3129031561987951 
0.312892367863922 
0.31288162240307166 
0.3128709196318064 
0.31286025936547995 
0.31284964141923105 
0.3128390656079835 
0.3128285317464393 
0.31281803964907634 
0.31280758913014106 
0.3127971800036491 
0.31278681208337933 
0.31277648518287354 
0.312766199115431 
0.31275595369410497 
0.3127457487317052 
0.3127355840407911 
0.31272545943367286 
0.3127153747224067 
0.3127053297187964 
0.31269532423439045 
0.31268535808048165 
0.31267543106810575 
0.31266554300804134 
0.31265569371081 
0.3126458829866741 
0.31263611064563973 
0.3126263764974544 
0.3126166803516109 
0.31260702201734414 
0.3125974013036344 
0.31258781801920954 
0.3125782719725388 
0.3125687629718493 
0.3125592908251121 
0.3125498553400553 
0.3125404563241591 
0.31253109358466213 
0.31252176692856476 
0.31251247616262856 
0.3125032210933815 
0.3124940015271166 
0.3124848172699089 
0.31247566812760097 
0.31246655390581773 
0.3124574744099692 
0.3124484294452527 
0.3124394188166582 
0.3124304423289728 
0.3124214997867828 
0.3124125909944859 
0.3124037157562858 
0.31239487387620773 
0.3123860651580972 
0.3123772894056268 
0.31236854642230494 
0.31235983601147593 
0.31235115797633484 
0.312342512119924 
0.3123338982451455 
0.31232531615476683 
0.31231676565142835 
0.31230824653764455 
0.3122997586158205 
0.3122913016882502 
0.3122828755571276 
0.3122744800245565 
0.31226611489255485 
0.31225777996306286 
0.3122494750379516 
0.3122411999190301 
0.31223295440805426 
0.31222473830673836 
0.3122165514167588 
0.3122083935397614 
0.31220026447737703 
0.3121921640312241 
0.3121840920029222 
0.31217604819409545 
0.3121680324063893 
0.31216004444147544 
0.3121520841010598 
0.31214415118689615 
0.3121362455007939 
0.3121283668446288 
0.31212051502035115 
0.312112689829999 
0.31210489107570866 
0.3120971185597202 
0.31208937208439363 
0.31208165145221795 
0.3120739564658215 
0.3120662869279835 
0.31205864264164573 
0.31205102340992236 
0.312043429036114 
0.3120358593237198 
0.3120283140764444 
0.31202079309821484 
0.31201329619319246 
0.3120058231657839 
0.311998373820653 
0.3119909479627373 
0.3119835453972555 
0.3119761659297262 
0.31196880936597793 
0.3119614755121619 
0.3119541641747703 
0.3119468751606475 
0.3119396082770025 
0.31193236333142615 
0.31192514013190764 
0.31191793848684335 
0.31191075820505726 
0.31190359909581555 
0.3118964609688415 
0.31188934363433357 
0.3118822469029755 
0.3118751705859652 
0.3118681144950145 
0.31186107844238437 
0.3118540622408901 
0.3118470657039243 
0.31184008864547585 
0.31183313088014336 
0.31182619222316205 
0.3118192724904155 
0.311812371498461 
0.3118054890645462 
0.311798625006632 
0.31179177914341266 
0.3117849512943369 
0.31177814127962694 
0.3117713489203121 
0.31176457403823493 
0.31175781645608835 
0.31175107599742924 
0.3117443524867131 
0.31173764574930984 
0.31173095561153247 
0.3117242819006622 
0.3117176244449787 
0.31171098307378076 
0.3117043576174159 
0.31169774790731114 
0.3116911537759987 
0.3116845750571469 
0.3116780115855857 
0.311671463197345 
0.3116649297296768 
0.311658411021093 
0.3116519069113938 
0.3116454172417049 
0.3116389418545033 
0.31163248059366155 
0.31162603330447225 
0.31161959983369103 
0.3116131800295679 
0.3116067737418866 
0.3116003808219988 
0.3115940011228641 
0.3115876344990869 
0.31158128080695896 
0.3115749399044951 
0.31156861165147276 
0.3115622959094772 
0.31155599254193794 
0.3115497014141737 
0.31154342239343463 
0.31153715534894305 
0.3115309001519361 
0.31152465667571794 
0.3115184247956892 
0.3115122043894072 
0.3115059953366171 
0.31149979751930795 
0.3114936108217539 
0.31148743513055566 
0.31148127033469436 
0.31147511632557534 
0.31146897299706994 
0.3114628402455661 
0.31145671797001445 
0.31145060607197533 
0.3114445044556586 
0.31143841302797926 
0.3114323316985935 
0.3114262603799555 
0.311420198987348 
0.3114141474389407 
0.31140810565582405 
0.31140207356205757 
0.3113960510847094 
0.31139003815390237 
0.3113840347028512 
0.3113780406679009 
0.3113720559885686 
0.3113660806075809 
0.3113601144709071 
0.3113541575277954 
0.3113482097308079 
0.311342271035847 
0.3113363414021895 
0.3113304207925143 
0.3113245091729253 
0.3113186065129733 
0.31131271278568695 
0.31130682796758075 
0.31130095203867764 
0.3112950849825196 
0.3112892267861852 
0.31128337744028906 
0.3112775369389948 
0.31127170528001336 
0.3112658824646048 
0.31126006849757454 
0.3112542633872626 
0.3112484671455378 
0.31124267978778064 
0.3112369013328664 
0.31123113180314205 
0.31122537122440574 
0.31121961962586986 
0.31121387704013803 
0.311208143503158 
0.3112024190541879 
0.31119670373575054 
0.3111909975935786 
0.3111853006765673 
0.3111796130367194 
0.31117393472907534 
0.3111682658116532 
0.3111626063453817 
0.3111569563940226 
0.31115131602409335 
0.31114568530478987 
0.3111400643078969 
0.3111344531076997 
0.31112885178089866 
0.31112326040649924 
0.31111767906572785 
0.31111210784191906 
0.3111065468204101 
0.31110099608843816 
0.31109545573502123 
0.31108992585085066 
0.3110844065281668 
0.3110788978606418 
0.31107339994326433 
0.3110679128722104 
0.31106243674471157 
0.3110569716589477 
0.31105151771389766 
0.311046075009225 
0.31104064364514106 
0.3110352237222817 
0.3110298153415693 
0.3110244186040849 
0.31101903361094263 
0.3110136604631549 
0.31100829926150547 
0.3110029501064196 
0.31099761309784046 
0.3109922883351032 
0.3109869759168079 
0.3109816759407044 
0.31097638850356585 
0.3109711137010788 
0.31096585162771945 
0.31096060237665213 
0.3109553660396153 
0.31095014270681576 
0.31094493246682625 
0.31093973540649056 
0.3109345516108254 
0.31092938116292684 
0.31092422414388704 
0.31091908063271373 
0.31091395070624167 
0.3109088344390644 
0.3109037319034628 
0.31089864316933735 
0.3108935683041471 
0.3108885073728504 
0.3108834604378562 
0.31087842755896683 
0.3108734087933469 
0.31086840419546796 
0.31086341381708504 
0.3108584377072 
0.31085347591203943 
0.3108485284750245 
0.3108435954367601 
0.3108386768350178 
0.31083377270472373 
0.3108288830779569 
0.3108240079839424 
0.310819147449058 
0.31081430149683015 
0.31080947014795124 
0.31080465342029173 
0.31079985132890603 
0.3107950638860592 
0.3107902911012458 
0.31078553298121264 
0.3107807895299863 
0.31077606074890163 
0.31077134663663464 
0.31076664718923774 
0.31076196240017073 
0.3107572922603456 
0.31075263675815856 
0.3107479958795406 
0.31074336960799415 
0.31073875792463934 
0.310734160808264 
0.31072957823536185 
0.3107250101801923 
0.31072045661481934 
0.31071591750916877 
0.31071139283107707 
0.31070688254633855 
0.31070238661876515 
0.3106979050102297 
0.31069343768072966 
0.31068898458842836 
0.3106845456897173 
0.3106801209392606 
0.31067571029005925 
0.3106713136934924 
0.3106669310993758 
0.3106625624560154 
0.310658207710257 
0.31065386680753865 
0.3106495396919421 
0.31064522630624253 
0.3106409265919609 
0.3106366404894149 
0.31063236793776006 
0.3106281088750501 
0.31062386323827557 
0.3106196309634148 
0.310615411985479 
0.31061120623855826 
0.3106070136558643 
0.31060283416978074 
0.31059866771189726 
0.3105945142130579 
0.31059037360340086 
0.3105862458123993 
0.3105821307688992 
0.31057802840116067 
0.31057393863689225 
0.3105698614032933 
0.3105657966270849 
0.31056174423454713 
0.3105577041515518 
0.3105536763036017 
0.3105496606158526 
0.31054565701315606 
0.3105416654200809 
0.31053768576094876 
0.31053371795986284 
0.3105297619407333 
0.31052581762730413 
0.31052188494318517 
0.31051796381187174 
0.3105140541567747 
0.31051015590123754 
0.31050626896856687 
0.3105023932820519 
0.31049852876498574 
0.31049467534069036 
0.31049083293252916 
0.3104870014639334 
0.31048318085842 
0.31047937103960793 
0.3104755719312378 
0.31047178345718657 
0.31046800554148574 
0.31046423810833695 
0.3104604810821252 
0.3104567343874378 
0.3104529979490713 
0.3104492716920516 
0.31044555554164527 
0.310441849423367 
0.3104381532629983 
0.31043446698659116 
0.31043079052049055 
0.3104271237913288 
0.31042346672605087 
0.3104198192519117 
0.3104161812964936 
0.3104125527877088 
0.31040893365381333 
0.3104053238234092 
0.31040172322545295 
0.3103981317892649 
0.3103945494445373 
0.31039097612133115 
0.3103874117500934 
0.31038385626165693 
0.31038030958724433 
0.3103767716584754 
0.3103732424073713 
0.31036972176635935 
0.31036620966827533 
0.3103627060463671 
0.3103592108343005 
0.31035572396615974 
0.31035224537645295 
0.31034877500011254 
0.3103453127724971 
0.31034185862939806 
0.3103384125070373 
0.3103349743420698 
0.310331544071586 
0.31032812163311396 
0.31032470696461756 
0.3103213000045036 
0.3103179006916137 
0.310314508965234 
0.3103111247650889 
0.31030774803134553 
0.3103043787046132 
0.31030101672594074 
0.3102976620368208 
0.31029431457918777 
0.3102909742954157 
0.31028764112831947 
0.310284315021155 
0.3102809959176177 
0.31027768376184195 
0.31027437849839806 
0.31027108007229687 
0.31026778842898173 
0.31026450351433466 
0.31026122527466515 
0.31025795365672354 
0.31025468860768135 
0.3102514300751473 
0.31024817800715326 
0.3102449323521603 
0.3102416930590511 
0.3102384600771356 
0.31023523335613934 
0.310232012846211 
0.31022879849791485 
0.31022559026223145 
0.3102223880905528 
0.3102191919346866 
0.31021600174684394 
0.31021281747964913 
0.3102096390861255 
0.31020646651970335 
0.31020329973421223 
0.3102001386838806 
0.31019698332333107 
0.31019383360758146 
0.3101906894920411 
0.3101875509325089 
0.3101844178851688 
0.3101812903065896 
0.31017816815372184 
0.3101750513838965 
0.3101719399548195 
0.3101688338245732 
0.3101657329516114 
0.310162637294756 
0.31015954681319796 
0.31015646146649334 
0.3101533812145558 
0.31015030601766236 
0.3101472358364477 
0.3101441706318975 
0.3101411103653521 
0.3101380549985 
0.31013500449337683 
0.3101319588123626 
0.31012891791818004 
0.31012588177388745 
0.31012285034288495 
0.3101198235889 
0.31011680147600185 
0.31011378396858047 
0.3101107710313541 
0.31010776262936685 
0.3101047587279826 
0.3101017592928854 
0.3100987642900777 
0.31009577368587254 
0.31009278744689656 
0.3100898055400846 
0.3100868279326809 
0.3100838545922288 
0.3100808854865784 
0.31007792058387773 
0.3100749598525706 
0.310072003261397 
0.310069050779388 
0.3100661023758662 
0.3100631580204373 
0.31006021768299763 
0.3100572813337232 
0.31005434894307093 
0.3100514204817751 
0.3100484959208475 
0.31004557523157195 
0.31004265838550477 
0.3100397453544671 
0.3100368361105533 
0.3100339306261188 
0.3100310288737786 
0.31002813082641306 
0.31002523645715535 
0.3100223457393984 
0.31001945864678465 
0.31001657515321057 
0.3100136952328211 
0.31001081886000886 
0.31000794600940823 
0.3100050766559001 
0.3100022107746053 
0.3099993483408822 
0.3099964893303241 
0.30999363371876465 
0.3099907814822633 
0.3099879325971131 
0.30998508703983774 
0.30998224478718406 
0.3099794058161235 
0.3099765701038527 
0.30997373762778707 
0.3099709083655615 
0.3099680822950275 
0.3099652593942508 
0.3099624396415121 
0.30995962301530183 
0.30995680949432053 
0.30995399905747534 
0.30995119168388086 
0.30994838735285335 
0.30994558604391315 
0.3099427877367795 
0.30993999241137254 
0.3099372000478067 
0.3099344106263925 
0.3099316241276352 
0.30992884053222974 
0.30992605982106153 
0.3099232819752054 
0.3099205069759211 
0.30991773480465673 
0.3099149654430383 
0.30991219887288074 
0.30990943507617263 
0.3099066740350849 
0.309903915731965 
0.3099011601493329 
0.3098984072698879 
0.3098956570764953 
0.309892909552197 
0.30989016468019975 
0.3098874224438817 
0.30988468282678433 
0.30988194581261597 
0.3098792113852471 
0.3098764795287103 
0.30987375022719876 
0.30987102346506606 
0.3098682992268202 
0.3098655774971292 
0.3098628582608128 
0.30986014150284485 
0.3098574272083543 
0.3098547153626162 
0.3098520059510575 
0.3098492989592523 
0.3098465943729248 
0.30984389217793784 
0.30984119236030416 
0.3098384949061772 
0.3098357998018532 
0.3098331070337654 
0.30983041658849036 
0.3098277284527392 
0.30982504261336125 
0.3098223590573397 
0.3098196777717944 
0.30981699874397434 
0.30981432196126407 
0.309811647411175 
0.30980897508135236 
0.30980630495956474 
0.30980363703371183 
0.30980097129181466 
0.3097983077220245 
0.3097956463126122 
0.3097929870519724 
0.3097903299286213 
0.30978767493119463 
0.30978502204844954 
0.3097823712692593 
0.3097797225826125 
0.3097770759776184 
0.30977443144349903 
0.3097717889695871 
0.30976914854533505 
0.3097665101603008 
0.3097638738041572 
0.30976123946668627 
0.30975860713777487 
0.3097559768074239 
0.3097533484657374 
0.3097507221029261 
0.3097480977093058 
0.3097454752752973 
0.3097428547914215 
0.30974023624830543 
0.30973761963667357 
0.30973500494735373 
0.3097323921712709 
0.3097297812994496 
0.309727172323011 
0.30972456523317443 
0.3097219600212534 
0.3097193566786571 
0.30971675519688885 
0.3097141555675436 
0.3097115577823129 
0.3097089618329736 
0.3097063677113969 
0.3097037754095452 
0.309701184919466 
0.3096985962332948 
0.3096960093432591 
0.3096934242416702 
0.3096908409209233 
0.30968825937350003 
0.30968567959196885 
0.3096831015689759 
0.30968052529725626 
0.3096779507696205 
0.30967537797896333 
0.3096728069182605 
0.3096702375805667 
0.3096676699590153 
0.30966510404681674 
0.30966253983726044 
0.3096599773237098 
0.30965741649960665 
0.3096548573584685 
0.3096522998938841 
0.3096497440995178 
0.3096471899691091 
0.3096446374964658 
0.30964208667546933 
0.309639537500073 
0.3096369899642991 
0.30963444406224017 
0.3096318997880571 
0.30962935713598033 
0.30962681610030673 
0.30962427667540243 
0.30962173885569594 
0.3096192026356858 
0.3096166680099326 
0.3096141349730633 
0.3096116035197677 
0.3096090736447992 
0.309606545342975 
0.30960401860917147 
0.30960149343833027 
0.309598969825451 
0.3095964477655952 
0.30959392725388185 
0.3095914082854921 
0.3095888908556633 
0.3095863749596909 
0.3095838605929303 
0.30958134775079077 
0.30957883642873973 
0.3095763266222973 
0.3095738183270439 
0.3095713115386093 
0.3095688062526827 
0.3095663024649993 
0.30956380017135704 
0.3095612993675979 
0.30955880004962016 
0.309556302213373 
0.30955380585485587 
0.30955131097011707 
0.30954881755526015 
0.3095463256064313 
0.30954383511983213 
0.3095413460917059 
0.3095388585183498 
0.30953637239610643 
0.3095338877213621 
0.3095314044905562 
0.3095289227001659 
0.3095264423467227 
0.3095239634267974 
0.30952148593700535 
0.30951900987401026 
0.3095165352345162 
0.3095140620152707 
0.3095115902130627 
0.3095091198247286 
0.3095066508471423 
0.30950418327722085 
0.30950171711192004 
0.3094992523482395 
0.30949678898321825 
0.3094943270139331 
0.309491866437502 
0.30948940725108226 
0.30948694945186755 
0.3094844930370915 
0.3094820380040229 
0.3094795843499744 
0.3094771320722868 
0.3094746811683425 
0.3094722316355593 
0.30946978347139076 
0.309467336673324 
0.30946489123888327 
0.3094624471656272 
0.3094600044511458 
0.3094575630930671 
0.30945512308905043 
0.30945268443678575 
0.30945024713400027 
0.3094478111784512 
0.309445376567927 
0.30944294330024896 
0.309440511373269 
0.3094380807848724 
0.30943565153296815 
0.30943322361550324 
0.3094307970304508 
0.3094283717758138 
0.309425947849625 
0.30942352524994493 
0.3094211039748636 
0.3094186840224976 
0.3094162653909932 
0.309413848078526 
0.3094114320832918 
0.3094090174035224 
0.30940660403746845 
0.3094041919834124 
0.3094017812396577 
0.3093993718045368 
0.30939696367640807 
0.3093945568536511 
0.3093921513346743 
0.30938974711790845 
0.3093873442018088 
0.309384942584853 
0.3093825422655444 
0.3093801432424094 
0.30937774551399605 
0.3093753490788753 
0.309372953935641 
0.3093705600829116 
0.30936816751932045 
0.30936577624352934 
0.30936338625421655 
0.3093609975500869 
0.3093586101298607 
0.3093562239922805 
0.3093538391361097 
0.3093514555601305 
0.30934907326314515 
0.30934669224397626 
0.3093443125014639 
0.30934193403447074 
0.30933955684187203 
0.3093371809225662 
0.30933480627546883 
0.30933243289951434 
0.3093300607936485 
0.3093276899568448 
0.3093253203880853 
0.30932295208637506 
0.30932058505073046 
0.30931821928018977 
0.309315854773801 
0.30931349153063464 
0.3093111295497752 
0.3093087688303188 
0.3093064093713825 
0.30930405117209336 
0.30930169423159914 
0.3092993385490558 
0.30929698412364026 
0.30929463095453674 
0.30929227904094975 
0.30928992838209385 
0.30928757897719944 
0.3092852308255075 
0.309282883926277 
0.30928053827877383 
0.3092781938822813 
0.30927585073609376 
0.3092735088395173 
0.30927116819187134 
0.309268828792487 
0.3092664906407075 
0.30926415373588595 
0.309261818077389 
0.30925948366459455 
0.30925715049688796 
0.3092548185736708 
0.3092524878943522 
0.30925015845835346 
0.30924783026510183 
0.3092455033140404 
0.3092431776046196 
0.3092408531362987 
0.30923852990854944 
0.3092362079208504 
0.30923388717269007 
0.30923156766356696 
0.3092292493929872 
0.30922693236046683 
0.3092246165655289 
0.3092223020077075 
0.30921998868654327 
0.30921767660158506 
0.3092153657523885 
0.3092130561385203 
0.3092107477595526 
0.30920844061506425 
0.309206134704643 
0.3092038300278812 
0.30920152658438443 
0.30919922437375963 
0.30919692339561944 
0.3091946236495878 
0.3091923251352925 
0.30919002785236704 
0.3091877318004532 
0.309185436979197 
0.3091831433882512 
0.3091808510272724 
0.30917855989592696 
0.3091762699938823 
0.30917398132081414 
0.30917169387640125 
0.3091694076603293 
0.30916712267228835 
0.30916483891197144 
0.3091625563790788 
0.30916027507331606 
0.3091579949943885 
0.30915571614200976 
0.3091534385158981 
0.3091511621157714 
0.30914888694135806 
0.3091466129923834 
0.30914434026858095 
0.3091420687696872 
0.30913979849544065 
0.3091375294455838 
0.30913526161986304 
0.30913299501802777 
0.30913072963982835 
0.3091284654850226 
0.30912620255336454 
0.30912394084461625 
0.3091216803585419 
0.3091194210949053 
0.3091171630534751 
0.3091149062340212 
0.30911265063631604 
0.30911039626013387 
0.3091081431052492 
0.3091058911714426 
0.3091036404584927 
0.30910139096618156 
0.30909914269429045 
0.30909689564260656 
0.3090946498109135 
0.30909240519900033 
0.30909016180665355 
0.3090879196336644 
0.30908567867982395 
0.3090834389449194 
0.3090812004287485 
0.3090789631310997 
0.3090767270517695 
0.3090744921905499 
0.309072258547238 
0.30907002612162643 
0.3090677949135132 
0.3090655649226912 
0.3090633361489579 
0.3090611085921087 
0.30905888225194017 
0.3090566571282454 
0.30905443322082327 
0.3090522105294678 
0.3090499890539745 
0.3090477687941369 
0.3090455497497507 
0.30904333192060823 
0.3090411153065032 
0.3090388999072286 
0.30903668572257514 
0.30903447275233403 
0.3090322609962955 
0.3090300504542484 
0.30902784112598075 
0.30902563301127955 
0.3090234261099302 
0.30902122042171803 
0.30901901594642656 
0.3090168126838355 
0.30901461063372776 
0.30901240979588185 
0.3090102101700756 
0.3090080117560837 
0.30900581455368276 
0.30900361856264214 
0.3090014237827362 
0.30899923021373216 
0.3089970378553993 
0.3089948467075001 
0.30899265676979926 
0.30899046804205793 
0.3089882805240365 
0.3089860942154898 
0.30898390911617435 
0.30898172522584316 
0.30897954254424603 
0.3089773610711315 
0.30897518080624387 
0.3089730017493269 
0.30897082390012404 
0.3089686472583695 
0.3089664718238029 
0.3089642975961544 
0.30896212457515665 
0.3089599527605354 
0.3089577821520166 
0.30895561274932204 
0.3089534445521724 
0.3089512775602828 
0.3089491117733683 
0.3089469471911386 
0.3089447838133011 
0.3089426216395618 
0.30894046066962155 
0.3089383009031779 
0.3089361423399289 
0.30893398497956454 
0.30893182882177334 
0.3089296738662439 
0.3089275201126571 
0.30892536756069083 
0.3089232162100238 
0.3089210660603265 
0.3089189171112686 
0.30891676936251616 
0.30891462281373183 
0.30891247746457307 
0.30891033331469564 
0.30890819036374983 
0.3089060486113872 
0.30890390805725 
0.30890176870097813 
0.30889963054221137 
0.3088974935805809 
0.3088953578157166 
0.3088932232472464 
0.30889108987479136 
0.30888895769797037 
0.30888682671639806 
0.30888469692968384 
0.3088825683374376 
0.3088804409392608 
0.3088783147347536 
0.30887618972351005 
0.30887406590512234 
0.30887194327917833 
0.3088698218452604 
0.3088677016029488 
0.30886558255181984 
0.30886346469144305 
0.30886134802138765 
0.30885923254121495 
0.30885711825048756 
0.30885500514875736 
0.308852893235577 
0.3088507825104938 
0.3088486729730483 
0.308846564622783 
0.30884445745922834 
0.3088423514819177 
0.3088402466903757 
0.30883814308412627 
0.30883604066268455 
0.308833939425564 
0.30883183937227543 
0.30882974050232376 
0.3088276428152088 
0.3088255463104268 
0.3088234509874718 
0.3088213568458294 
0.30881926388498526 
0.30881717210441856 
0.3088150815036015 
0.30881299208200835 
0.3088109038391032 
0.3088088167743483 
0.30880673088720273 
0.30880464617711884 
0.30880256264354344 
0.3088004802859252 
0.30879839910370255 
0.3087963190963108 
0.308794240263183 
0.3087921626037442 
0.30879008611741837 
0.3087880108036245 
0.30878593666177606 
0.3087838636912831 
0.3087817918915485 
0.30877972126197684 
0.3087776518019618 
0.3087755835108969 
0.30877351638816897 
0.30877145043316195 
0.3087693856452546 
0.30876732202382134 
0.3087652595682327 
0.3087631982778528 
0.30876113815204653 
0.30875907919016665 
0.3087570213915683 
0.30875496475559894 
0.3087529092816026 
0.3087508549689189 
0.30874880181688263 
0.3087467498248235 
0.3087446989920698 
0.3087426493179429 
0.30874060080175997 
0.30873855344283396 
0.308736507240474 
0.30873446219398537 
0.30873241830266757 
0.30873037556581684 
0.30872833398272265 
0.3087262935526763 
0.3087242542749585 
0.30872221614884604 
0.3087201791736176 
0.308718143348539 
0.3087161086728769 
0.3087140751458938 
0.3087120427668469 
0.3087100115349872 
0.30870798144956574 
0.30870595250982624 
0.30870392471500674 
0.3087018980643456 
0.308699872557074 
0.3086978481924175 
0.3086958249696017 
0.3086938028878452 
0.3086917819463612 
0.3086897621443616 
0.30868774348105193 
0.30868572595563676 
0.30868370956731106 
0.30868169431527237 
0.30867968019870745 
0.30867766721680395 
0.30867565536874275 
0.30867364465370234 
0.30867163507085416 
0.3086696266193697 
0.30866761929841363 
0.3086656131071475 
0.3086636080447282 
0.30866160411030885 
0.3086596013030397 
0.30865759962206424 
0.30865559906652645 
0.3086535996355608 
0.30865160132830105 
0.3086496041438797 
0.30864760808141845 
0.3086456131400398 
0.3086436193188625 
0.3086416266169992 
0.30863963503356023 
0.30863764456765175 
0.3086356552183759 
0.30863366698483036 
0.30863167986611056 
0.30862969386130656 
0.3086277089695052 
0.30862572518979015 
0.3086237425212397 
0.30862176096293076 
0.3086197805139357 
0.3086178011733196 
0.30861582294015 
0.3086138458134862 
0.30861186979238603 
0.30860989487590235 
0.3086079210630862 
0.3086059483529829 
0.3086039767446338 
0.30860200623707973 
0.3086000368293556 
0.3085980685204935 
0.30859610130952125 
0.30859413519546314 
0.3085921701773418 
0.3085902062541739 
0.3085882434249741 
0.3085862816887545 
0.3085843210445209 
0.3085823614912778 
0.308580403028025 
0.3085784456537614 
0.3085764893674803 
0.30857453416817066 
0.3085725800548214 
0.3085706270264155 
0.3085686750819333 
0.30856672422035214 
0.3085647744406467 
0.3085628257417866 
0.3085608781227409 
0.30855893158247144 
0.3085569861199417 
0.3085550417341069 
0.3085530984239248 
0.3085511561883441 
0.30854921502631444 
0.30854727493678147 
0.3085453359186865 
0.30854339797096936 
0.3085414610925659 
0.30853952528240886 
0.3085375905394281 
0.30853565686255185 
0.30853372425070236 
0.30853179270280223 
0.3085298622177688 
0.30852793279451746 
0.30852600443195904 
0.3085240771290047 
0.3085221508845609 
0.3085202256975301 
0.3085183015668143 
0.30851637849130975 
0.3085144564699137 
0.3085125355015173 
0.308510615585008 
0.30850869671927744 
0.3085067789032056 
0.3085048621356753 
0.3085029464155664 
0.3085010317417537 
0.3084991181131096 
0.3084972055285057 
0.30849529398681214 
0.30849338348689087 
0.308491474027607 
0.30848956560782015 
0.3084876582263885 
0.3084857518821664 
0.3084838465740087 
0.30848194230076237 
0.3084800390612773 
0.30847813685439895 
0.3084762356789689 
0.30847433553382936 
0.3084724364178165 
0.3084705383297677 
0.30846864126851503 
0.30846674523289 
0.308464850221721 
0.3084629562338344 
0.3084610632680537 
0.30845917132320144 
0.3084572803980952 
0.30845539049155607 
0.3084535016023959 
0.308451613729428 
0.3084497268714632 
0.30844784102731043 
0.308445956195774 
0.3084440723756613 
0.3084421895657731 
0.30844030776490805 
0.3084384269718646 
0.3084365471854386 
0.3084346684044243 
0.30843279062761303 
0.3084309138537947 
0.30842903808175737 
0.30842716331028514 
0.30842528953816495 
0.30842341676417506 
0.3084215449870977 
0.3084196742057095 
0.3084178044187881 
0.3084159356251064 
0.308414067823437 
0.3084122010125524 
0.3084103351912196 
0.3084084703582045 
0.3084066065122747 
0.30840474365219184 
0.30840288177671776 
0.30840102088461346 
0.3083991609746361 
0.30839730204554383 
0.3083954440960892 
0.30839358712502557 
0.3083917311311057 
0.3083898761130799 
0.30838802206969435 
0.30838616899969756 
0.3083843169018326 
0.3083824657748455 
0.3083806156174762 
0.3083787664284666 
0.3083769182065548 
0.30837507095047784 
0.3083732246589722 
0.30837137933077163 
0.30836953496461045 
0.308367691559219 
0.30836584911332743 
0.3083640076256651 
0.30836216709495895 
0.3083603275199345 
0.30835848889931755 
0.3083566512318302 
0.30835481451619595 
0.3083529787511323 
0.30835114393536145 
0.3083493100676011 
0.3083474771465672 
0.3083456451709745 
0.30834381413953776 
0.3083419840509724 
0.308340154903988 
0.3083383266972947 
0.30833649942960334 
0.30833467309962165 
0.30833284770605635 
0.30833102324761524 
0.30832919972300094 
0.3083273771309198 
0.30832555547007107 
0.3083237347391604 
0.3083219149368853 
0.30832009606194827 
0.3083182781130447 
0.30831646108887284 
0.3083146449881319 
0.3083128298095136 
0.3083110155517152 
0.3083092022134296 
0.30830738979334876 
0.3083055782901658 
0.30830376770256956 
0.3083019580292511 
0.30830014926889987 
0.30829834142020324 
0.30829653448184846 
0.3082947284525235 
0.3082929233309117 
0.3082911191156998 
0.3082893158055684 
0.30828751339920535 
0.30828571189529097 
0.3082839112925059 
0.3082821115895312 
0.30828031278504864 
0.30827851487773594 
0.3082767178662719 
0.3082749217493351 
0.30827312652560285 
0.30827133219375186 
0.30826953875245827 
0.30826774620039593 
0.30826595453624006 
0.30826416375866617 
0.30826237386634514 
0.3082605848579523 
0.3082587967321576 
0.3082570094876346 
0.3082552231230522 
0.3082534376370834 
0.30825165302839586 
0.30824986929565973 
0.3082480864375445 
0.3082463044527181 
0.3082445233398488 
0.30824274309760336 
0.3082409637246496 
0.30823918521965155 
0.308237407581279 
0.3082356308081943 
0.30823385489906424 
0.30823207985255313 
0.30823030566732523 
0.3082285323420441 
0.308226759875374 
0.30822498826597816 
0.3082232175125177 
0.30822144761365666 
0.30821967856805776 
0.30821791037438084 
0.308216143031289 
0.3082143765374419 
0.30821261089150176 
0.3082108460921289 
0.3082090821379831 
0.30820731902772364 
0.3082055567600119 
0.3082037953335067 
0.30820203474686814 
0.30820027499875235 
0.3081985160878217 
0.3081967580127325 
0.30819500077214457 
0.3081932443647161 
0.3081914887891035 
0.3081897340439662 
0.30818798012796267 
0.3081862270397494 
0.308184474777983 
0.3081827233413223 
0.3081809727284229 
0.30817922293794453 
0.3081774739685411 
0.30817572581887154 
0.3081739784875925 
0.30817223197336024 
0.3081704862748311 
0.3081687413906627 
0.30816699731951064 
0.3081652540600323 
0.308163511610885 
0.3081617699707238 
0.3081600291382044 
0.3081582891119851 
0.3081565498907216 
0.30815481147307133 
0.30815307385769086 
0.3081513370432348 
0.30814960102836203 
0.30814786581172804 
0.30814613139198954 
0.30814439776780306 
0.3081426649378268 
0.3081409329007171 
0.3081392016551317 
0.3081374711997252 
0.308135741533158 
0.3081340126540863 
0.30813228456116576 
0.30813055725305777 
0.30812883072841746 
0.3081271049859031 
0.3081253800241735 
0.30812365584188595 
0.30812193243769986 
0.3081202098102736 
0.308118487958265 
0.3081167668803341 
0.30811504657514044 
0.308113327041342 
0.3081116082775998 
0.3081098902825727 
0.30810817305492105 
0.3081064565933053 
0.30810474089638534 
0.3081030259628236 
0.3081013117912784 
0.3080995983804149 
0.30809788572889096 
0.3080961738353692 
0.30809446269851537 
0.3080927523169866 
0.3080910426894498 
0.30808933381456705 
0.3080876256909994 
0.30808591831741283 
0.3080842116924711 
0.3080825058148385 
0.30808080068317956 
0.3080790962961595 
0.3080773926524438 
0.30807568975069727 
0.30807398758958815 
0.3080722861677806 
0.3080705854839431 
0.30806888553674244 
0.30806718632484575 
0.30806548784692234 
0.30806379010164 
0.3080620930876671 
0.30806039680367336 
0.30805870124832946 
0.30805700642030426 
0.3080553123182695 
0.3080536189408951 
0.3080519262868532 
0.30805023435481566 
0.3080485431434553 
0.30804685265144227 
0.308045162877454 
0.30804347382016173 
0.30804178547824246 
0.30804009785036757 
0.30803841093521483 
0.30803672473145793 
0.3080350392377751 
0.3080333544528421 
0.30803167037533635 
0.30802998700393497 
0.30802830433731804 
0.30802662237416406 
0.3080249411131511 
0.3080232605529612 
0.3080215806922733 
0.3080199015297698 
0.3080182230641307 
0.30801654529403905 
0.3080148682181779 
0.3080131918352311 
0.30801151614388017 
0.3080098411428127 
0.30800816683071214 
0.3080064932062652 
0.3080048202681564 
0.30800314801507506 
0.30800147644570663 
0.3079998055587401 
0.30799813535286463 
0.30799646582676976 
0.3079947969791442 
0.3079931288086806 
0.30799146131406724 
0.30798979449399994 
0.3079881283471681 
0.30798646287226755 
0.30798479806798934 
0.30798313393303073 
0.3079814704660854 
0.3079798076658498 
0.30797814553102126 
0.30797648406029526 
0.3079748232523715 
0.3079731631059485 
0.307971503619725 
0.3079698447924003 
0.30796818662267683 
0.30796652910925393 
0.30796487225083763 
0.3079632160461265 
0.3079615604938271 
0.3079599055926427 
0.3079582513412785 
0.30795659773844103 
0.3079549447828353 
0.30795329247317027 
0.3079516408081535 
0.30794998978649346 
0.30794833940690003 
0.30794668966808325 
0.30794504056875505 
0.3079433921076266 
0.3079417442834099 
0.3079400970948215 
0.30793845054057145 
0.3079368046193776 
0.30793515932995474 
0.30793351467102004 
0.3079318706412896 
0.3079302272394841 
0.30792858446431925 
0.30792694231451784 
0.3079253007887994 
0.3079236598858846 
0.3079220196044973 
0.30792037994335913 
0.3079187409011956 
0.30791710247672993 
0.3079154646686886 
0.30791382747579865 
0.3079121908967861 
0.30791055493037905 
0.30790891957530786 
0.30790728483030266 
0.30790565069409176 
0.30790401716540955 
0.307902384242987 
0.3079007519255561 
0.3078991202118549 
0.3078974891006148 
0.3078958585905747 
0.3078942286804682 
0.30789259936903757 
0.3078909706550178 
0.30788934253714956 
0.3078877150141727 
0.3078860880848294 
0.3078844617478622 
0.30788283600201416 
0.3078812108460298 
0.3078795862786521 
0.30787796229862885 
0.307876338904707 
0.3078747160956335 
0.30787309387015804 
0.30787147222703026 
0.30786985116499876 
0.3078682306828183 
0.3078666107792394 
0.3078649914530171 
0.307863372702904 
0.30786175452765563 
0.30786013692602976 
0.30785851989678387 
0.30785690343867406 
0.30785528755046176 
0.30785367223090504 
0.3078520574787678 
0.3078504432928117 
0.3078488296717987 
0.30784721661449277 
0.30784560411966205 
0.3078439921860679 
0.30784238081248166 
0.30784076999767074 
0.30783915974040216 
0.3078375500394484 
0.30783594089357985 
0.30783433230156826 
0.30783272426218805 
0.3078311167742123 
0.3078295098364175 
0.30782790344757877 
0.30782629760647406 
0.30782469231188275 
0.30782308756258214 
0.3078214833573552 
0.30781987969498026 
0.30781827657424327 
0.3078166739939262 
0.30781507195281327 
0.3078134704496914 
0.30781186948334655 
0.307810269052567 
0.3078086691561405 
0.3078070697928605 
0.30780547096151323 
0.3078038726608945 
0.3078022748897958 
0.3078006776470118 
0.3077990809313394 
0.3077974847415722 
0.30779588907650957 
0.30779429393495056 
0.3077926993156938 
0.30779110521754144 
0.30778951163929386 
0.30778791857975435 
0.30778632603772876 
0.3077847340120207 
0.30778314250143846 
0.30778155150478687 
0.307779961020878 
0.3077783710485181 
0.3077767815865189 
0.30777519263369446 
0.3077736041888568 
0.3077720162508193 
0.3077704288183995 
0.3077688418904123 
0.30776725546567607 
0.307765669543009 
0.307764084121232 
0.307762499199166 
0.30776091477563317 
0.3077593308494578 
0.30775774741946343 
0.30775616448447624 
0.3077545820433237 
0.3077530000948334 
0.30775141863783534 
0.3077498376711599 
0.30774825719363796 
0.30774667720410354 
0.3077450977013906 
0.3077435186843336 
0.30774194015177025 
0.3077403621025368 
0.3077387845354727 
0.30773720744941835 
0.3077356308432152 
0.3077340547157044 
0.30773247906573187 
0.30773090389213936 
0.3077293291937767 
0.3077277549694881 
0.30772618121812395 
0.3077246079385336 
0.3077230351295669 
0.30772146279007684 
0.30771989091891805 
0.3077183195149444 
0.3077167485770112 
0.3077151781039748 
0.30771360809469733 
0.307712038548034 
0.3077104694628491 
0.30770890083800256 
0.3077073326723585 
0.3077057649647816 
0.3077041977141383 
0.30770263091929506 
0.30770106457912083 
0.30769949869248575 
0.30769793325825867 
0.30769636827531477 
0.30769480374252556 
0.30769323965876705 
0.3076916760229137 
0.3076901128338443 
0.30768855009043833 
0.30768698779157294 
0.3076854259361324 
0.3076838645229971 
0.3076823035510528 
0.30768074301918197 
0.3076791829262726 
0.3076776232712129 
0.30767606405289205 
0.30767450527019935 
0.30767294692202596 
0.30767138900726754 
0.3076698315248144 
0.30766827447356654 
0.3076667178524173 
0.3076651616602677 
0.3076636058960158 
0.30766205055856255 
0.3076604956468108 
0.30765894115966363 
0.30765738709602725 
0.30765583345480635 
0.3076542802349084 
0.30765272743524424 
0.3076511750547233 
0.3076496230922565 
0.3076480715467578 
0.30764652041714163 
0.3076449697023228 
0.3076434194012201 
0.3076418695127501 
0.3076403200358332 
0.30763877096939124 
0.307637222312348 
0.3076356740636237 
0.30763412622214736 
0.3076325787868444 
0.30763103175664164 
0.3076294851304714 
0.3076279389072633 
0.30762639308594836 
0.3076248476654613 
0.30762330264473675 
0.3076217580227139 
0.30762021379832577 
0.30761866997051485 
0.3076171265382218 
0.3076155835003881 
0.3076140408559569 
0.3076124986038739 
0.3076109567430838 
0.3076094152725364 
0.30760787419118024 
0.30760633349796473 
0.307604793191844 
0.3076032532717695 
0.3076017137366976 
0.3076001745855834 
0.3075986358173869 
0.307597097431064 
0.30759555942557665 
0.3075940217998874 
0.3075924845529619 
0.3075909476837605 
0.30758941119125355 
0.3075878750744058 
0.3075863393321894 
0.3075848039635734 
0.30758326896753097 
0.30758173434303404 
0.307580200089061 
0.30757866620458485 
0.3075771326885874 
0.3075755995400441 
0.3075740667579414 
0.3075725343412557 
0.30757100228897516 
0.30756947060008416 
0.3075679392735701 
0.30756640830842097 
0.30756487770362595 
0.3075633474581774 
0.30756181757106915 
0.30756028804129354 
0.30755875886784895 
0.3075572300497308 
0.30755570158593964 
0.30755417347547387 
0.3075526457173382 
0.3075511183105333 
0.3075495912540661 
0.30754806454694333 
0.3075465381881706 
0.30754501217676017 
0.3075434865117211 
0.30754196119206756 
0.3075404362168121 
0.30753891158497154 
0.307537387295563 
0.30753586334760497 
0.30753433974011707 
0.3075328164721225 
0.3075312935426428 
0.3075297709507041 
0.3075282486953331 
0.30752672677555715 
0.3075252051904049 
0.3075236839389084 
0.30752216302010094 
0.3075206424330154 
0.30751912217668853 
0.3075176022501566 
0.30751608265245933 
0.30751456338263733 
0.30751304443973 
0.30751152582278457 
0.307510007530844 
0.30750848956295623 
0.3075069719181686 
0.30750545459553114 
0.3075039375940956 
0.3075024209129137 
0.3075009045510432 
0.30749938850753633 
0.30749787278145374 
0.3074963573718543 
0.3074948422777975 
0.3074933274983478 
0.3074918130325681 
0.3074902988795249 
0.30748878503828503 
0.3074872715079179 
0.3074857582874938 
0.30748424537608476 
0.3074827327727648 
0.3074812204766104 
0.3074797084866959 
0.307478196802102 
0.30747668542190976 
0.3074751743451999 
0.3074736635710546 
0.30747215309856163 
0.30747064292680537 
0.3074691330548758 
0.3074676234818633 
0.30746611420685627 
0.3074646052289522 
0.3074630965472444 
0.3074615881608292 
0.3074600800688049 
0.30745857227027085 
0.30745706476432905 
0.30745555755008275 
0.30745405062663667 
0.307452543993097 
0.3074510376485738 
0.307449531592173 
0.30744802582300973 
0.3074465203401942 
0.3074450151428432 
0.3074435102300728 
0.30744200560100166 
0.30744050125474653 
0.3074389971904321 
0.30743749340718 
0.3074359899041156 
0.307434486680365 
0.307432983735056 
0.3074314810673194 
0.30742997867628535 
0.3074284765610866 
0.30742697472086095 
0.3074254731547418 
0.3074239718618694 
0.3074224708413822 
0.3074209700924231 
0.3074194696141347 
0.3074179694056628 
0.30741646946615264 
0.30741496979475397 
0.3074134703906163 
0.30741197125289055 
0.3074104723807317 
0.3074089737732948 
0.3074074754297355 
0.3074059773492132 
0.3074044795308892 
0.30740298197392435 
0.30740148467748374 
0.30739998764073123 
0.30739849086283455 
0.3073969943429648 
0.30739549808028827 
0.30739400207398143 
0.30739250632321613 
0.3073910108271691 
0.3073895155850173 
0.3073880205959418 
0.3073865258591213 
0.3073850313737403 
0.30738353713898203 
0.3073820431540333 
0.3073805494180838 
0.30737905593032055 
0.30737756268993577 
0.30737606969612363 
0.3073745769480791 
0.30737308444499833 
0.3073715921860799 
0.30737010017052385 
0.307368608397532 
0.3073671168663101 
0.30736562557606056 
0.3073641345259927 
0.3073626437153159 
0.30736115314323986 
0.30735966280897603 
0.30735817271174143 
0.30735668285074996 
0.30735519322522187 
0.30735370383437444 
0.30735221467743 
0.30735072575361194 
0.3073492370621448 
0.30734774860225506 
0.30734626037317186 
0.3073447723741258 
0.30734328460434807 
0.30734179706307374 
0.30734030974953636 
0.30733882266297563 
0.307337335802629 
0.30733584916773815 
0.30733436275754705 
0.30733287657129826 
0.30733139060823944 
0.30732990486761913 
0.30732841934868615 
0.30732693405069234 
0.3073254489728917 
0.30732396411454044 
0.30732247947489455 
0.30732099505321453 
0.307319510848757 
0.30731802686078896 
0.30731654308857426 
0.30731505953137717 
0.3073135761884667 
0.3073120930591136 
0.30731061014258837 
0.3073091274381638 
0.3073076449451174 
0.3073061626627244 
0.3073046805902647 
0.3073031987270168 
0.3073017170722672 
0.3073002356252971 
0.3072987543853951 
0.3072972733518462 
0.3072957925239428 
0.30729431190097495 
0.3072928314822372 
0.3072913512670235 
0.30728987125463425 
0.30728839144436415 
0.30728691183551754 
0.3072854324273936 
0.30728395321930163 
0.307282474210543 
0.3072809954004289 
0.3072795167882678 
0.3072780383733739 
0.30727656015505755 
0.30727508213263705 
0.3072736043054286 
0.3072721266727505 
0.3072706492339267 
0.3072691719882768 
0.3072676949351275 
0.3072662180738058 
0.30726474140363796 
0.3072632649239564 
0.3072617886340923 
0.30726031253338054 
0.3072588366211566 
0.3072573608967558 
0.30725588535952236 
0.3072544100087949 
0.30725293484391686 
0.307251459864233 
0.3072499850690927 
0.3072485104578415 
0.30724703602983355 
0.30724556178441875 
0.3072440877209524 
0.30724261383879137 
0.3072411401372939 
0.30723966661581936 
0.3072381932737317 
0.30723672011039066 
0.3072352471251652 
0.30723377431742255 
0.30723230168653104 
0.3072308292318637 
0.3072293569527914 
0.30722788484869196 
0.30722641291893865 
0.3072249411629144 
0.30722346957999724 
0.3072219981695708 
0.30722052693101853 
0.3072190558637283 
0.307217584967086 
0.3072161142404843 
0.3072146436833132 
0.30721317329496706 
0.3072117030748421 
0.307210233022337 
0.30720876313684964 
0.3072072934177809 
0.3072058238645349 
0.30720435447651706 
0.30720288525313383 
0.3072014161937957 
0.3071999472979113 
0.3071984785648942 
0.3071970099941591 
0.30719554158512385 
0.307194073337204 
0.30719260524982234 
0.3071911373223983 
0.3071896695543592 
0.3071882019451296 
0.3071867344941372 
0.30718526720081185 
0.3071838000645855 
0.30718233308489046 
0.3071808662611635 
0.30717939959284163 
0.3071779330793648 
0.3071764667201721 
0.3071750005147087 
0.30717353446241824 
0.30717206856274776 
0.30717060281514674 
0.30716913721906497 
0.30716767177395554 
0.307166206479273 
0.3071647413344735 
0.30716327633901463 
0.30716181149235716 
0.3071603467939638 
0.30715888224329696 
0.3071574178398233 
0.3071559535830119 
0.30715448947232954 
0.3071530255072509 
0.3071515616872467 
0.307150098011794 
0.30714863448036983 
0.3071471710924534 
0.3071457078475255 
0.3071442447450683 
0.3071427817845684 
0.30714131896551444 
0.30713985628739005 
0.3071383937496889 
0.3071369313519039 
0.3071354690935292 
0.30713400697405946 
0.3071325449929949 
0.30713108314983584 
0.30712962144408296 
0.30712815987524184 
0.30712669844281704 
0.30712523714631773 
0.30712377598525087 
0.3071223149591316 
0.3071208540674723 
0.30711939330978744 
0.3071179326855953 
0.30711647219441585 
0.30711501183576845 
0.3071135516091779 
0.3071120915141677 
0.30711063155026663 
0.3071091717170017 
0.30710771201390513 
0.30710625244050915 
0.3071047929963493 
0.30710333368095977 
0.30710187449388093 
0.30710041543465194 
0.30709895650281527 
0.30709749769791606 
0.3070960390194995 
0.30709458046711374 
0.3070931220403093 
0.30709166373863633 
0.30709020556165073 
0.3070887475089055 
0.30708728957996123 
0.3070858317743744 
0.30708437409170886 
0.3070829165315252 
0.30708145909339124 
0.30708000177687217 
0.30707854458153877 
0.30707708750696006 
0.3070756305527108 
0.3070741737183633 
0.3070727170034967 
0.30707126040768745 
0.3070698039305177 
0.307068347571568 
0.3070668913304248 
0.30706543520667157 
0.3070639791998988 
0.3070625233096961 
0.30706106753565393 
0.30705961187736763 
0.3070581563344328 
0.30705670090644555 
0.3070552455930062 
0.3070537903937168 
0.30705233530818016 
0.3070508803360009 
0.3070494254767881 
0.3070479707301493 
0.30704651609569517 
0.307045061573038 
0.3070436071617948 
0.3070421528615807 
0.30704069867201533 
0.30703924459271764 
0.30703779062331094 
0.3070363367634179 
0.30703488301266724 
0.3070334293706862 
0.30703197583710395 
0.30703052241155215 
0.30702906909366545 
0.3070276158830784 
0.3070261627794301 
0.30702470978235913 
0.3070232568915055 
0.3070218041065151 
0.3070203514270321 
0.30701889885270084 
0.30701744638317424 
0.30701599401810103 
0.30701454175713405 
0.3070130895999273 
0.307011637546139 
0.30701018559542503 
0.3070087337474477 
0.3070072820018684 
0.30700583035835066 
0.3070043788165616 
0.30700292737616797 
0.307001476036839 
0.30700002479824773 
0.30699857366006683 
0.3069971226219719 
0.3069956716836385 
0.30699422084474837 
0.3069927701049807 
0.306991319464019 
0.3069898689215472 
0.30698841847725333 
0.3069869681308241 
0.3069855178819518 
0.3069840677303256 
0.3069826176756438 
0.3069811677175991 
0.3069797178558894 
0.3069782680902165 
0.30697681842028035 
0.3069753688457852 
0.3069739193664356 
0.3069724699819398 
0.30697102069200466 
0.30696957149634385 
0.30696812239466875 
0.3069666733866935 
0.30696522447213664 
0.30696377565071425 
0.3069623269221467 
0.3069608782861575 
0.3069594297424705 
0.3069579812908093 
0.3069565329309033 
0.3069550846624817 
0.3069536364852772 
0.3069521883990212 
0.3069507404034485 
0.30694929249829767 
0.30694784468330566 
0.30694639695821474 
0.3069449493227662 
0.30694350177670393 
0.30694205431977584 
0.30694060695172837 
0.30693915967231294 
0.30693771248127893 
0.30693626537838165 
0.30693481836337494 
0.3069333714360181 
0.30693192459606805 
0.306930477843286 
0.30692903117743514 
0.3069275845982792 
0.30692613810558733 
0.3069246916991246 
0.3069232453786616 
0.3069217991439697 
0.3069203529948242 
0.30691890693100027 
0.30691746095227196 
0.3069160150584235 
0.3069145692492322 
0.306913123524481 
0.30691167788395673 
0.3069102323274443 
0.3069087868547303 
0.3069073414656064 
0.3069058961598652 
0.3069044509372995 
0.30690300579770385 
0.3069015607408756 
0.30690011576661563 
0.3068986708747219 
0.30689722606499936 
0.30689578133725137 
0.3068943366912846 
0.306892892126907 
0.3068914476439272 
0.30689000324215954 
0.3068885589214148 
0.3068871146815073 
0.30688567052225685 
0.3068842264434824 
0.30688278244500067 
0.30688133852663646 
0.306879894688216 
0.3068784509295616 
0.3068770072505015 
0.3068755636508666 
0.3068741201304873 
0.30687267668919643 
0.3068712333268289 
0.3068697900432213 
0.30686834683821196 
0.3068669037116406 
0.3068654606633482 
0.30686401769318045 
0.3068625748009806 
0.306861131986597 
0.30685968924987883 
0.306858246590675 
0.30685680400884 
0.3068553615042248 
0.30685391907668896 
0.30685247672608756 
0.3068510344522805 
0.3068495922551287 
0.30684815013449496 
0.30684670809024484 
0.30684526612224305 
0.3068438242303595 
0.3068423824144624 
0.3068409406744237 
0.3068394990101169 
0.3068380574214152 
0.30683661590819894 
0.3068351744703433 
0.30683373310772727 
0.30683229182023863 
0.30683085060775483 
0.3068294094701625 
0.3068279684073521 
0.3068265274192085 
0.3068250865056228 
0.3068236456664877 
0.3068222049016975 
0.30682076421114735 
0.3068193235947336 
0.30681788305235436 
0.3068164425839135 
0.3068150021893112 
0.3068135618684516 
0.30681212162123994 
0.3068106814475839 
0.30680924134739385 
0.306807801320578 
0.3068063613670514 
0.3068049214867257 
0.30680348167951826 
0.3068020419453463 
0.30680060228412875 
0.3067991626957856 
0.3067977231802414 
0.3067962837374169 
0.30679484436724214 
0.30679340506964065 
0.30679196584454427 
0.30679052669188106 
0.3067890876115857 
0.30678764860359203 
0.30678620966783454 
0.3067847708042515 
0.30678333201278163 
0.3067818932933653 
0.3067804546459454 
0.3067790160704659 
0.3067775775668705 
0.3067761391351088 
0.3067747007751283 
0.30677326248687964 
0.3067718242703145 
0.3067703861253877 
0.30676894805205385 
0.3067675100502696 
0.30676607211999296 
0.30676463426118517 
0.3067631964738084 
0.3067617587578235 
0.3067603211131989 
0.3067588835398975 
0.30675744603789123 
0.306756008607146 
0.3067545712476363 
0.30675313395933257 
0.3067516967422117 
0.30675025959624813 
0.3067488225214206 
0.30674738551770764 
0.3067459485850905 
0.3067445117235506 
0.30674307493307396 
0.30674163821364464 
0.30674020156524967 
0.3067387649878784 
0.30673732848152213 
0.3067358920461694 
0.3067344556818164 
0.30673301938845854 
0.30673158316608995 
0.30673014701471035 
0.30672871093431886 
0.30672727492491614 
0.3067258389865073 
0.3067244031190909 
0.30672296732267984 
0.30672153159727694 
0.30672009594289046 
0.3067186603595336 
0.30671722484721675 
0.3067157894059529 
0.3067143540357582 
0.306712918736649 
0.30671148350864175 
0.30671004835175725 
0.3067086132660158 
0.3067071782514383 
0.30670574330805195 
0.30670430843588115 
0.30670287363495224 
0.3067014389052933 
0.3067000042469351 
0.30669856965990866 
0.3066971351442461 
0.3066957006999841 
0.3066942663271565 
0.3066928320258009 
0.3066913977959577 
0.30668996363766443 
0.30668852955096565 
0.3066870955359024 
0.30668566159252125 
0.30668422772086573 
0.3066827939209867 
0.30668136019293135 
0.3066799265367493 
0.30667849295249394 
0.30667705944021884 
0.3066756259999778 
0.3066741926318278 
0.3066727593358267 
0.3066713261120325 
0.3066698929605073 
0.306668459881311 
0.30666702687450964 
0.3066655939401659 
0.30666416107834604 
0.3066627282891202 
0.3066612955725547 
0.3066598629287209 
0.30665843035769136 
0.3066569978595383 
0.30665556543433714 
0.3066541330821625 
0.3066527008030934 
0.3066512685972075 
0.3066498364645875 
0.30664840440531266 
0.3066469724194664 
0.30664554050713266 
0.3066441086683984 
0.3066426769033496 
0.306641245212075 
0.3066398135946646 
0.30663838205120875 
0.3066369505818026 
0.30663551918653725 
0.30663408786550905 
0.30663265661881395 
0.3066312254465505 
0.3066297943488174 
0.30662836332571614 
0.30662693237734884 
0.3066255015038166 
0.30662407070522635 
0.30662263998168365 
0.30662120933329495 
0.30661977876016877 
0.30661834826241563 
0.30661691784014516 
0.30661548749347217 
0.30661405722250895 
0.3066126270273713 
0.30661119690817507 
0.3066097668650371 
0.3066083368980789 
0.3066069070074188 
0.30660547719317865 
0.3066040474554808 
0.3066026177944498 
0.30660118821021093 
0.3065997587028925 
0.3065983292726193 
0.3065968999195221 
0.30659547064373294 
0.30659404144537994 
0.3065926123245994 
0.30659118328152274 
0.306589754316288 
0.30658832542902864 
0.3065868966198859 
0.306585467888997 
0.3065840392365025 
0.30658261066254433 
0.30658118216726676 
0.30657975375081103 
0.3065783254133239 
0.3065768971549514 
0.30657546897584215 
0.30657404087614404 
0.3065726128560076 
0.30657118491558427 
0.30656975705502626 
0.30656832927448713 
0.30656690157412325 
0.30656547395408856 
0.3065640464145408 
0.30656261895563924 
0.30656119157754425 
0.306559764280414 
0.30655833706441266 
0.30655690992970147 
0.306555482876447 
0.3065540559048142 
0.3065526290149679 
0.3065512022070768 
0.30654977548131096 
0.30654834883784005 
0.30654692227683367 
0.30654549579846563 
0.3065440694029092 
0.30654264309033796 
0.30654121686092833 
0.3065397907148575 
0.30653836465230333 
0.30653693867344617 
0.3065355127784625 
0.3065340869675367 
0.30653266124085005 
0.3065312355985872 
0.30652981004093094 
0.30652838456806913 
0.3065269591801864 
0.30652553387747217 
0.30652410866011465 
0.3065226835283034 
0.30652125848223105 
0.30651983352208834 
0.30651840864806923 
0.3065169838603684 
0.3065155591591808 
0.30651413454470217 
0.3065127100171318 
0.3065112855766656 
0.30650986122350543 
0.3065084369578515 
0.30650701277990505 
0.30650558868986894 
0.3065041646879467 
0.3065027407743417 
0.30650131694926497 
0.30649989321291754 
0.30649846956550947 
0.30649704600724964 
0.30649562253834733 
0.30649419915901266 
0.30649277586946155 
0.3064913526699028 
0.3064899295605516 
0.3064885065416233 
0.30648708361333166 
0.30648566077589634 
0.30648423802953356 
0.3064828153744617 
0.3064813928109025 
0.30647997033907365 
0.3064785479591995 
0.30647712567150154 
0.3064757034762042 
0.3064742813735308 
0.30647285936370927 
0.30647143744696226 
0.3064700156235205 
0.3064685938936096 
0.3064671722574615 
0.306465750715305 
0.3064643292673707 
0.3064629079138923 
0.30646148665510314 
0.3064600654912342 
0.30645864442252246 
0.3064572234492035 
0.3064558025715136 
0.30645438178968887 
0.3064529611039714 
0.3064515405145974 
0.3064501200218075 
0.30644869962584426 
0.306447279326948 
0.3064458591253634 
0.3064444390213328 
0.30644301901509985 
0.3064415991069125 
0.3064401792970159 
0.3064387595856571 
0.30643733997308437 
0.3064359204595466 
0.3064345010452928 
0.3064330817305753 
0.30643166251564424 
0.30643024340075226 
0.30642882438615326 
0.30642740547209857 
0.3064259866588464 
0.3064245679466501 
0.30642314933576625 
0.3064217308264531 
0.30642031241896817 
0.3064188941135705 
0.3064174759105185 
0.306416057810075 
0.3064146398124989 
0.3064132219180536 
0.30641180412700075 
0.30641038643960544 
0.3064089688561325 
0.3064075513768445 
0.30640613400200917 
0.3064047167318934 
0.30640329956676393 
0.30640188250688905 
0.3064004655525379 
0.30639904870398077 
0.30639763196148745 
0.3063962153253298 
0.3063947987957796 
0.3063933823731076 
0.30639196605759017 
0.3063905498495004 
0.30638913374911436 
0.3063877177567046 
0.3063863018725515 
0.3063848860969286 
0.30638347043011543 
0.30638205487239084 
0.30638063942403265 
0.306379224085322 
0.3063778088565391 
0.30637639373796494 
0.3063749787298817 
0.3063735638325717 
0.3063721490463183 
0.3063707343714076 
0.3063693198081209 
0.3063679053567463 
0.30636649101756913 
0.3063650767908748 
0.30636366267695253 
0.3063622486760885 
0.3063608347885725 
0.30635942101469477 
0.30635800735474317 
0.30635659380900865 
0.3063551803777852 
0.3063537670613612 
0.30635235386003096 
0.30635094077408576 
0.30634952780382124 
0.30634811494953296 
0.30634670221151367 
0.3063452895900578 
0.30634387708546446 
0.30634246469802956 
0.306341052428049 
0.3063396402758219 
0.30633822824164764 
0.30633681632582527 
0.30633540452865227 
0.30633399285043034 
0.3063325812914618 
0.3063311698520459 
0.30632975853248556 
0.3063283473330845 
0.30632693625414364 
0.3063255252959681 
0.3063241144588616 
0.3063227037431295 
0.30632129314907625 
0.30631988267701 
0.3063184723272348 
0.3063170621000577 
0.3063156519957885 
0.30631424201473273 
0.30631283215719973 
0.3063114224234994 
0.3063100128139408 
0.30630860332883303 
0.30630719396848805 
0.306305784733217 
0.3063043756233298 
0.30630296663914086 
0.30630155778096 
0.3063001490491046 
0.306298740443885 
0.30629733196561365 
0.3062959236146105 
0.3062945153911852 
0.3062931072956561 
0.3062916993283381 
0.30629029148954806 
0.3062888837796037 
0.30628747619882096 
0.3062860687475168 
0.3062846614260132 
0.3062832542346251 
0.3062818471736736 
0.30628044024347634 
0.30627903344435503 
0.3062776267766294 
0.3062762202406215 
0.3062748138366513 
0.30627340756504046 
0.30627200142611083 
0.3062705954201866 
0.30626918954758875 
0.30626778380864156 
0.30626637820366853 
0.3062649727329947 
0.3062635673969424 
0.30626216219583874 
0.30626075713000817 
0.30625935219977646 
0.30625794740547 
0.30625654274741465 
0.3062551382259369 
0.3062537338413643 
0.3062523295940246 
0.30625092548424526 
0.30624952151235635 
0.3062481176786839 
0.30624671398355774 
0.30624531042730696 
0.30624390701026216 
0.30624250373275286 
0.3062411005951092 
0.3062396975976617 
0.30623829474074155 
0.30623689202468074 
0.3062354894498095 
0.3062340870164606 
0.3062326847249659 
0.3062312825756593 
0.3062298805688724 
0.3062284787049382 
0.3062270769841895 
0.30622567540696255 
0.30622427397359003 
0.30622287268440623 
0.3062214715397454 
0.30622007053994305 
0.3062186696853342 
0.30621726897625506 
0.30621586841304 
0.3062144679960258 
0.3062130677255488 
0.3062116676019457 
0.30621026762555237 
0.30620886779670686 
0.3062074681157459 
0.30620606858300803 
0.3062046691988297 
0.30620326996354885 
0.30620187087750544 
0.30620047194103606 
0.30619907315448225 
0.3061976745181795 
0.3061962760324687 
0.30619487769768955 
0.3061934795141811 
0.3061920814822839 
0.3061906836023369 
0.3061892858746809 
0.3061878882996573 
0.3061864908776047 
0.3061850936088645 
0.3061836964937797 
0.3061822995326895 
0.30618090272593657 
0.3061795060738616 
0.3061781095768062 
0.3061767132351124 
0.3061753170491226 
0.30617392101918106 
0.3061725251456265 
0.3061711294288046 
0.30616973386905644 
0.30616833846672464 
0.3061669432221547 
0.3061655481356866 
0.30616415320766643 
0.30616275843843527 
0.3061613638283393 
0.30615996937772144 
0.3061585750869248 
0.30615718095629485 
0.30615578698617346 
0.3061543931769067 
0.3061529995288385 
0.3061516060423146 
0.3061502127176769 
0.306148819555273 
0.3061474265554472 
0.3061460337185432 
0.3061446410449057 
0.30614324853488173 
0.3061418561888163 
0.3061404640070541 
0.30613907198993895 
0.30613768013781834 
0.3061362884510389 
0.3061348969299445 
0.30613350557488095 
0.30613211438619364 
0.30613072336423097 
0.3061293325093359 
0.3061279418218564 
0.3061265513021371 
0.306125160950525 
0.3061237707673659 
0.3061223807530065 
0.3061209909077925 
0.30611960123207066 
0.306118211726187 
0.3061168223904886 
0.30611543322532003 
0.3061140442310299 
0.306112655407963 
0.3061112667564674 
0.306109878276888 
0.30610848996957135 
0.3061071018348667 
0.30610571387311675 
0.306104326084672 
0.30610293846987524 
0.3061015510290755 
0.3061001637626177 
0.3060987766708492 
0.30609738975411765 
0.3060960030127685 
0.3060946164471476 
0.30609323005760236 
0.3060918438444791 
0.30609045780812383 
0.30608907194888363 
0.30608768626710464 
0.3060863007631341 
0.30608491543731653 
0.30608353028999985 
0.30608214532153033 
0.30608076053225236 
0.30607937592251416 
0.3060779914926612 
0.3060766072430383 
0.3060752231739925 
0.3060738392858714 
0.30607245557901797 
0.3060710720537799 
0.30606968871050333 
0.30606830554953224 
0.30606692257121343 
0.3060655397758915 
0.306064157163913 
0.3060627747356237 
0.3060613924913676 
0.3060600104314902 
0.3060586285563377 
0.30605724686625424 
0.3060558653615828 
0.30605448404267266 
0.3060531029098651 
0.3060517219635074 
0.3060503412039412 
0.3060489606315128 
0.30604758024656536 
0.3060462000494451 
0.30604482004049405 
0.3060434402200567 
0.3060420605884768 
0.3060406811460986 
0.30603930189326517 
0.30603792283032044 
0.30603654395760904 
0.30603516527546976 
0.3060337867842513 
0.30603240848429303 
0.3060310303759379 
0.3060296524595297 
0.30602827473541017 
0.30602689720392146 
0.30602551986540594 
0.30602414272020545 
0.30602276576866305 
0.30602138901111897 
0.3060200124479148 
0.30601863607939267 
0.3060172599058937 
0.3060158839277576 
0.3060145081453269 
0.3060131325589421 
0.30601175716894136 
0.3060103819756672 
0.3060090069794595 
0.30600763218065863 
0.306006257579602 
0.30600488317663094 
0.3060035089720836 
0.30600213496630124 
0.30600076115962077 
0.30599938755238143 
0.3059980141449211 
0.3059966409375807 
0.305995267930695 
0.3059938951246036 
0.3059925225196452 
0.3059911501161546 
0.3059897779144695 
0.3059884059149289 
0.30598703411786815 
0.30598566252362347 
0.3059842911325315 
0.3059829199449289 
0.3059815489611505 
0.3059801781815339 
0.3059788076064114 
0.30597743723612014 
0.3059760670709947 
0.30597469711136827 
0.305973327357578 
0.3059719578099558 
0.30597058846883685 
0.30596921933455234 
0.3059678504074387 
0.3059664816878274 
0.3059651131760515 
0.3059637448724429 
0.30596237677733396 
0.30596100889105826 
0.30595964121394587 
0.30595827374632845 
0.3059569064885388 
0.30595553944090503 
0.30595417260375946 
0.30595280597743335 
0.3059514395622544 
0.305950073358554 
0.30594870736666097 
0.30594734158690473 
0.30594597601961304 
0.30594461066511647 
0.30594324552374197 
0.305941880595818 
0.30594051588167237 
0.3059391513816305 
0.30593778709602215 
0.3059364230251722 
0.3059350591694084 
0.3059336955290554 
0.30593233210444054 
0.30593096889588794 
0.30592960590372326 
0.30592824312827216 
0.30592688056985695 
0.3059255182288035 
0.30592415610543583 
0.3059227942000761 
0.30592143251304843 
0.3059200710446761 
0.3059187097952806 
0.3059173487651833 
0.3059159879547083 
0.30591462736417613 
0.3059132669939063 
0.30591190684422126 
0.3059105469154419 
0.30590918720788624 
0.30590782772187636 
0.30590646845772945 
0.3059051094157663 
0.30590375059630476 
0.3059023919996615 
0.3059010336261579 
0.30589967547610825 
0.3058983175498313 
0.3058969598476432 
0.3058956023698607 
0.30589424511680074 
0.3058928880887774 
0.30589153128610674 
0.30589017470910407 
0.30588881835808374 
0.30588746223335833 
0.3058861063352434 
0.30588475066405324 
0.30588339522009683 
0.30588204000369196 
0.30588068501514654 
0.3058793302547753 
0.30587797572288683 
0.30587662141979455 
0.3058752673458087 
0.3058739135012386 
0.30587255988639467 
0.30587120650158683 
0.30586985334712313 
0.3058685004233117 
0.3058671477304613 
0.3058657952688813 
0.3058644430388768 
0.30586309104075515 
0.3058617392748244 
0.30586038774138835 
0.30585903644075446 
0.30585768537322855 
0.30585633453911326 
0.30585498393871385 
0.3058536335723348 
0.3058522834402806 
0.3058509335428517 
0.3058495838803524 
0.3058482344530854 
0.3058468852613516 
0.3058455363054533 
0.3058441875856908 
0.3058428391023643 
0.3058414908557753 
0.30584014284622063 
0.30583879507400374 
0.3058374475394187 
0.3058361002427676 
0.30583475318434583 
0.3058334063644523 
0.3058320597833826 
0.305830713441434 
0.3058293673389032 
0.3058280214760845 
0.3058266758532733 
0.30582533047076416 
0.305823985328852 
0.3058226404278304 
0.3058212957679927 
0.30581995134963125 
0.305818607173038 
0.3058172632385054 
0.3058159195463247 
0.30581457609678675 
0.30581323289018203 
0.3058118899268016 
0.305810547206933 
0.3058092047308675 
0.3058078624988912 
0.30580652051129353 
0.3058051787683629 
0.30580383727038474 
0.30580249601764486 
0.30580115501043315 
0.3057998142490312 
0.30579847373372715 
0.30579713346480514 
0.305795793442546 
0.3057944536672386 
0.30579311413916266 
0.30579177485860215 
0.30579043582583904 
0.30578909704115426 
0.30578775850483114 
0.3057864202171475 
0.3057850821783865 
0.30578374438882494 
0.30578240684874536 
0.3057810695584232 
0.3057797325181392 
0.3057783957281687 
0.30577705918879067 
0.30577572290028115 
0.3057743868629158 
0.30577305107697206 
0.3057717155427229 
0.3057703802604442 
0.3057690452304092 
0.30576771045289297 
0.3057663759281682 
0.30576504165650575 
0.3057637076381793 
0.3057623738734604 
0.30576104036261936 
0.30575970710592776 
0.30575837410365303 
0.30575704135606696 
0.30575570886343817 
0.3057543766260337 
0.30575304464412345 
0.3057517129179735 
0.30575038144784994 
0.30574905023402055 
0.3057477192767511 
0.30574638857630543 
0.30574505813294833 
0.30574372794694415 
0.30574239801855785 
0.3057410683480504 
0.3057397389356864 
0.3057384097817254 
0.3057370808864332 
0.3057357522500641 
0.30573442387288435 
0.30573309575514945 
0.3057317678971224 
0.30573044029906005 
0.3057291129612207 
0.3057277858838621 
0.30572645906724183 
0.3057251325116142 
0.30572380621723705 
0.3057224801843668 
0.3057211544132558 
0.3057198289041618 
0.30571850365733366 
0.30571717867302967 
0.3057158539514997 
0.30571452949299727 
0.305713205297772 
0.3057118813660759 
0.30571055769816113 
0.3057092342942745 
0.30570791115466783 
0.30570658827958763 
0.3057052656692853 
0.3057039433240061 
0.3057026212439967 
0.3057012994295041 
0.30569997788077724 
0.30569865659805673 
0.3056973355815905 
0.3056960148316216 
0.3056946943483943 
0.3056933741321519 
0.3056920541831368 
0.3056907345015895 
0.30568941508775355 
0.30568809594186874 
0.3056867770641753 
0.3056854584549144 
0.30568414011432277 
0.30568282204264113 
0.3056815042401066 
0.30568018670695546 
0.30567886944342637 
0.3056775524497551 
0.30567623572617597 
0.3056749192729267 
0.3056736030902398 
0.3056722871783486 
0.30567097153748923 
0.30566965616789243 
0.30566834106979 
0.305667026243416 
0.3056657116889986 
0.30566439740677076 
0.30566308339696063 
0.3056617696597989 
0.3056604561955121 
0.3056591430043309 
0.30565783008648095 
0.30565651744219113 
0.3056552050716862 
0.30565389297519274 
0.30565258115293553 
0.30565126960513894 
0.30564995833202785 
0.3056486473338255 
0.30564733661075455 
0.30564602616303715 
0.3056447159908957 
0.30564340609454993 
0.3056420964742218 
0.3056407871301307 
0.30563947806249486 
0.305638169271534 
0.30563686075746865 
0.30563555252051217 
0.30563424456088295 
0.305632936878798 
0.3056316294744732 
0.30563032234812315 
0.30562901549996135 
0.3056277089302051 
0.3056264026390653 
0.305625096626754 
0.30562379089348507 
0.30562248543947096 
0.30562118026491975 
0.3056198753700439 
0.3056185707550529 
0.3056172664201566 
0.30561596236556104 
0.30561465859147685 
0.30561335509811055 
0.305612051885669 
0.3056107489543583 
0.30560944630438497 
0.30560814393595276 
0.30560684184926645 
0.3056055400445305 
0.3056042385219461 
0.3056029372817189 
0.3056016363240493 
0.3056003356491386 
0.30559903525718685 
0.3055977351483968 
0.3055964353229648 
0.3055951357810931 
0.3055938365229777 
0.30559253754881666 
0.305591238858809 
0.3055899404531496 
0.30558864233203487 
0.305587344495661 
0.3055860469442212 
0.3055847496779108 
0.30558345269692244 
0.30558215600144967 
0.3055808595916845 
0.30557956346782095 
0.30557826763004653 
0.3055769720785537 
0.30557567681353226 
0.30557438183517094 
0.30557308714366044 
0.30557179273918667 
0.3055704986219377 
0.3055692047921014 
0.3055679112498624 
0.30556661799540746 
0.3055653250289224 
0.30556403235058993 
0.30556273996059635 
0.30556144785912215 
0.3055601560463506 
0.3055588645224653 
0.30555757328764777 
0.3055562823420775 
0.3055549916859352 
0.3055537013194003 
0.30555241124265065 
0.30555112145586844 
0.30554983195922775 
0.3055485427529078 
0.3055472538370828 
0.3055459652119316 
0.3055446768776278 
0.3055433888343483 
0.3055421010822653 
0.30554081362155056 
0.3055395264523817 
0.30553823957492765 
0.3055369529893618 
0.3055356666958544 
0.30553438069457567 
0.3055330949856957 
0.30553180956938564 
0.3055305244458115 
0.3055292396151436 
0.30552795507754743 
0.3055266708331916 
0.30552538688224046 
0.30552410322486123 
0.3055228198612201 
0.3055215367914792 
0.30552025401580174 
0.30551897153435437 
0.3055176893472969 
0.30551640745479314 
0.305515125857003 
0.30551384455408764 
0.30551256354620704 
0.3055112828335227 
0.30551000241619175 
0.3055087222943718 
0.30550744246822287 
0.30550616293790145 
0.30550488370356377 
0.30550360476536564 
0.3055023261234628 
0.3055010477780095 
0.3054997697291613 
0.30549849197706996 
0.3054972145218888 
0.3054959373637716 
0.30549466050286894 
0.3054933839393315 
0.305492107673311 
0.3054908317049561 
0.3054895560344187 
0.30548828066184286 
0.3054870055873809 
0.3054857308111792 
0.3054844563333842 
0.3054831821541424 
0.3054819082735997 
0.3054806346919013 
0.3054793614091904 
0.3054780884256123 
0.3054768157413106 
0.3054755433564277 
0.3054742712711046 
0.3054729994854841 
0.30547172799970657 
0.3054704568139116 
0.30546918592824174 
0.30546791534283213 
0.30546664505782384 
0.30546537507335425 
0.30546410538956065 
0.3054628360065791 
0.30546156692454607 
0.30546029814359965 
0.30545902966386995 
0.3054577614854944 
0.30545649360860627 
0.30545522603333836 
0.3054539587598247 
0.3054526917881944 
0.3054514251185804 
0.3054501587511143 
0.3054488926859247 
0.30544762692314226 
0.3054463614628944 
0.30544509630531197 
0.3054438314505211 
0.30544256689864846 
0.30544130264982317 
0.30544003870416825 
0.3054387750618104 
0.30543751172287475 
0.3054362486874862 
0.305434985955766 
0.30543372352783926 
0.3054324614038278 
0.30543119958385373 
0.30542993806803803 
0.3054286768565007 
0.3054274159493635 
0.3054261553467451 
0.3054248950487635 
0.3054236350555396 
0.30542237536718825 
0.3054211159838285 
0.3054198569055762 
0.3054185981325476 
0.3054173396648579 
0.3054160815026219 
0.3054148236459535 
0.3054135660949674 
0.3054123088497764 
0.30541105191049267 
0.3054097952772279 
0.30540853895009357 
0.30540728292920133 
0.3054060272146599 
0.3054047718065792 
0.3054035167050693 
0.3054022619102383 
0.30540100742219384 
0.30539975324104135 
0.3053984993668904 
0.3053972457998457 
0.3053959925400142 
0.30539473958749813 
0.30539348694240304 
0.30539223460483517 
0.30539098257489394 
0.3053897308526847 
0.30538847943830827 
0.30538722833186593 
0.3053859775334601 
0.3053847270431901 
0.3053834768611552 
0.3053822269874554 
0.3053809774221897 
0.3053797281654562 
0.305378479217351 
0.3053772305779726 
0.3053759822474159 
0.30537473422577777 
0.30537348651315366 
0.30537223910963723 
0.3053709920153243 
0.30536974523030547 
0.30536849875467725 
0.30536725258852887 
0.3053660067319546 
0.30536476118504463 
0.305363515947889 
0.3053622710205795 
0.3053610264032039 
0.30535978209585246 
0.30535853809861263 
0.3053572944115743 
0.3053560510348223 
0.3053548079684444 
0.30535356521252816 
0.3053523227671582 
0.3053510806324185 
0.30534983880839506 
0.3053485972951718 
0.30534735609283165 
0.30534611520145755 
0.3053448746211306 
0.3053436343519354 
0.30534239439395217 
0.30534115474725937 
0.3053399154119398 
0.30533867638807144 
0.30533743767573407 
0.30533619927500705 
0.3053349611859651 
0.3053337234086885 
0.3053324859432536 
0.3053312487897357 
0.3053300119482105 
0.30532877541875453 
0.30532753920144196 
0.30532630329634625 
0.30532506770354084 
0.3053238324230994 
0.3053225974550941 
0.3053213627995954 
0.3053201284566772 
0.30531889442640964 
0.3053176607088627 
0.3053164273041043 
0.3053151942122063 
0.30531396143323564 
0.30531272896726186 
0.30531149681435077 
0.3053102649745704 
0.305309033447989 
0.30530780223466886 
0.30530657133467837 
0.3053053407480809 
0.30530411047494155 
0.3053028805153235 
0.3053016508692901 
0.30530042153690506 
0.3052991925182294 
0.3052979638133263 
0.30529673542225594 
0.3052955073450786 
0.30529427958185484 
0.3052930521326448 
0.3052918249975062 
0.30529059817649895 
0.3052893716696809 
0.305288145477108 
0.3052869195988391 
0.3052856940349293 
0.3052844687854364 
0.30528324385041294 
0.3052820192299167 
0.30528079492400023 
0.305279570932717 
0.30527834725612135 
0.30527712389426764 
0.3052759008472052 
0.3052746781149861 
0.305273455697663 
0.30527223359528544 
0.30527101180790617 
0.3052697903355709 
0.30526856917833256 
0.30526734833623675 
0.3052661278093343 
0.30526490759767 
0.3052636877012944 
0.30526246812025043 
0.30526124885458766 
0.30526002990434903 
0.30525881126958054 
0.30525759295032817 
0.305256374946634 
0.30525515725854335 
0.3052539398860967 
0.30525272282934046 
0.3052515060883141 
0.30525028966305756 
0.3052490735536163 
0.30524785776002766 
0.3052466422823321 
0.3052454271205714 
0.30524421227478143 
0.30524299774500263 
0.30524178353127257 
0.3052405696336304 
0.3052393560521106 
0.30523814278675077 
0.3052369298375876 
0.30523571720465636 
0.3052345048879923 
0.3052332928876299 
0.30523208120360285 
0.3052308698359448 
0.30522965878468983 
0.3052284480498709 
0.305227237631518 
0.3052260275296648 
0.3052248177443412 
0.30522360827557915 
0.30522239912340926 
0.30522119028785927 
0.30521998176895965 
0.30521877356673927 
0.3052175656812258 
0.3052163581124475 
0.30521515086043227 
0.30521394392520496 
0.3052127373067949 
0.30521153100522536 
0.3052103250205232 
0.305209119352714 
0.30520791400182046 
0.30520670896786756 
0.30520550425087845 
0.3052042998508769 
0.3052030957678845 
0.3052018920019245 
0.3052006885530168 
0.3051994854211857 
0.3051982826064481 
0.305197080108827 
0.30519587792834085 
0.30519467606500933 
0.30519347451885204 
0.30519227328988474 
0.3051910723781294 
0.3051898717836001 
0.3051886715063144 
0.3051874715462912 
0.30518627190354375 
0.3051850725780892 
0.3051838735699411 
0.3051826748791162 
0.3051814765056266 
0.3051802784494881 
0.3051790807107138 
0.305177883289314 
0.3051766861853061 
0.30517548939869665 
0.3051742929295001 
0.3051730967777268 
0.3051719009433875 
0.3051707054264927 
0.3051695102270511 
0.3051683153450725 
0.30516712078056657 
0.3051659265335392 
0.30516473260400295 
0.30516353899195964 
0.3051623456974198 
0.30516115272038863 
0.305159960060874 
0.30515876771887945 
0.3051575756944122 
0.3051563839874748 
0.3051551925980737 
0.3051540015262113 
0.3051528107718933 
0.30515162033512067 
0.30515043021589655 
0.3051492404142225 
0.3051480509301024 
0.30514686176353495 
0.3051456729145229 
0.3051444843830664 
0.30514329616916486 
0.3051421082728193 
0.3051409206940259 
0.30513973343278655 
0.30513854648909783 
0.30513735986295826 
0.30513617355436523 
0.30513498756331736 
0.30513380188980677 
0.3051326165338338 
0.3051314314953936 
0.3051302467744799 
0.3051290623710889 
0.30512787828521576 
0.30512669451685204 
0.3051255110659936 
0.3051243279326328 
0.30512314511676386 
0.3051219626183762 
0.3051207804374658 
0.30511959857402043 
0.3051184170280344 
0.3051172357994954 
0.30511605488839666 
0.3051148742947267 
0.3051136940184755 
0.3051125140596316 
0.3051113344181831 
0.3051101550941205 
0.3051089760874305 
0.3051077973980992 
0.3051066190261163 
0.30510544097146697 
0.30510426323413775 
0.3051030858141151 
0.3051019087113828 
0.30510073192592807 
0.3050995554577341 
0.3050983793067858 
0.30509720347306646 
0.30509602795656016 
0.30509485275725 
0.30509367787511904 
0.30509250331014764 
0.30509132906231967 
0.30509015513161547 
0.3050889815180187 
0.305087808221507 
0.3050866352420609 
0.30508546257966246 
0.30508429023429096 
0.305083118205923 
0.3050819464945396 
0.30508077510011905 
0.30507960402263834 
0.30507843326207557 
0.3050772628184087 
0.30507609269161423 
0.3050749228816674 
0.3050737533885461 
0.305072584212224 
0.3050714153526789 
0.3050702468098839 
0.30506907858381455 
0.3050679106744448 
0.3050667430817486 
0.3050655758056985 
0.3050644088462684 
0.3050632422034316 
0.30506207587715894 
0.30506090986742346 
0.3050597441741957 
0.30505857879744963 
0.30505741373715217 
0.30505624899327655 
0.30505508456579195 
0.30505392045466867 
0.3050527566598748 
0.30505159318138075 
0.30505043001915394 
0.3050492671731647 
0.30504810464337895 
0.3050469424297642 
0.3050457805322886 
0.30504461895091894 
0.30504345768562124 
0.30504229673636285 
0.30504113610310735 
0.3050399757858219 
0.3050388157844715 
0.30503765609901984 
0.3050364967294312 
0.3050353376756703 
0.30503417893770185 
0.30503302051548664 
0.30503186240898966 
0.3050307046181732 
0.30502954714299735 
0.3050283899834277 
0.3050272331394226 
0.30502607661094444 
0.30502492039795326 
0.30502376450041085 
0.30502260891827826 
0.3050214536515125 
0.305020298700075 
0.3050191440639236 
0.30501798974301847 
0.30501683573731736 
0.3050156820467779 
0.3050145286713591 
0.3050133756110172 
0.30501222286571006 
0.305011070435394 
0.3050099183200248 
0.30500876651955994 
0.30500761503395596 
0.30500646386316627 
0.30500531300714456 
0.30500416246585016 
0.30500301223923443 
0.3050018623272505 
0.30500071272985485 
0.3049995634469998 
0.30499841447863885 
0.3049972658247246 
0.3049961174852079 
0.30499496946004334 
0.30499382174918094 
0.30499267435257416 
0.3049915272701727 
0.304990380501927 
0.30498923404778766 
0.3049880879077071 
0.3049869420816328 
0.3049857965695159 
0.30498465137130365 
0.3049835064869465 
0.30498236191639394 
0.30498121765959235 
0.30498007371649066 
0.30497893008703664 
0.3049777867711783 
0.3049766437688608 
0.30497550108003285 
0.30497435870464024 
0.3049732166426287 
0.3049720748939438 
0.30497093345853227 
0.30496979233633836 
0.304968651527307 
0.3049675110313827 
0.30496637084851086 
0.30496523097863504 
0.3049640914216988 
0.30496295217764413 
0.30496181324641647 
0.3049606746279575 
0.3049595363222098 
0.3049583983291138 
0.3049572606486136 
0.3049561232806525 
0.3049549862251672 
0.30495384948210347 
0.30495271305139826 
0.30495157693299263 
0.3049504411268295 
0.30494930563284556 
0.3049481704509816 
0.3049470355811772 
0.30494590102337127 
0.30494476677750076 
0.3049436328435062 
0.3049424992213256 
0.30494136591089627 
0.3049402329121544 
0.3049391002250392 
0.3049379678494856 
0.30493683578543374 
0.3049357040328171 
0.30493457259157214 
0.30493344146163587 
0.3049323106429421 
0.30493118013542764 
0.30493004993902706 
0.3049289200536737 
0.304927790479306 
0.30492666121585327 
0.3049255322632521 
0.30492440362143614 
0.30492327529033886 
0.30492214726989003 
0.3049210195600273 
0.30491989216068066 
0.3049187650717815 
0.30491763829326357 
0.3049165118250586 
0.3049153856670971 
0.30491425981931103 
0.3049131342816308 
0.30491200905398586 
0.30491088413630946 
0.3049097595285293 
0.30490863523057665 
0.30490751124238036 
0.3049063875638703 
0.30490526419497516 
0.30490414113562353 
0.30490301838574363 
0.3049018959452662 
0.30490077381411523 
0.3048996519922221 
0.30489853047951254 
0.3048974092759141 
0.3048962883813545 
0.3048951677957604 
0.30489404751905613 
0.30489292755117137 
0.3048918078920301 
0.304890688541557 
0.30488956949968105 
0.30488845076632365 
0.3048873323414121 
0.3048862142248711 
0.30488509641662387 
0.30488397891659547 
0.30488286172471 
0.30488174484089237 
0.30488062826506246 
0.3048795119971468 
0.3048783960370674 
0.30487728038474854 
0.30487616504011006 
0.3048750500030755 
0.30487393527356765 
0.3048728208515075 
0.30487170673681796 
0.30487059292941887 
0.3048694794292314 
0.30486836623617636 
0.3048672533501744 
0.3048661407711481 
0.3048650284990154 
0.3048639165336955 
0.3048628048751102 
0.3048616935231793 
0.304860582477819 
0.30485947173895095 
0.3048583613064936 
0.3048572511803646 
0.3048561413604826 
0.3048550318467667 
0.3048539226391334 
0.3048528137375012 
0.30485170514178783 
0.30485059685190813 
0.3048494888677804 
0.304848381189325 
0.3048472738164519 
0.304846166749082 
0.3048450599871313 
0.3048439535305138 
0.30484284737914563 
0.30484174153294297 
0.30484063599181943 
0.304839530755692 
0.3048384258244751 
0.3048373211980803 
0.3048362168764268 
0.3048351128594254 
0.3048340091469917 
0.30483290573903776 
0.30483180263547804 
0.3048306998362257 
0.30482959734119425 
0.3048284951502951 
0.3048273932634438 
0.30482629168054953 
0.3048251904015265 
0.3048240894262859 
0.30482298875473907 
0.3048218883867997 
0.3048207883223762 
0.30481968856138225 
0.30481858910372833 
0.30481748994932434 
0.3048163910980817 
0.3048152925499111 
0.3048141943047207 
0.3048130963624215 
0.3048119987229262 
0.30481090138614003 
0.30480980435197447 
0.30480870762033874 
0.3048076111911422 
0.30480651506429113 
0.3048054192396981 
0.30480432371726757 
0.3048032284969113 
0.3048021335785349 
0.3048010389620467 
0.30479994464735466 
0.3047988506343654 
0.30479775692298794 
0.3047966635131282 
0.3047955704046928 
0.3047944775975893 
0.3047933850917227 
0.3047922928870007 
0.3047912009833296 
0.3047901093806138 
0.30478901807875963 
0.30478792707767377 
0.30478683637726106 
0.30478574597742575 
0.3047846558780723 
0.30478356607910906 
0.30478247658043744 
0.3047813873819618 
0.3047802984835896 
0.3047792098852216 
0.30477812158676343 
0.30477703358811786 
0.30477594588918816 
0.3047748584898792 
0.3047737713900942 
0.3047726845897355 
0.30477159808870524 
0.3047705118869061 
0.3047694259842429 
0.3047683403806161 
0.30476725507592783 
0.30476617007008117 
0.30476508536297603 
0.3047640009545162 
0.30476291684460166 
0.3047618330331351 
0.3047607495200156 
0.3047596663051469 
0.3047585833884277 
0.30475750076975944 
0.3047564184490414 
0.3047553364261759 
0.3047542547010635 
0.30475317327360024 
0.3047520921436895 
0.3047510113112305 
0.3047499307761222 
0.3047488505382626 
0.30474777059755453 
0.3047466909538932 
0.304745611607179 
0.3047445325573116 
0.30474345380418894 
0.3047423753477079 
0.3047412971877679 
0.3047402193242673 
0.30473914175710365 
0.30473806448617463 
0.30473698751137757 
0.3047359108326097 
0.3047348344497702 
0.3047337583627556 
0.30473268257146163 
0.304731607075784 
0.30473053187562305 
0.3047294569708714 
0.3047283823614288 
0.30472730804719034 
0.30472623402805177 
0.3047251603039079 
0.3047240868746562 
0.3047230137401928 
0.3047219409004118 
0.304720868355209 
0.30471979610448036 
0.30471872414811907 
0.30471765248602156 
0.3047165811180825 
0.3047155100441964 
0.3047144392642566 
0.30471336877815824 
0.30471229858579807 
0.30471122868706624 
0.30471015908185883 
0.3047090897700684 
0.30470802075159026 
0.3047069520263167 
0.3047058835941408 
0.3047048154549573 
0.30470374760865776 
0.30470268005513546 
0.30470161279428465 
0.30470054582599615 
0.3046994791501643 
0.30469841276667986 
0.3046973466754356 
0.3046962808763239 
0.30469521536923794 
0.3046941501540671 
0.3046930852307055 
0.3046920205990428 
0.30469095625897313 
0.3046898922103853 
0.30468882845317136 
0.3046877649872233 
0.3046867018124318 
0.3046856389286865 
0.3046845763358796 
0.3046835140339024 
0.30468245202264266 
0.30468139030199237 
0.30468032887184227 
0.30467926773208215 
0.3046782068826023 
0.304677146323291 
0.3046760860540401 
0.3046750260747381 
0.304673966385274 
0.30467290698553956 
0.304671847875421 
0.3046707890548104 
0.30466973052359475 
0.30466867228166356 
0.3046676143289054 
0.30466655666520964 
0.304665499290465 
0.30466444220455946 
0.3046633854073804 
0.30466232889881906 
0.3046612726787598 
0.3046602167470924 
0.30465916110370633 
0.30465810574848584 
0.3046570506813225 
0.30465599590210035 
0.30465494141070876 
0.3046538872070354 
0.30465283329096704 
0.30465177966239076 
0.3046507263211926 
0.3046496732672616 
0.3046486205004817 
0.304647568020742 
0.30464651582792907 
0.30464546392192854 
0.30464441230262684 
0.3046433609699098 
0.3046423099236652 
0.30464125916377627 
0.30464020869013214 
0.30463915850261697 
0.3046381086011165 
0.3046370589855182 
0.30463600965570437 
0.3046349606115639 
0.30463391185297906 
0.30463286337983736 
0.3046318151920229 
0.30463076728942245 
0.3046297196719183 
0.3046286723393972 
0.3046276252917429 
0.30462657852883945 
0.3046255320505734 
0.3046244858568282 
0.30462343994748914 
0.30462239432243976 
0.304621348981563 
0.3046203039247453 
0.30461925915186805 
0.3046182146628188 
0.3046171704574783 
0.3046161265357316 
0.3046150828974622 
0.30461403954255234 
0.3046129964708871 
0.3046119536823498 
0.30461091117682343 
0.3046098689541907 
0.3046088270143366 
0.3046077853571409 
0.3046067439824882 
0.3046057028902641 
0.3046046620803464 
0.30460362155262 
0.3046025813069695 
0.30460154134327433 
0.30460050166141805 
0.3045994622612845 
0.30459842314275287 
0.3045973843057067 
0.30459634575003075 
0.30459530747560265 
0.3045942694823074 
0.30459323177002545 
0.30459219433863904 
0.3045911571880293 
0.3045901203180792 
0.30458908372866833 
0.304588047419681 
0.3045870113909959 
0.30458597564249595 
0.3045849401740607 
0.30458390498557253 
0.3045828700769136 
0.30458183544796197 
0.3045808010986007 
0.30457976702871015 
0.30457873323817136 
0.30457769972686427 
0.30457666649467047 
0.30457563354146966 
0.3045746008671435 
0.30457356847157036 
0.3045725363546334 
0.3045715045162097 
0.3045704729561829 
0.30456944167443006 
0.3045684106708323 
0.3045673799452696 
0.3045663494976247 
0.30456531932777187 
0.3045642894355951 
0.30456325982097193 
0.30456223048378395 
0.30456120142390863 
0.30456017264122826 
0.3045591441356195 
0.30455811590696347 
0.3045570879551398 
0.3045560602800258 
0.30455503288150143 
0.3045540057594461 
0.3045529789137393 
0.30455195234425964 
0.30455092605088613 
0.30454990003349786 
0.3045488742919723 
0.30454784882619 
0.30454682363603 
0.3045457987213672 
0.30454477408208513 
0.3045437497180593 
0.30454272562916934 
0.3045417018152921 
0.30454067827630765 
0.3045396550120939 
0.3045386320225296 
0.3045376093074908 
0.3045365868668577 
0.304535564700508 
0.30453454280831804 
0.30453352119016847 
0.3045324998459337 
0.304531478775496 
0.3045304579787296 
0.30452943745551525 
0.30452841720572743 
0.30452739722924593 
0.30452637752594747 
0.30452535809571 
0.3045243389384101 
0.30452332005392546 
0.3045223014421333 
0.3045212831029139 
0.3045202650361402 
0.3045192472416915 
0.30451822971944503 
0.30451721246927826 
0.30451619549106684 
0.3045151787846894 
0.3045141623500218 
0.30451314618694136 
0.3045121302953246 
0.30451111467504943 
0.304510099325992 
0.30450908424802936 
0.30450806944103675 
0.3045070549048928 
0.30450604063947245 
0.3045050266446545 
0.30450401292031315 
0.30450299946632525 
0.3045019862825693 
0.3045009733689203 
0.30449996072525365 
0.3044989483514477 
0.3044979362473753 
0.3044969244129181 
0.3044959128479481 
0.3044949015523425 
0.30449389052597714 
0.3044928797687292 
0.3044918692804734 
0.30449085906108647 
0.3044898491104448 
0.30448883942842336 
0.30448783001489954 
0.30448682086974704 
0.3044858119928428 
0.30448480338406236 
0.304483795043282 
0.30448278697037784 
0.30448177916522384 
0.3044807716276974 
0.3044797643576737 
0.30447875735502716 
0.3044777506196337 
0.3044767441513697 
0.3044757379501119 
0.3044747320157316 
0.304473726348109 
0.30447272094711586 
0.3044717158126291 
0.30447071094452305 
0.3044697063426746 
0.30446870200695714 
0.3044676979372477 
0.30446669413342065 
0.3044656905953506 
0.30446468732291504 
0.3044636843159849 
0.3044626815744381 
0.3044616790981508 
0.30446067688699574 
0.3044596749408482 
0.3044586732595833 
0.3044576718430772 
0.3044566706912025 
0.3044556698038372 
0.30445466918085407 
0.30445366882212854 
0.3044526687275342 
0.30445166889694725 
