0.5425039640889133 
0.4946986677017241 
0.4913501241219403 
0.49156563888305105 
0.49201404465574655 
0.4923087931769938 
0.4924552123052756 
0.49250243964989526 
0.4924898264072114 
0.4924429038619605 
0.49237707347190024 
0.4923012943358152 
0.49222065454344954 
0.4921379837793486 
0.49205481718955985 
0.4919719560127187 
0.49188978793102084 
0.49180846780697957 
0.4917280186448911 
0.49164838749910744 
0.49156947614346097 
0.49149115767018475 
0.49141328525271943 
0.4913356965241687 
0.49125821546750625 
0.4911806528493843 
0.4911028057510459 
0.49102445648526233 
0.490945371041152 
0.49086529711589166 
0.4907839617441768 
0.4907010685067005 
0.490616294279044 
0.49052928546744645 
0.4904396536654485 
0.4903469706542909 
0.4902507626599106 
0.49015050377097036 
0.49004560841685635 
0.48993542280435826 
0.48981921522058414 
0.48969616513350334 
0.4895653510694581 
0.4894257373324357 
0.48927615977263816 
0.48911531103956707 
0.4889417261050316 
0.48875376936126264 
0.4885496253407346 
0.4883272961093478 
0.4880846096514287 
0.48781924498285534 
0.4875287809746498 
0.4872107762784165 
0.4868628862181302 
0.4864830176252446 
0.48606951314903224 
0.485621342788254 
0.4851382654364428 
0.48462091395885576 
0.48407076229322743 
0.48348995717003956 
0.4828810353481018 
0.48224658412892873 
0.4815889200728134 
0.48090984969097034 
0.4802105435934856 
0.47949151934787476 
0.4787527035079348 
0.4779935354925713 
0.47721308153706543 
0.4764101383513387 
0.4755833172119514 
0.4747311069959546 
0.4738519187982474 
0.4729441162141244 
0.4720060352869936 
0.4710359974047748 
0.4700323175899377 
0.46899330989617566 
0.467917291063908 
0.4668025831865175 
0.46564751586491565 
0.46445042814399223 
0.4632096704022658 
0.46192360628509044 
0.46059061471805945 
0.45920909200157844 
0.4577774539638303 
0.45629413813352576 
0.4547576058830983 
0.4531663444855213 
0.45151886902215727 
0.4498137240739475 
0.44804948512288806 
0.44622475958443475 
0.4443381873836302 
0.44238844097815266 
0.44037422471994414 
0.4382942734341611 
0.4361473500807221 
0.433932242351717 
0.4316477580504797 
0.4292927191003183 
0.4268659540503786 
0.42436628899423573 
0.4217925369097372 
0.4191434855887023 
0.4164178845817737 
0.41361443197383846 
0.4107317623704325 
0.40776843825486353 
0.40472294789113933 
0.40159371417579354 
0.39837912016949445 
0.3950775582055286 
0.3916875100046598 
0.3882076644119403 
0.384637076326478 
0.3809753643182643 
0.37722293509964544 
0.3733812114901258 
0.36945282963088416 
0.3654417654355271 
0.3613533542447711 
0.3571941836206932 
0.3529718645837678 
0.3486947136874378 
0.34437139737068934 
0.34001059411231516 
0.33562071862196624 
0.33120973153337663 
0.3267850363089506 
0.3223534490640112 
0.3179212194429414 
0.31349408048245303 
0.3090773096740113 
0.30467578924722466 
0.3002940590449583 
0.29593635934785195 
0.2916066635173811 
0.28730870164507355 
0.28304597690793154 
0.2788217763748832 
0.27463917782564634 
0.27050105387773793 
0.2664100744466796 
0.26236870832281206 
0.2583792244460885 
0.2544436932969813 
0.2505639886922357 
0.24674179017279121 
0.24297858609237635 
0.23927567745474207 
0.23563418250166915 
0.2320550420199894 
0.22853902531168482 
0.22508673675476584 
0.22169862287259692 
0.2183749798242617 
0.21511596122738702 
0.21192158622659502 
0.20879174772462591 
0.20572622069858382 
0.202724670530099 
0.19978666128509903 
0.1969116638860215 
0.19409906412639227 
0.19134817048461886 
0.18865822170043572 
0.1860283940836291 
0.18345780853042512 
0.18094553722819293 
0.17849061003392527 
0.1760920205162924 
0.17374873165495178 
0.17145968119425647 
0.16922378665155713 
0.16703994998295732 
0.16490706191172538 
0.16282400592652757 
0.16078966195836508 
0.1588029097464919 
0.15686263190475347 
0.1549677167007043 
0.15311706056057092 
0.1513095703136421 
0.14954416519000768 
0.1478197785857561 
0.14613535960977772 
0.144489874426261 
0.14288230740676755 
0.1413116621055195 
0.1397769620711626 
0.13827725150786596 
0.13681159579814864 
0.13537908189930278 
0.13397881862475988 
0.13260993682116168 
0.13127158945133155 
0.12996295159275062 
0.12868322036055485 
0.12743161476348236 
0.12620737550063915 
0.12500976470636668 
0.12383806564997679 
0.12269158239657335 
0.12156963943468425 
0.12047158127594386 
0.11939677203160841 
0.11834459497025344 
0.11731445206058973 
0.11630576350295839 
0.11531796725269859 
0.11435051853825247 
0.11340288937655707 
0.11247456808798807 
0.11156505881285159 
0.11067388103117823 
0.10980056908734555 
0.10894467172085397 
0.10810575160438969 
0.10728338489013833 
0.10647716076516295 
0.10568668101651352 
0.10491155960661228 
0.10415142225934951 
0.10340590605721592 
0.10267465904971386 
0.10195733987320695 
0.10125361738229516 
0.10056317029274188 
0.09988568683592848 
0.09922086442475153 
0.09856840933085619 
0.09792803637304212 
0.09729946861666783 
0.0966824370838358 
0.09607668047413831 
0.09548194489570935 
0.09489798360632117 
0.09432455676426037 
0.09376143118869495 
0.09320838012924966 
0.09266518304450015 
0.09213162538909325 
0.0916074984091993 
0.0910925989460085 
0.0905867292469821 
0.09008969678457138 
0.08960131408212385 
0.08912139854670571 
0.08864977230856265 
0.08818626206696159 
0.08773069894215381 
0.08728291833320963 
0.08684275978148205 
0.08641006683946416 
0.08598468694481116 
0.08556647129930983 
0.08515527475258035 
0.08475095569030504 
0.08435337592679092 
0.083962400601671 
0.08357789808056691 
0.08319973985953329 
0.08282780047312091 
0.08246195740589213 
0.08210209100723977 
0.08174808440935849 
0.08139982344822809 
0.0810571965874765 
0.08072009484498824 
0.08038841172214209 
0.08006204313555379 
0.07974088735121812 
0.0794248449209381 
0.07911381862094342 
0.07880771339259932 
0.07850643628511371 
0.07820989640015595 
0.07791800483830183 
0.07763067464722603 
0.07734782077156814 
0.07706936000439571 
0.07679521094020206 
0.07652529392936833 
0.07625953103403162 
0.07599784598529881 
0.0757401641417503 
0.07548641244918396 
0.07523651940154094 
0.07499041500297807 
0.07474803073102783 
0.07450929950081481 
0.07427415563027799 
0.07404253480636921 
0.07381437405218187 
0.07358961169498358 
0.073368187335113 
0.07315004181571244 
0.07293511719326523 
0.07272335670891186 
0.07251470476051393 
0.07230910687544241 
0.07210650968406802 
0.07190686089392559 
0.07171010926453417 
0.0715162045828518 
0.07132509763934232 
0.07113674020463902 
0.07095108500678296 
0.07076808570902249 
0.07058769688815549 
0.07040987401339895 
0.07023457342577064 
0.07006175231797081 
0.06989136871474631 
0.06972338145372864 
0.06955775016672952 
0.06939443526148469 
0.06923339790383355 
0.06907460000032314 
0.06891800418122682 
0.06876357378396801 
0.06861127283693569 
0.06846106604368908 
0.06831291876753524 
0.06816679701647531 
0.06802266742850917 
0.06788049725729206 
0.06774025435813269 
0.06760190717432844 
0.06746542472382602 
0.06733077658620625 
0.06719793288997976 
0.06706686430019171 
0.06693754200632601 
0.06680993771050381 
0.06668402361596994 
0.0665597724158615 
0.06643715728225226 
0.06631615185546487 
0.06619673023365089 
0.06607886696262728 
0.06596253702596583 
0.06584771583533204 
0.06573437922106569 
0.06562250342299847 
0.06551206508150528 
0.06540304122878149 
0.06529540928034475 
0.0651891470267524 
0.06508423262553367 
0.0649806445933291 
0.06487836179823511 
0.06477736345234662 
0.06467762910449595 
0.06457913863318072 
0.06448187223967995 
0.06438581044135094 
0.06429093406510446 
0.06419722424105377 
0.06410466239633356 
0.06401323024908498 
0.06392290980260201 
0.06383368333963602 
0.06374553341685532 
0.06365844285945417 
0.0635723947559093 
0.06348737245287975 
0.06340335955024576 
0.06332033989628469 
0.06323829758297778 
0.06315721694144906 
0.0630770825375274 
0.06299787916743249 
0.06291959185358023 
0.06284220584050317 
0.06276570659088594 
0.0626900797817081 
0.06261531130049613 
0.06254138724167757 
0.06246829390303716 
0.062396017782271176 
0.06232454557363539 
0.06225386416468806 
0.06218396063311959 
0.062114822243671916 
0.06204643644514108 
0.061978790867461934 
0.06191187331887061 
0.061845671783146275 
0.061780174416926126 
0.06171536954709228 
0.06165124566822729 
0.06158779144013942 
0.061524995685450716 
0.06146284738724959 
0.06140133568680284 
0.061340449881327204 
0.061280179421818494 
0.061220513910931994 
0.061161443100918936 
0.061102956891612395 
0.06104504532846221 
0.06098769860061537 
0.060930907039044524 
0.06087466111471727 
0.060818951436809224 
0.06076376875095558 
0.06070910393754169 
0.060654948010031934 
0.06060129211333169 
0.060548127522184816 
0.06049544563960273 
0.06044323799532542 
0.06039149624431097 
0.06034021216525447 
0.06028937765913339 
0.060238984747778494 
0.0601890255724704 
0.060139492392558315 
0.06009037758410185 
0.06004167363853335 
0.05999337316134057 
0.05994546887076917 
0.05989795359654149 
0.059850820278594466 
0.05980406196583141 
0.059757671814892534 
0.059711643088934736 
0.05966596915643041 
0.059620643489975755 
0.05957565966511098 
0.059531011359154604 
0.059486692350044744 
0.05944269651519252 
0.05939901783034586 
0.059355650368457955 
0.05931258829856851 
0.05926982588468869 
0.059227357484696604 
0.05918517754923606 
0.05914328062062417 
0.05910166133176202 
0.05906031440505389 
0.059019234651327836 
0.058978416968762847 
0.058937856341821464 
0.058897547840181266 
0.05885748661767734 
0.05881766791124141 
0.05877808703984809 
0.058738739403462 
0.058699620481990095 
0.05866072583423376 
0.058622051096844686 
0.05858359198328411 
0.05854534428278197 
0.05850730385930072 
0.058469466650499166 
0.05843182866670027 
0.05839438598985917 
0.058357134772535436 
0.058320071236865334 
0.05828319167353707 
0.058246492440769716 
0.05820996996329135 
0.05817362073132268 
0.05813744129956068 
0.05810142828616727 
0.05806557837175814 
0.05802988829839647 
0.05799435486858967 
0.05795897494428673 
0.05792374544588336 
0.057888663351227596 
0.057853725694629106 
0.0578189295658752 
0.05778427210924905 
0.057749750522552226 
0.0577153620561341 
0.05768110401192433 
0.05764697374247201 
0.05761296864998962 
0.05757908618540327 
0.05754532384740983 
0.05751167918153862 
0.05747814977922324 
0.05744473327687638 
0.05741142735497643 
0.05737822973715803 
0.057345138189313714 
0.05731215051870193 
0.05727926457306533 
0.0572464782397562 
0.05721378944487376 
0.05718119615240977 
0.0571486963634029 
0.05711628811510717 
0.057083969480166745 
0.05705173856580477 
0.05701959351302287 
0.0569875324958102 
0.05695555372036865 
0.05692365542434528 
0.056891835876081404 
0.056860093373872274 
0.056828426245239524 
0.05679683284621937 
0.05676531156066096 
0.05673386079954244 
0.05670247900029686 
0.05667116462615613 
0.056639916165508 
0.05660873213126689 
0.05657761106026137 
0.05654655151263587 
0.05651555207126746 
0.05648461134119896 
0.05645372794908724 
0.05642290054266656 
0.05639212779022956 
0.05636140838012273 
0.05633074102025797 
0.056300124437641826 
0.056269557377918736 
0.05623903860493291 
0.05620856690030452 
0.05617814106302425 
0.05614775990906089 
0.05611742227098967 
0.056087126997633435 
0.05605687295372143 
0.05602665901956459 
0.05599648409074506 
0.055966347077824795 
0.05593624690606749 
0.055906182515177434 
0.05587615285905372 
0.05584615690556013 
0.055816193636309915 
0.05578626204646681 
0.05575636114455917 
0.055726489952311 
0.055696647504485074 
0.0556668328487432 
0.055637045045517454 
0.055607283167897696 
0.05557754630153037 
0.05554783354453328 
0.055518144007419654 
0.05548847681303811 
0.055458831096522124 
0.05542920600525441 
0.05539960069883923 
0.05537001434908945 
0.05534044614002186 
0.05531089526786441 
0.055281360941073 
0.05525184238035831 
0.05522233881872169 
0.0551928495015004 
0.055163373686421005 
0.055133910643661535 
0.055104459655920646 
0.05507502001849501 
0.055045591039363066 
0.05501617203927618 
0.05498676235185501 
0.05495736132369231 
0.054927968314460764 
0.05489858269702666 
0.054869203857566856 
0.054839831195692204 
0.054810464124571405 
0.05478110207106122 
0.054751744475839845 
0.05472239079354095 
0.054693040492891226 
0.05466369305685097 
0.054634347982754655 
0.05460500478245419 
0.054575662982462324 
0.05454632212409712 
0.0545169817636278 
0.05448764147241843 
0.054458300837074175 
0.054428959459585584 
0.05439961695747219 
0.0543702729639256 
0.054340927127951924 
0.05431157911451185 
0.05428222860466034 
0.0542528752956828 
0.05422351890123144 
0.05419415915145859 
0.05416479579314728 
0.05413542858984076 
0.05410605732196745 
0.054076681786966826 
0.054047301799408615 
0.05401791719111214 
0.05398852781126199 
0.05395913352652055 
0.053929734221137865 
0.053900329797059846 
0.05387092017403157 
0.05384150528969952 
0.05381208509971014 
0.05378265957780555 
0.053753228715918755 
0.05372379252426262 
0.05369435103141926 
0.05366490428442681 
0.05363545234886283 
0.05360599530892687 
0.053576533267519565 
0.05354706634632257 
0.05351759468587449 
0.05348811844564649 
0.05345863780411817 
0.05342915295884968 
0.05339966412655552 
0.053370171543177664 
0.053340675463957384 
0.05331117616350872 
0.05328167393589196 
0.05325216909468776 
0.053222661973071385 
0.05319315292389109 
0.053163642319745325 
0.0531341305530636 
0.05310461803619052 
0.05307510520147027 
0.053045592501336614 
0.05301608040840494 
0.05298656941557022 
0.052957060036106986 
0.052927552803775424 
0.05289804827293304 
0.05286854701865046 
0.05283904963683504 
0.05280955674435978 
0.05278006897919877 
0.05275058700057238 
0.05272111148909638 
0.05269164314694281 
0.05266218269800756 
0.05263273088808777 
0.052603288485068504 
0.052573856279119584 
0.05254443508290224 
0.05251502573178825 
0.05248562908408889 
0.05245624602129531 
0.05242687744833345 
0.052397524293828754 
0.05236818751038606 
0.05233886807488197 
0.052309566988771 
0.05228028527840726 
0.05225102399537865 
0.05222178421685811 
0.052192567045969994 
0.052163373612171535 
0.05213420507164936 
0.052105062607736966 
0.052075947431342494 
0.05204686078139939 
0.05201780392533077 
0.051988778159532775 
0.05195978480987558 
0.051930825232222054 
0.05190190081296478 
0.051873012969582036 
0.0518441631512095 
0.05181535283923516 
0.051786583547906384 
0.051757856824961944 
0.05172917425227708 
0.051700537446529776 
0.05167194805988393 
0.05164340778069096 
0.05161491833420806 
0.05158648148333479 
0.051558099029365284 
0.05152977281275764 
0.051501504713918324 
0.05147329665400221 
0.05144515059572701 
0.051417068544200015 
0.051389052547759585 
0.05136110469882602 
0.051333227134764646 
0.05130542203875649 
0.05127769164067895 
0.05125003821799052 
0.0512224640966225 
0.05119497165187131 
0.05116756330929499 
0.0511402415456056 
0.05111300888956197 
0.05108586792285235 
0.0510588212809747 
0.0510318716541013 
0.05100502178793276 
0.05097827448453389 
0.05095163260314981 
0.050925099060998916 
0.05089867683403833 
0.05087236895769677 
0.05084617852757484 
0.05082010870010242 
0.05079416269315304 
0.050768343786609126 
0.050742655322871255 
0.050717100707309094 
0.050691683408644855 
0.05066640695926596 
0.050641274955460315 
0.05061629105756648 
0.0505914589900323 
0.05056678254137819 
0.050542265564050184 
0.05051791197416616 
0.05049372575113641 
0.05046971093715948 
0.05044587163657933 
0.05042221201509758 
0.05039873629883382 
0.05037544877322209 
0.05035235378173683 
0.05032945572443909 
0.0503067590563326 
0.050284268285523716 
0.05026198797117149 
0.05023992272122407 
0.05021807718992711 
0.050196456075099885 
0.05017506411516889 
0.05015390608594779 
0.05013298679716127 
0.05011231108869882 
0.05009188382659546 
0.05007170989873166 
0.050051794210245984 
0.050032141678653344 
0.0500127572286675 
0.04999364578672284 
0.04997481227518846 
0.04995626160628145 
0.049937998675670024 
0.0499200283557722 
0.049902355488750536 
0.04988498487920667 
0.049867921286581046 
0.049851169417263384 
0.04983473391642529 
0.049818619359580506 
0.04980283024389123 
0.04978737097922949 
0.04977224587901459 
0.049757459150840046 
0.049743014886917944 
0.04972891705435609 
0.04971516948529979 
0.04970177586696138 
0.049688739731571195 
0.049676064446279165 
0.04966375320304202 
0.04965180900853564 
0.04964023467412545 
0.04962903280594086 
0.04961820579509225 
0.04960775580807618 
0.049597684777412644 
0.04958799439256169 
0.04957868609116666 
0.04956976105066984 
0.04956122018035372 
0.049553064113848584 
0.04954529320216183 
0.04953790750727221 
0.04953090679633447 
0.04952429053654358 
0.049518057890695855 
0.04951220771349172 
0.049506738548618645 
0.04950164862664318 
0.049496935863753644 
0.04949259786137223 
0.049488631906664145 
0.04948503497396478 
0.049481803727135475 
0.049478934522859175 
0.04947642341488013 
0.04947426615918668 
0.049472458220127066 
0.04947099477745033 
0.04946987073424942 
0.049469080725783106 
