0.467235002385519	
0.4316107373454011	
0.39191266220421306	
0.3632356945509894	
0.34978522706465404	
0.34299813611315055	
0.3389442568259079	
0.33619800785693366	
0.3341735786866047	
0.33258804276359444	
0.331287746980307	
0.3301822800143168	
0.32921519074153505	
0.3283495011088615	
0.32755996478608723	
0.3268286867602597	
0.32614253262200105	
0.3254915429015116	
0.3248679359688962	
0.32426546506389126	
0.32367899074697565	
0.3231041864960572	
0.32253733401009765	
0.3219751926235838	
0.3214149424268353	
0.32085420091902017	
0.3202911012125925	
0.31972440445366507	
0.31915360968143613	
0.3185790261988072	
0.3180017859686806	
0.3174237910535316	
0.3168476064150148	
0.3162763160888391	
0.31571335987393406	
0.3151623617030423	
0.31462695513776384	
0.31411060975175437	
0.31361646484180267	
0.31314718126575036	
0.31270482473752276	
0.3122907924265848	
0.3119057893188338	
0.311549853438147	
0.31122242220085133	
0.31092242772749146	
0.3106484075046336	
0.31039861793927376	
0.31017114108836147	
0.3099639781453992	
0.309775126362546	
0.30960263856643316	
0.30944466616324723	
0.30929948757729214	
0.30916552456468344	
0.3090413489462309	
0.30892568215192373	
0.3088173896759067	
0.3087154721869028	
0.3086190546790979	
0.30852737471571756	
0.3084397705287835	
0.3083556695003122	
0.3082745773615154	
0.30819606830291874	
0.30811977608294466	
0.3080453861484907	
0.3079726287315484	
0.30790127285517765	
0.3078311211650222	
0.307762005495271	
0.3076937830772729	
0.3076263333026842	
0.30755955495934423	
0.307493363865813	
0.30742769083889576	
0.3073624799368884	
0.30729768692945864	
0.30723327795269895	
0.3071692283149499	
0.30710552142532344	
0.3070421478224772	
0.3069791042861833	
0.30691639301838936	
0.3068540208841101	
0.30679199870535295	
0.30673034060366994	
0.30666906338863603	
0.30660818599089473	
0.30654772893920673	
0.3064877138814165	
0.3064281631494154	
0.30636909936807205	
0.3063105451078561	
0.3062525225804966	
0.30619505337657293	
0.3061381582434858	
0.30608185690181233	
0.30602616789768167	
0.3059711084884713	
0.30591669455891257	
0.3058629405645489	
0.30580985949939304	
0.30575746288470523	
0.3057057607758492	
0.3056547617843453	
0.3056044731124374	
0.30555490059768126	
0.3055060487653441	
0.305457920886619	
0.30541051904092975	
0.30536384418084167	
0.30531789619833516	
0.30527267399139646	
0.3052281755301044	
0.30518439792153373	
0.30514133747298944	
0.30509898975316807	
0.3050573496510084	
0.30501641143203806	
0.3049761687921278	
0.30493661490861085	
0.3048977424887695	
0.30485954381574143	
0.30482201079189153	
0.3047851349797507	
0.3047489076405992	
0.3047133197707987	
0.3046783621359752	
0.3046440253031485	
0.3046102996708939	
0.3045771754976599	
0.3045446429282916	
0.3045126920188677	
0.3044813127599241	
0.3044504950981357	
0.30442022895652326	
0.3043905042532541	
0.30436131091910346	
0.3043326389136208	
0.3043044782400735	
0.3042768189592128	
0.3042496512019131	
0.30422296518074	
0.3041967512004968	
0.3041709996677889	
0.30414570109966216	
0.3041208461313569	
0.30409642552322524	
0.30407243016684865	
0.30404885109041146	
0.3040256794633598	
0.30400290660039625	
0.3039805239648473	
0.30395852317144634	
0.30393689598856	
0.3039156343399154	
0.30389473030584063	
0.30387417612407475	
0.3038539641901654	
0.3038340870574899	
0.3038145374369489	
0.30379530819632183	
0.3037763923593598	
0.30375778310460805	
0.3037394737639999	
0.30372145782123816	
0.30370372890999364	
0.3036862808119395	
0.303669107454637	
0.303652202909299	
0.30363556138843967	
0.3036191772434381	
0.3036030449620179	
0.30358715916566575	
0.30357151460700194	
0.30355610616710543	
0.30354092885281303	
0.3035259777940009	
0.30351124824085596	
0.3034967355611439	
0.3034824352374826	
0.30346834286462776	
0.3034544541467791	
0.30344076489490274	
0.30342727102409073	
0.3034139685509416	
0.30340085359098556	
0.30338792235613854	
0.303375171152209	
0.30336259637643276	
0.3033501945150689	
0.3033379621410277	
0.3033258959115545	
0.3033139925659613	
0.30330224892340535	
0.3032906618807174	
0.3032792284102844	
0.3032679455579763	
0.30325681044112784	
0.30324582024656543	
0.3032349722286885	
0.30322426370759775	
0.30321369206727095	
0.30320325475378873	
0.3031929492736048	
0.303182773191867	
0.3031727241307799	
0.3031627997680129	
0.3031529978351574	
0.3031433161162171	
0.3031337524461515	
0.30312430470945234	
0.30311497083876504	
0.3031057488135449	
0.303096636658757	
0.30308763244361203	
0.30307873428033166	
0.30306994032296164	
0.3030612487662068	
0.3030526578443127	
0.30304416582996163	
0.3030357710332237	
0.30302747180051676	
0.30301926651361066	
0.30301115358865643	
0.30300313147523805	
0.30299519865546165	
0.3029873536430646	
0.30297959498255206	
0.30297192124835765	
0.30296433104403053	
0.3029568230014456	
0.3029493957800338	
0.3029420480660389	
0.3029347785717922	
0.30292758603500897	
0.3029204692181082	
0.302913426907546	
0.3029064579131753	
0.3028995610676158	
0.3028927352256478	
0.30288597926362504	
0.3028792920788948	
0.30287267258924394	
0.3028661197323589	
0.3028596324652946	
0.302853209763966	
0.30284685062265154	
0.3028405540535066	
0.3028343190860962	
0.3028281447669405	
0.302822030159064	
0.3028159743415714	
0.3028099764092229	
0.3028040354720291	
0.3027981506548508	
0.3027923210970183	
0.302786545951948	
0.3027808243867856	
0.3027751555820469	
0.3027695387312682	
0.3027639730406778	
0.3027584577288629	
0.302752992026454	
0.3027475751758114	
0.3027422064307281	
0.30273688505613194	
0.3027316103278028	
0.30272638153209147	
0.3027211979656481	
0.30271605893516323	
0.30271096375710294	
0.30270591175746386	
0.3027009022715291	
0.3026959346436258	
0.3026910082268984	
0.3026861223830814	
0.3026812764822763	
0.3026764699027441	
0.30267170203068944	
0.30266697226005784	
0.3026622799923409	
0.30265762463638163	
0.3026530056081817	
0.3026484223307208	
0.30264387423377626	
0.30263936075374814	
0.3026348813334879	
0.3026304354221305	
0.3026260224749339	
0.3026216419531187	
0.3026172933237136	
0.3026129760594055	
0.30260868963838994	
0.3026044335442279	
0.3026002072657047	
0.3025960102966958	
0.3025918421360252	
0.30258770228734516	
0.30258359025900144	
0.30257950556390756	
0.30257544771942846	
0.30257141624725803	
0.30256741067330256	
0.3025634305275686	
0.3025594753440542	
0.3025555446606346	
0.3025516380189646	
0.3025477549643684	
0.3025438950457442	
0.30254005781546045	
0.30253624282926594	
0.3025324496461922	
0.302528677828461	
0.3025249269413993	
0.30252119655334847	
0.30251748623558095	
0.30251379556221514	
0.30251012411013795	
0.3025064714589235	
0.3025028371907552	
0.30249922089035497	
0.3024956221449039	
0.30249204054397655	
0.30248847567946874	
0.3024849271455311	
0.30248139453850464	
0.3024778774568526	
0.3024743755011018	
0.3024708882737838	
0.3024674153793728	
0.3024639564242316	
0.30246051101655386	
0.3024570787663146	
0.30245365928521517	
0.3024502521866366	
0.3024468570855879	
0.30244347359866464	
0.3024401013439987	
0.30243673994121967	
0.3024333890114129	
0.30243004817707925	
0.3024267170620972	
0.3024233952916886	
0.30242008249238383	
0.3024167782919884	
0.30241348231955356	
0.30241019420534676	
0.30240691358082683	
0.3024036400786158	
0.30240037333247605	
0.3023971129772914	
0.3023938586490466	
0.3023906099848071	
0.30238736662270543	
0.30238412820192734	
0.3023808943627006	
0.30237766474628247	
0.30237443899495475	
0.3023712167520165	
0.3023679976617782	
0.3023647813695643	
0.3023615675217099	
0.3023583557655661	
0.3023551457495006	
0.30235193712290814	
0.3023487295362194	
0.30234552264090825	
0.3023423160895103	
0.30233910953563387	
0.3023359026339826	
0.302332695040372	
0.30232948641175555	
0.30232627640624643	
0.30232306468314696	
0.3023198509029784	
0.30231663472751497	
0.30231341581981497	
0.3023101938442599	
0.302306968466599	
0.30230373935398375	
0.3023005061750192	
0.30229726859980893	
0.3022940263000053	
0.30229077894886525	
0.3022875262213013	
0.3022842677939432	
0.3022810033451986	
0.3022777325553164	
0.30227445510644957	
0.3022711706827299	
0.3022678789703345	
0.30226457965756476	
0.3022612724349183	
0.3022579569951718	
0.30225463303346245	
0.3022513002473725	
0.3022479583370168	
0.302244607005132	
0.30224124595717095	
0.30223787490139553	
0.30223449354897786	
0.3022311016140941	
0.3022276988140332	
0.3022242848692994	
0.3022208595037167	
0.3022174224445414	
0.30221397342257506	
0.3022105121722723	
0.30220703843186175	
0.3022035519434621	
0.30220005245320075	
0.3021965397113368	
0.30219301347238264	
0.30218947349523034	
0.3021859195432762	
0.30218235138455035	
0.30217876879184286	
0.302175171542838	
0.30217155942024143	
0.302167932211915	
0.302164289711009	
0.30216063171609575	
0.3021569580313048	
0.30215326846645474	
0.3021495628371935	
0.3021458409651256	
0.3021421026779566	
0.3021383478096166	
0.3021345762004062	
0.30213078769712165	
0.3021269821531894	
0.3021231594288027	
0.3021193193910482	
0.3021154619140361	
0.3021115868790288	
0.30210769417456823	
0.30210378369660085	
0.3020998553485971	
0.3020959090416764	
0.3020919446947224	
0.30208796223449913	
0.3020839615957614	
0.30207994272136846	
0.30207590556238756	
0.3020718500781981	
0.30206777623658987	
0.3020636840138584	
0.30205957339489997	
0.3020554443732945	
0.30205129695139127	
0.3020471311403877	
0.3020429469604026	
0.3020387444405447	
0.3020345236189771	
0.30203028454297937	
0.30202602726899225	
0.302021751862677	
0.30201745839895067	
0.30201314696202236	
0.3020088176454269	
0.30200447055205	
0.3020001057941395	
0.30199572349333076	
0.3019913237806366	
0.3019869067964608	
0.30198247269058026	
0.301978021622137	
0.30197355375961593	
0.30196906928081835	
0.30196456837282387	
0.30196005123195513	
0.3019555180637248	
0.3019509690827839	
0.30194640451285826	
0.3019418245866822	
0.3019372295459189	
0.3019326196410803	
0.30192799513143925	
0.3019233562849303	
0.301918703378048	
0.3019140366957374	
0.3019093565312765	
0.30190466318615644	
0.3018999569699489	
0.3018952382001704	
0.3018905072021427	
0.3018857643088426	
0.30188100986074823	
0.30187624420567827	
0.3018714676986281	
0.30186668070159556	
0.3018618835834063	
0.30185707671953005	
0.3018522604918941	
0.3018474352886903	
0.3018426015041779	
0.30183775953848463	
0.30183290979739635	
0.30182805269214963	
0.30182318863921803	
0.30181831806009257	
0.30181344138106286	
0.30180855903298853	
0.301803671451076	
0.30179877907464486	
0.3017938823468971	
0.3017889817146779	
0.3017840776282412	
0.30177917054101017	
0.3017742609093329	
0.3017693491922426	
0.3017644358512118	
0.3017595213499092	
0.30175460615395094	
0.3017496907306573	
0.3017447755488053	
0.3017398610783812	
0.3017349477903357	
0.3017300361563374	
0.3017251266485254	
0.3017202197392708	
0.30171531590092554	
0.30171041560558637	
0.30170551932485146	
0.3017006275295855	
0.30169574068967536	
0.3016908592738036	
0.301685983749211	
0.30168111458146935	
0.30167625223425226	
0.30167139716911345	
0.3016665498452644	
0.3016617107193559	
0.30165688024526444	
0.30165205887388075	
0.301647247052905	
0.30164244522663997	
0.30163765383579444	
0.3016328733172875	
0.3016281041040576	
0.3016233466248768	
0.3016186013041684	
0.30161386856182804	
0.3016091488130576	
0.3016044424681898	
0.30159974993253	
0.3015950716061983	
0.3015904078839773	
0.30158575915516345	
0.301581125803425	
0.3015765082066681	
0.3015719067368999	
0.3015673217601101	
0.30156275363614526	
0.30155820271859346	
0.3015536693546778	
0.30154915388515025	
0.301544656644194	
0.30154017795933075	
0.3015357181513316	
0.3015312775341393	
0.3015268564147856	
0.3015224550933286	
0.3015180738627794	
0.30151371300904706	
0.3015093728108858	
0.30150505353983986	
0.3015007554602052	
0.3014964788289915	
0.3014922238958843	
0.3014879909032207	
0.3014837800859707	
0.3014795916717103	
0.3014754258806176	
0.301471282925459	
0.3014671630115921	
0.30146306633696224	
0.3014589930921151	
0.3014549434602022	
0.3014509176170015	
0.30144691573093446	
0.30144293796309235	
0.3014389844672669	
0.30143505538997817	
0.3014311508705161	
0.3014272710409806	
0.301423416026324	
0.30141958594440205	
0.301415780906025	
0.30141200101501187	
0.3014082463682507	
0.3014045170557611	
0.3014008131607564	
0.3013971347597136	
0.3013934819224471	
0.30138985471217616	
0.3013862531856075	
0.3013826773930095	
0.30137912737829525	
0.3013756031791068	
0.30137210482690013	
0.30136863234703337	
0.3013651857588537	
0.30136176507579315	
0.3013583703054588	
0.3013550014497276	
0.30135165850484313	
0.3013483414615145	
0.30134505030501	
0.30134178501526476	
0.3013385455669749	
0.30133533192970097	
0.30133214406797415	
0.3013289819413934	
0.30132584550473474	
0.3013227347080522	
0.30131964949678397	
0.3013165898118583	
0.3013135555897969	
0.3013105467628213	
0.30130756325895935	
0.3013046050021493	
0.3013016719123445	
0.3012987639056219	
0.30129588089428344	
0.30129302278696174	
0.30129018948872277	
0.30128738090117485	
0.30128459692256426	
0.3012818374478824	
0.30127910236896677	
0.3012763915745998	
0.3012737049506133	
0.3012710423799822	
0.30126840374292796	
0.30126578891701367	
0.30126319777723964	
0.3012606301961408	
0.3012580860438796	
0.30125556518833985	
0.3012530674952183	
0.301250592828117	
0.3012481410486289	
0.30124571201643013	
0.3012433055893663	
0.3012409216235344	
0.3012385599733735	
0.30123622049174265	
0.3012339030300032	
0.3012316074381	
0.3012293335646413	
0.3012270812569721	
0.30122485036125574	
0.3012226407225409	
0.30122045218484095	
0.3012182845912028	
0.3012161377837775	
0.30121401160388556	
0.3012119058920896	
0.30120982048825473	
0.30120775523161586	
0.3012057099608379	
0.3012036845140782	
0.3012016787290455	
0.30119969244305966	
0.30119772549310503	
0.3011957777158883	
0.3011938489478906	
0.301191939025422	
0.30119004778466946	
0.3011881750617478	
0.3011863206927477	
0.30118448451378355	
0.3011826663610356	
0.3011808660707962	
0.30117908347951283	
0.30117731842382695	
0.30117557074061585	
0.3011738402670314	
0.30117212684053474	
0.3011704302989367	
0.30116875048043007	
0.3011670872236196	
0.3011654403675632	
0.3011638097517965	
0.30116219521636406	
0.30116059660184874	
0.3011590137493998	
0.301157446500761	
0.3011558946982914	
0.30115435818499736	
0.3011528368045478	
0.3011513304013038	
0.3011498388203349	
0.30114836190744243	
0.30114689950918	
0.301145451472868	
0.3011440176466152	
0.30114259787933395	
0.30114119202075706	
0.30113979992144946	
0.30113842143282993	
0.30113705640717503	
0.3011357046976386	
0.3011343661582616	
0.30113304064398233	
0.301131728010648	
0.3011304281150247	
0.30112914081480535	
0.3011278659686159	
0.30112660343602926	
0.3011253530775656	
0.301124114754702	
0.30112288832987943	
0.30112167366650355	
0.3011204706289548	
0.3011192790825878	
0.30111809889373786	
0.3011169299297209	
0.3011157720588423	
0.30111462515039	
0.3011134890746447	
0.3011123637028739	
0.30111124890733837	
0.3011101445612864	
0.3011090505389609	
0.3011079667155932	
0.3011068929674043	
0.30110582917160283	
0.30110477520638373	
0.3011037309509286	
0.3011026962853973	
0.30110167109093483	
0.30110065524965707	
0.30109964864465855	
0.3010986511600003	
